Mode;CPUs;Parallel;WorkerBatch;LearningRate;WorkerSetupTime;EpochElapsedTime;EpochLines;TotalElapsedTime;TotalLines;Correct;Incorrect
train;4;2;100;0.1000000000;0.0006103420;82.5504854330;60000;82.5504854330;60000;;
train;4;2;100;0.1000000000;0.0005049210;76.1610895100;60000;158.7115749430;120000;;
train;4;2;100;0.1000000000;0.0006370190;78.9951783780;60000;237.7067533210;180000;;
train;4;2;100;0.1000000000;0.0004921040;79.4411969560;60000;317.1479502770;240000;;
train;4;2;100;0.1000000000;0.0006372060;77.4735661960;60000;394.6215164730;300000;;
train;4;2;100;0.1000000000;0.0006689540;79.4731568820;60000;474.0946733550;360000;;
train;4;2;100;0.1000000000;0.0004859360;81.2129183360;60000;555.3075916910;420000;;
train;4;2;100;0.1000000000;0.0006256400;78.1172149230;60000;633.4248066140;480000;;
train;4;2;100;0.1000000000;0.0004826780;81.6846941260;60000;715.1095007400;540000;;
train;4;2;100;0.1000000000;0.0006361970;76.6008301480;60000;791.7103308880;600000;;
train;4;2;100;0.1000000000;0.0006557040;78.6056049240;60000;870.3159358120;660000;;
train;4;2;100;0.1000000000;0.0006388070;81.1544071640;60000;951.4703429760;720000;;
train;4;2;100;0.1000000000;0.0006468240;82.5611933510;60000;1034.0315363270;780000;;
train;4;2;100;0.1000000000;0.0006546260;81.4162862010;60000;1115.4478225280;840000;;
train;4;2;100;0.1000000000;0.0006604040;78.9818630510;60000;1194.4296855790;900000;;
train;4;2;100;0.1000000000;0.0006656760;78.7261192840;60000;1273.1558048630;960000;;
train;4;2;100;0.1000000000;0.0006313850;73.5543389960;60000;1346.7101438590;1020000;;
train;4;2;100;0.1000000000;0.0006394490;78.5594370680;60000;1425.2695809270;1080000;;
train;4;2;100;0.1000000000;0.0006735120;74.4257706150;60000;1499.6953515420;1140000;;
train;4;2;100;0.1000000000;0.0004946770;80.7847206250;60000;1580.4800721670;1200000;;
train;4;2;100;0.1000000000;0.0006192580;77.1112276860;60000;1657.5912998530;1260000;;
train;4;2;100;0.1000000000;0.0006587310;79.8038902440;60000;1737.3951900970;1320000;;
train;4;2;100;0.1000000000;0.0006283570;79.7953682770;60000;1817.1905583740;1380000;;
train;4;2;100;0.1000000000;0.0006656460;82.4628466460;60000;1899.6534050200;1440000;;
train;4;2;100;0.1000000000;0.0006379770;79.9798264460;60000;1979.6332314660;1500000;;
train;4;2;100;0.1000000000;0.0006386210;81.5498385450;60000;2061.1830700110;1560000;;
train;4;2;100;0.1000000000;0.0006639140;82.3997143450;60000;2143.5827843560;1620000;;
train;4;2;100;0.1000000000;0.0006516120;85.1685846350;60000;2228.7513689910;1680000;;
train;4;2;100;0.1000000000;0.0006303180;82.5614221090;60000;2311.3127911000;1740000;;
train;4;2;100;0.1000000000;0.0008176030;80.2426476760;60000;2391.5554387760;1800000;;
train;4;2;100;0.1000000000;0.0004867750;78.4226116530;60000;2469.9780504290;1860000;;
train;4;2;100;0.1000000000;0.0006431940;81.0805671100;60000;2551.0586175390;1920000;;
train;4;2;100;0.1000000000;0.0012748620;82.4141439590;60000;2633.4727614980;1980000;;
train;4;2;100;0.1000000000;0.0006509500;81.8256833860;60000;2715.2984448840;2040000;;
train;4;2;100;0.1000000000;0.0006405660;81.6193052060;60000;2796.9177500900;2100000;;
train;4;2;100;0.1000000000;0.0006599010;76.2826661870;60000;2873.2004162770;2160000;;
train;4;2;100;0.1000000000;0.0006628450;81.2046632100;60000;2954.4050794870;2220000;;
train;4;2;100;0.1000000000;0.0006472010;77.2039907550;60000;3031.6090702420;2280000;;
train;4;2;100;0.1000000000;0.0006308740;83.3724305100;60000;3114.9815007520;2340000;;
train;4;2;100;0.1000000000;0.0006286990;80.3660218550;60000;3195.3475226070;2400000;;
train;4;2;100;0.1000000000;0.0006203600;80.8270484720;60000;3276.1745710790;2460000;;
train;4;2;100;0.1000000000;0.0006085380;77.7385174730;60000;3353.9130885520;2520000;;
train;4;2;100;0.1000000000;0.0007443780;81.2083535600;60000;3435.1214421120;2580000;;
train;4;2;100;0.1000000000;0.0007205630;80.8699372320;60000;3515.9913793440;2640000;;
train;4;2;100;0.1000000000;0.0006540260;80.3516790070;60000;3596.3430583510;2700000;;
train;4;2;100;0.1000000000;0.0004712680;81.7334077620;60000;3678.0764661130;2760000;;
train;4;2;100;0.1000000000;0.0006631230;82.4406967350;60000;3760.5171628480;2820000;;
train;4;2;100;0.1000000000;0.0007099270;81.8649577760;60000;3842.3821206240;2880000;;
train;4;2;100;0.1000000000;0.0004962140;79.5403676040;60000;3921.9224882280;2940000;;
train;4;2;100;0.1000000000;0.0006537520;80.7993605140;60000;4002.7218487420;3000000;;
test;4;2;100;0.1000000000;0.0006509800;23.2643093350;60000;4002.7218487420;3000000;58571;1429
test;4;2;100;0.1000000000;0.0007168060;4.7347909940;10000;4002.7218487420;3000000;9657;343
train;4;2;100;0.1000000000;0.0006438020;79.8584539480;60000;4082.5803026900;3060000;;
train;4;2;100;0.1000000000;0.0004670330;77.6931607140;60000;4160.2734634040;3120000;;
train;4;2;100;0.1000000000;0.0006111210;75.4563253050;60000;4235.7297887090;3180000;;
train;4;2;100;0.1000000000;0.0006387010;76.1984649770;60000;4311.9282536860;3240000;;
train;4;2;100;0.1000000000;0.0006031480;75.8663669890;60000;4387.7946206750;3300000;;
train;4;2;100;0.1000000000;0.0004670700;76.1604475410;60000;4463.9550682160;3360000;;
train;4;2;100;0.1000000000;0.0006269250;77.2635841210;60000;4541.2186523370;3420000;;
train;4;2;100;0.1000000000;0.0004836170;78.8117676100;60000;4620.0304199470;3480000;;
train;4;2;100;0.1000000000;0.0006034710;73.6339543960;60000;4693.6643743430;3540000;;
train;4;2;100;0.1000000000;0.0006150410;76.5781299380;60000;4770.2425042810;3600000;;
train;4;2;100;0.1000000000;0.0006410590;76.8749089050;60000;4847.1174131860;3660000;;
train;4;2;100;0.1000000000;0.0005992000;76.0501963130;60000;4923.1676094990;3720000;;
train;4;2;100;0.1000000000;0.0006213560;71.3084826900;60000;4994.4760921890;3780000;;
train;4;2;100;0.1000000000;0.0006333860;77.6648241900;60000;5072.1409163790;3840000;;
train;4;2;100;0.1000000000;0.0004696530;78.2258623990;60000;5150.3667787780;3900000;;
train;4;2;100;0.1000000000;0.0004772250;75.3882969370;60000;5225.7550757150;3960000;;
train;4;2;100;0.1000000000;0.0006390430;76.8164926760;60000;5302.5715683910;4020000;;
train;4;2;100;0.1000000000;0.0004643700;75.0903028590;60000;5377.6618712500;4080000;;
train;4;2;100;0.1000000000;0.0007595570;75.7263241250;60000;5453.3881953750;4140000;;
train;4;2;100;0.1000000000;0.0004737710;72.1437555780;60000;5525.5319509530;4200000;;
train;4;2;100;0.1000000000;0.0006633200;78.8046022890;60000;5604.3365532420;4260000;;
train;4;2;100;0.1000000000;0.0006042700;75.7960332480;60000;5680.1325864900;4320000;;
train;4;2;100;0.1000000000;0.0006579390;74.3796891460;60000;5754.5122756360;4380000;;
train;4;2;100;0.1000000000;0.0010952010;76.5355250020;60000;5831.0478006380;4440000;;
train;4;2;100;0.1000000000;0.0004609830;76.3817102050;60000;5907.4295108430;4500000;;
train;4;2;100;0.1000000000;0.0004645150;77.4590966100;60000;5984.8886074530;4560000;;
train;4;2;100;0.1000000000;0.0004661860;78.4077493280;60000;6063.2963567810;4620000;;
train;4;2;100;0.1000000000;0.0006334520;78.9479636410;60000;6142.2443204220;4680000;;
train;4;2;100;0.1000000000;0.0006360100;77.0905396470;60000;6219.3348600690;4740000;;
train;4;2;100;0.1000000000;0.0006354390;76.1638325540;60000;6295.4986926230;4800000;;
train;4;2;100;0.1000000000;0.0006359880;75.5828423250;60000;6371.0815349480;4860000;;
train;4;2;100;0.1000000000;0.0006301360;77.8714801300;60000;6448.9530150780;4920000;;
train;4;2;100;0.1000000000;0.0008015470;76.4700507440;60000;6525.4230658220;4980000;;
train;4;2;100;0.1000000000;0.0006369480;78.9016979260;60000;6604.3247637480;5040000;;
train;4;2;100;0.1000000000;0.0004694940;77.3771314210;60000;6681.7018951690;5100000;;
train;4;2;100;0.1000000000;0.0006387980;74.8193965940;60000;6756.5212917630;5160000;;
train;4;2;100;0.1000000000;0.0006434550;77.0792529740;60000;6833.6005447370;5220000;;
train;4;2;100;0.1000000000;0.0004665660;78.1335428860;60000;6911.7340876230;5280000;;
train;4;2;100;0.1000000000;0.0004782370;76.8556138640;60000;6988.5897014870;5340000;;
train;4;2;100;0.1000000000;0.0006330200;80.4464614970;60000;7069.0361629840;5400000;;
train;4;2;100;0.1000000000;0.0004690660;78.2554328200;60000;7147.2915958040;5460000;;
train;4;2;100;0.1000000000;0.0004791190;77.1641610530;60000;7224.4557568570;5520000;;
train;4;2;100;0.1000000000;0.0004883150;77.2715488210;60000;7301.7273056780;5580000;;
train;4;2;100;0.1000000000;0.0004977400;77.8264109470;60000;7379.5537166250;5640000;;
train;4;2;100;0.1000000000;0.0006232240;76.4825316190;60000;7456.0362482440;5700000;;
train;4;2;100;0.1000000000;0.0006190840;78.8095586430;60000;7534.8458068870;5760000;;
train;4;2;100;0.1000000000;0.0006165200;80.5292881790;60000;7615.3750950660;5820000;;
train;4;2;100;0.1000000000;0.0006509720;79.8144013670;60000;7695.1894964330;5880000;;
train;4;2;100;0.1000000000;0.0004969810;77.4391120960;60000;7772.6286085290;5940000;;
train;4;2;100;0.1000000000;0.0006605030;75.8292888830;60000;7848.4578974120;6000000;;
test;4;2;100;0.1000000000;0.0006162250;22.8032050450;60000;7848.4578974120;6000000;59268;732
test;4;2;100;0.1000000000;0.0006309780;3.1402272910;10000;7848.4578974120;6000000;9701;299
