Mode;CPUs;Parallel;WorkerBatch;LearningRate;WorkerSetupTime;EpochElapsedTime;EpochLines;TotalElapsedTime;TotalLines;Correct;Incorrect
train;4;1;100;0.1000000000;0.0012348040;95.7640971570;60000;95.7640971570;60000;;
train;4;1;100;0.1000000000;0.0003761610;96.4746466980;60000;192.2387438550;120000;;
train;4;1;100;0.1000000000;0.0004157280;98.4952539230;60000;290.7339977780;180000;;
train;4;1;100;0.1000000000;0.0002822890;99.3971261530;60000;390.1311239310;240000;;
train;4;1;100;0.1000000000;0.0002964630;99.1776069040;60000;489.3087308350;300000;;
train;4;1;100;0.1000000000;0.0002936000;100.1266603370;60000;589.4353911720;360000;;
train;4;1;100;0.1000000000;0.0003034560;100.1675038280;60000;689.6028950000;420000;;
train;4;1;100;0.1000000000;0.0003079470;100.2672760080;60000;789.8701710080;480000;;
train;4;1;100;0.1000000000;0.0003000840;99.5594842290;60000;889.4296552370;540000;;
train;4;1;100;0.1000000000;0.0003001500;101.9166541160;60000;991.3463093530;600000;;
train;4;1;100;0.1000000000;0.0003108580;100.8883339250;60000;1092.2346432780;660000;;
train;4;1;100;0.1000000000;0.0004271640;101.9350131620;60000;1194.1696564400;720000;;
train;4;1;100;0.1000000000;0.0003092160;102.2042517190;60000;1296.3739081590;780000;;
train;4;1;100;0.1000000000;0.0003098220;100.9743844590;60000;1397.3482926180;840000;;
train;4;1;100;0.1000000000;0.0004125630;102.0977441710;60000;1499.4460367890;900000;;
train;4;1;100;0.1000000000;0.0003371950;101.3026301120;60000;1600.7486669010;960000;;
train;4;1;100;0.1000000000;0.0003133600;106.2230596660;60000;1706.9717265670;1020000;;
train;4;1;100;0.1000000000;0.0004185540;102.8636365000;60000;1809.8353630670;1080000;;
train;4;1;100;0.1000000000;0.0003264980;103.7889004000;60000;1913.6242634670;1140000;;
train;4;1;100;0.1000000000;0.0003029560;104.6814928910;60000;2018.3057563580;1200000;;
train;4;1;100;0.1000000000;0.0004049630;102.1347752430;60000;2120.4405316010;1260000;;
train;4;1;100;0.1000000000;0.0003195710;102.6014155150;60000;2223.0419471160;1320000;;
train;4;1;100;0.1000000000;0.0006501130;107.0792685120;60000;2330.1212156280;1380000;;
train;4;1;100;0.1000000000;0.0004210700;103.7462546420;60000;2433.8674702700;1440000;;
train;4;1;100;0.1000000000;0.0003169340;106.3167260810;60000;2540.1841963510;1500000;;
train;4;1;100;0.1000000000;0.0003097980;108.1920997410;60000;2648.3762960920;1560000;;
train;4;1;100;0.1000000000;0.0003040870;103.4695110190;60000;2751.8458071110;1620000;;
train;4;1;100;0.1000000000;0.0003118990;103.3647907320;60000;2855.2105978430;1680000;;
train;4;1;100;0.1000000000;0.0003042030;103.1195700190;60000;2958.3301678620;1740000;;
train;4;1;100;0.1000000000;0.0003072180;108.0548162290;60000;3066.3849840910;1800000;;
train;4;1;100;0.1000000000;0.0003174470;102.3440675900;60000;3168.7290516810;1860000;;
train;4;1;100;0.1000000000;0.0004344030;116.5906990200;60000;3285.3197507010;1920000;;
train;4;1;100;0.1000000000;0.0004578250;103.6868021390;60000;3389.0065528400;1980000;;
train;4;1;100;0.1000000000;0.0002998990;109.4356183160;60000;3498.4421711560;2040000;;
train;4;1;100;0.1000000000;0.0004395930;103.3513190490;60000;3601.7934902050;2100000;;
train;4;1;100;0.1000000000;0.0003008160;103.7228872270;60000;3705.5163774320;2160000;;
train;4;1;100;0.1000000000;0.0004097800;105.0891246070;60000;3810.6055020390;2220000;;
train;4;1;100;0.1000000000;0.0003003030;105.5974973240;60000;3916.2029993630;2280000;;
train;4;1;100;0.1000000000;0.0003116720;106.6836644010;60000;4022.8866637640;2340000;;
train;4;1;100;0.1000000000;0.0003195260;111.0340995090;60000;4133.9207632730;2400000;;
train;4;1;100;0.1000000000;0.0003156060;108.8440730930;60000;4242.7648363660;2460000;;
train;4;1;100;0.1000000000;0.0004186190;111.8248771400;60000;4354.5897135060;2520000;;
train;4;1;100;0.1000000000;0.0003087780;111.7084350910;60000;4466.2981485970;2580000;;
train;4;1;100;0.1000000000;0.0004401930;111.5254184270;60000;4577.8235670240;2640000;;
train;4;1;100;0.1000000000;0.0004296110;111.6074661820;60000;4689.4310332060;2700000;;
train;4;1;100;0.1000000000;0.0004213400;112.7073039430;60000;4802.1383371490;2760000;;
train;4;1;100;0.1000000000;0.0003476540;111.6003601410;60000;4913.7386972900;2820000;;
train;4;1;100;0.1000000000;0.0003235590;110.1277104110;60000;5023.8664077010;2880000;;
train;4;1;100;0.1000000000;0.0003194960;110.4197009240;60000;5134.2861086250;2940000;;
train;4;1;100;0.1000000000;0.0003260760;110.5168110470;60000;5244.8029196720;3000000;;
test;4;1;100;0.1000000000;0.0004449040;32.5834072830;60000;5244.8029196720;3000000;58851;1149
test;4;1;100;0.1000000000;0.0003962440;6.1247893420;10000;5244.8029196720;3000000;9676;324
train;4;1;100;0.1000000000;0.0006486140;103.9113880980;60000;5348.7143077700;3060000;;
train;4;1;100;0.1000000000;0.0004222010;103.3182096190;60000;5452.0325173890;3120000;;
train;4;1;100;0.1000000000;0.0003078570;102.7482334810;60000;5554.7807508700;3180000;;
train;4;1;100;0.1000000000;0.0003015530;103.6461171340;60000;5658.4268680040;3240000;;
train;4;1;100;0.1000000000;0.0004090150;103.0635271670;60000;5761.4903951710;3300000;;
train;4;1;100;0.1000000000;0.0004768200;102.6011243090;60000;5864.0915194800;3360000;;
train;4;1;100;0.1000000000;0.0003174400;102.5209767980;60000;5966.6124962780;3420000;;
train;4;1;100;0.1000000000;0.0004189730;103.0238983510;60000;6069.6363946290;3480000;;
train;4;1;100;0.1000000000;0.0003055680;106.3629826790;60000;6175.9993773080;3540000;;
train;4;1;100;0.1000000000;0.0004921630;103.8132613640;60000;6279.8126386720;3600000;;
train;4;1;100;0.1000000000;0.0003037690;104.8060159610;60000;6384.6186546330;3660000;;
train;4;1;100;0.1000000000;0.0002940530;113.1047226280;60000;6497.7233772610;3720000;;
train;4;1;100;0.1000000000;0.0004188270;103.1565143470;60000;6600.8798916080;3780000;;
train;4;1;100;0.1000000000;0.0002937870;114.1015631250;60000;6714.9814547330;3840000;;
train;4;1;100;0.1000000000;0.0002812160;108.5039215080;60000;6823.4853762410;3900000;;
train;4;1;100;0.1000000000;0.0003170160;103.6806294560;60000;6927.1660056970;3960000;;
train;4;1;100;0.1000000000;0.0003074710;105.9870418730;60000;7033.1530475700;4020000;;
train;4;1;100;0.1000000000;0.0003066170;108.8114957740;60000;7141.9645433440;4080000;;
train;4;1;100;0.1000000000;0.0004143710;104.1905405800;60000;7246.1550839240;4140000;;
train;4;1;100;0.1000000000;0.0003149410;106.7280304260;60000;7352.8831143500;4200000;;
train;4;1;100;0.1000000000;0.0003206590;111.5751971540;60000;7464.4583115040;4260000;;
train;4;1;100;0.1000000000;0.0006421010;106.0349278360;60000;7570.4932393400;4320000;;
train;4;1;100;0.1000000000;0.0002959000;114.2538810700;60000;7684.7471204100;4380000;;
train;4;1;100;0.1000000000;0.0002958760;102.7667762640;60000;7787.5138966740;4440000;;
train;4;1;100;0.1000000000;0.0004169850;103.4913252680;60000;7891.0052219420;4500000;;
train;4;1;100;0.1000000000;0.0003144930;104.7857204430;60000;7995.7909423850;4560000;;
train;4;1;100;0.1000000000;0.0006441520;104.5474785020;60000;8100.3384208870;4620000;;
train;4;1;100;0.1000000000;0.0006247470;103.1369070440;60000;8203.4753279310;4680000;;
train;4;1;100;0.1000000000;0.0002939150;107.8289516240;60000;8311.3042795550;4740000;;
train;4;1;100;0.1000000000;0.0004066850;103.5573357430;60000;8414.8616152980;4800000;;
train;4;1;100;0.1000000000;0.0003165390;104.4690190850;60000;8519.3306343830;4860000;;
train;4;1;100;0.1000000000;0.0002915130;106.0592388410;60000;8625.3898732240;4920000;;
train;4;1;100;0.1000000000;0.0003903250;106.6863994670;60000;8732.0762726910;4980000;;
train;4;1;100;0.1000000000;0.0002983730;104.2459469650;60000;8836.3222196560;5040000;;
train;4;1;100;0.1000000000;0.0004188750;105.1118558260;60000;8941.4340754820;5100000;;
train;4;1;100;0.1000000000;0.0004701570;108.6620102180;60000;9050.0960857000;5160000;;
train;4;1;100;0.1000000000;0.0003034880;104.6673022450;60000;9154.7633879450;5220000;;
train;4;1;100;0.1000000000;0.0003956610;104.8983547460;60000;9259.6617426910;5280000;;
train;4;1;100;0.1000000000;0.0003041270;109.0520886270;60000;9368.7138313180;5340000;;
train;4;1;100;0.1000000000;0.0003024420;106.2319063230;60000;9474.9457376410;5400000;;
train;4;1;100;0.1000000000;0.0003291410;106.3254243340;60000;9581.2711619750;5460000;;
train;4;1;100;0.1000000000;0.0007219460;105.4344883130;60000;9686.7056502880;5520000;;
train;4;1;100;0.1000000000;0.0004044230;111.9238244950;60000;9798.6294747830;5580000;;
train;4;1;100;0.1000000000;0.0004174130;104.0757821700;60000;9902.7052569530;5640000;;
train;4;1;100;0.1000000000;0.0004056000;104.7852882950;60000;10007.4905452480;5700000;;
train;4;1;100;0.1000000000;0.0003905950;107.4594869730;60000;10114.9500322210;5760000;;
train;4;1;100;0.1000000000;0.0004035630;102.6840114120;60000;10217.6340436330;5820000;;
train;4;1;100;0.1000000000;0.0004285440;104.6079709750;60000;10322.2420146080;5880000;;
train;4;1;100;0.1000000000;0.0003039500;111.4459335320;60000;10433.6879481400;5940000;;
train;4;1;100;0.1000000000;0.0003172160;102.9984306240;60000;10536.6863787640;6000000;;
test;4;1;100;0.1000000000;0.0003275040;32.7842203330;60000;10536.6863787640;6000000;59214;786
test;4;1;100;0.1000000000;0.0004319680;4.9081315720;10000;10536.6863787640;6000000;9683;317
