Mode;CPUs;Parallel;WorkerBatch;LearningRate;WorkerSetupTime;EpochElapsedTime;EpochLines;TotalElapsedTime;TotalLines;Correct;Incorrect
train;4;6;100;0.1000000000;0.0014891240;59.1009185430;60000;59.1009185430;60000;;
train;4;6;100;0.1000000000;0.0015036360;57.0777055360;60000;116.1786240790;120000;;
train;4;6;100;0.1000000000;0.0014182550;57.2293655050;60000;173.4079895840;180000;;
train;4;6;100;0.1000000000;0.0014993650;57.9250313380;60000;231.3330209220;240000;;
train;4;6;100;0.1000000000;0.0014706660;58.0306032570;60000;289.3636241790;300000;;
train;4;6;100;0.1000000000;0.0014642300;60.9818104640;60000;350.3454346430;360000;;
train;4;6;100;0.1000000000;0.0014976790;58.0793331330;60000;408.4247677760;420000;;
train;4;6;100;0.1000000000;0.0015224380;65.0202819040;60000;473.4450496800;480000;;
train;4;6;100;0.1000000000;0.0015166030;57.5045567530;60000;530.9496064330;540000;;
train;4;6;100;0.1000000000;0.0014467790;58.1484481590;60000;589.0980545920;600000;;
train;4;6;100;0.1000000000;0.0014890740;58.1430148890;60000;647.2410694810;660000;;
train;4;6;100;0.1000000000;0.0014191550;58.0236411620;60000;705.2647106430;720000;;
train;4;6;100;0.1000000000;0.0015212150;60.1594067900;60000;765.4241174330;780000;;
train;4;6;100;0.1000000000;0.0014708550;58.4659287880;60000;823.8900462210;840000;;
train;4;6;100;0.1000000000;0.0019223070;57.7484229650;60000;881.6384691860;900000;;
train;4;6;100;0.1000000000;0.0014812080;58.7546590250;60000;940.3931282110;960000;;
train;4;6;100;0.1000000000;0.0014973750;62.1605243260;60000;1002.5536525370;1020000;;
train;4;6;100;0.1000000000;0.0014943140;57.2682243980;60000;1059.8218769350;1080000;;
train;4;6;100;0.1000000000;0.0013977730;57.2088046790;60000;1117.0306816140;1140000;;
train;4;6;100;0.1000000000;0.0014541000;58.1207753080;60000;1175.1514569220;1200000;;
train;4;6;100;0.1000000000;0.0015104130;61.4389796430;60000;1236.5904365650;1260000;;
train;4;6;100;0.1000000000;0.0015468000;60.1687784510;60000;1296.7592150160;1320000;;
train;4;6;100;0.1000000000;0.0015397280;59.0333137450;60000;1355.7925287610;1380000;;
train;4;6;100;0.1000000000;0.0015147750;58.1124932270;60000;1413.9050219880;1440000;;
train;4;6;100;0.1000000000;0.0015101650;58.2042797460;60000;1472.1093017340;1500000;;
train;4;6;100;0.1000000000;0.0014868940;61.2831370740;60000;1533.3924388080;1560000;;
train;4;6;100;0.1000000000;0.0015420950;57.9684954380;60000;1591.3609342460;1620000;;
train;4;6;100;0.1000000000;0.0014826150;61.2946411190;60000;1652.6555753650;1680000;;
train;4;6;100;0.1000000000;0.0014845860;61.9861682450;60000;1714.6417436100;1740000;;
train;4;6;100;0.1000000000;0.0014836770;58.8222338980;60000;1773.4639775080;1800000;;
train;4;6;100;0.1000000000;0.0015318850;58.2962759440;60000;1831.7602534520;1860000;;
train;4;6;100;0.1000000000;0.0015038840;58.4824656180;60000;1890.2427190700;1920000;;
train;4;6;100;0.1000000000;0.0030410730;59.4314301110;60000;1949.6741491810;1980000;;
train;4;6;100;0.1000000000;0.0015152700;58.6437209390;60000;2008.3178701200;2040000;;
train;4;6;100;0.1000000000;0.0015072010;58.5531228750;60000;2066.8709929950;2100000;;
train;4;6;100;0.1000000000;0.0014306280;62.1485812720;60000;2129.0195742670;2160000;;
train;4;6;100;0.1000000000;0.0015053440;67.0757011700;60000;2196.0952754370;2220000;;
train;4;6;100;0.1000000000;0.0014883400;57.6139029300;60000;2253.7091783670;2280000;;
train;4;6;100;0.1000000000;0.0015060550;58.5212891990;60000;2312.2304675660;2340000;;
train;4;6;100;0.1000000000;0.0014923440;57.9198274540;60000;2370.1502950200;2400000;;
train;4;6;100;0.1000000000;0.0014842760;57.9940342920;60000;2428.1443293120;2460000;;
train;4;6;100;0.1000000000;0.0014911350;58.3163639480;60000;2486.4606932600;2520000;;
train;4;6;100;0.1000000000;0.0014775700;59.6824414180;60000;2546.1431346780;2580000;;
train;4;6;100;0.1000000000;0.0015248940;57.6873669270;60000;2603.8305016050;2640000;;
train;4;6;100;0.1000000000;0.0014679720;60.9098034400;60000;2664.7403050450;2700000;;
train;4;6;100;0.1000000000;0.0014669170;58.9883389660;60000;2723.7286440110;2760000;;
train;4;6;100;0.1000000000;0.0014947820;58.5571714180;60000;2782.2858154290;2820000;;
train;4;6;100;0.1000000000;0.0014992500;59.1874142300;60000;2841.4732296590;2880000;;
train;4;6;100;0.1000000000;0.0015222360;62.7135181690;60000;2904.1867478280;2940000;;
train;4;6;100;0.1000000000;0.0015393820;59.3962444010;60000;2963.5829922290;3000000;;
test;4;6;100;0.1000000000;0.0015051720;20.7888279860;60000;2963.5829922290;3000000;57698;2302
test;4;6;100;0.1000000000;0.0014928010;3.3786929730;10000;2963.5829922290;3000000;9552;448
train;4;6;100;0.1000000000;0.0013165010;57.6257669010;60000;3021.2087591300;3060000;;
train;4;6;100;0.1000000000;0.0014817770;57.8223489920;60000;3079.0311081220;3120000;;
train;4;6;100;0.1000000000;0.0014301110;58.3290948780;60000;3137.3602030000;3180000;;
train;4;6;100;0.1000000000;0.0014400130;58.7759534800;60000;3196.1361564800;3240000;;
train;4;6;100;0.1000000000;0.0014889900;58.3190313540;60000;3254.4551878340;3300000;;
train;4;6;100;0.1000000000;0.0014348410;57.0846536690;60000;3311.5398415030;3360000;;
train;4;6;100;0.1000000000;0.0014112140;58.3007248890;60000;3369.8405663920;3420000;;
train;4;6;100;0.1000000000;0.0014270220;58.3521288270;60000;3428.1926952190;3480000;;
train;4;6;100;0.1000000000;0.0014758860;57.9197722760;60000;3486.1124674950;3540000;;
train;4;6;100;0.1000000000;0.0014155290;58.6233479560;60000;3544.7358154510;3600000;;
train;4;6;100;0.1000000000;0.0015936890;60.4918103700;60000;3605.2276258210;3660000;;
train;4;6;100;0.1000000000;0.0014825200;58.6389779170;60000;3663.8666037380;3720000;;
train;4;6;100;0.1000000000;0.0014704200;61.1112929950;60000;3724.9778967330;3780000;;
train;4;6;100;0.1000000000;0.0014654280;58.8344142240;60000;3783.8123109570;3840000;;
train;4;6;100;0.1000000000;0.0014754770;57.8141075350;60000;3841.6264184920;3900000;;
train;4;6;100;0.1000000000;0.0055826950;58.5343357040;60000;3900.1607541960;3960000;;
train;4;6;100;0.1000000000;0.0014662570;58.5034948380;60000;3958.6642490340;4020000;;
train;4;6;100;0.1000000000;0.0013996980;58.9522334970;60000;4017.6164825310;4080000;;
train;4;6;100;0.1000000000;0.0014838820;56.9698366390;60000;4074.5863191700;4140000;;
train;4;6;100;0.1000000000;0.0025887360;58.9650336170;60000;4133.5513527870;4200000;;
train;4;6;100;0.1000000000;0.0014914600;59.8258606340;60000;4193.3772134210;4260000;;
train;4;6;100;0.1000000000;0.0013875730;60.1203127710;60000;4253.4975261920;4320000;;
train;4;6;100;0.1000000000;0.0014325630;57.7850519020;60000;4311.2825780940;4380000;;
train;4;6;100;0.1000000000;0.0014573790;63.1447240840;60000;4374.4273021780;4440000;;
train;4;6;100;0.1000000000;0.0014427360;61.1219290600;60000;4435.5492312380;4500000;;
train;4;6;100;0.1000000000;0.0014360950;57.5530917630;60000;4493.1023230010;4560000;;
train;4;6;100;0.1000000000;0.0014115270;62.7764969840;60000;4555.8788199850;4620000;;
train;4;6;100;0.1000000000;0.0014626450;59.2536345260;60000;4615.1324545110;4680000;;
train;4;6;100;0.1000000000;0.0014168090;60.3097024110;60000;4675.4421569220;4740000;;
train;4;6;100;0.1000000000;0.0014348460;57.7314329980;60000;4733.1735899200;4800000;;
train;4;6;100;0.1000000000;0.0014900790;62.5128000190;60000;4795.6863899390;4860000;;
train;4;6;100;0.1000000000;0.0014571190;59.1439292170;60000;4854.8303191560;4920000;;
train;4;6;100;0.1000000000;0.0014440930;58.0414085520;60000;4912.8717277080;4980000;;
train;4;6;100;0.1000000000;0.0014202530;69.1960035240;60000;4982.0677312320;5040000;;
train;4;6;100;0.1000000000;0.0014364120;58.0524783680;60000;5040.1202096000;5100000;;
train;4;6;100;0.1000000000;0.0014692580;59.6004481040;60000;5099.7206577040;5160000;;
train;4;6;100;0.1000000000;0.0014417310;59.2084119680;60000;5158.9290696720;5220000;;
train;4;6;100;0.1000000000;0.0014437790;57.4693054180;60000;5216.3983750900;5280000;;
train;4;6;100;0.1000000000;0.0014365700;62.0229885790;60000;5278.4213636690;5340000;;
train;4;6;100;0.1000000000;0.0014598090;57.4144364130;60000;5335.8358000820;5400000;;
train;4;6;100;0.1000000000;0.0014271310;57.1981493020;60000;5393.0339493840;5460000;;
train;4;6;100;0.1000000000;0.0014353140;56.7164117010;60000;5449.7503610850;5520000;;
train;4;6;100;0.1000000000;0.0014307190;58.1427905560;60000;5507.8931516410;5580000;;
train;4;6;100;0.1000000000;0.0094028960;61.9842145020;60000;5569.8773661430;5640000;;
train;4;6;100;0.1000000000;0.0014271860;60.3165762980;60000;5630.1939424410;5700000;;
train;4;6;100;0.1000000000;0.0014746780;65.5969340330;60000;5695.7908764740;5760000;;
train;4;6;100;0.1000000000;0.0013684400;59.5924599990;60000;5755.3833364730;5820000;;
train;4;6;100;0.1000000000;0.0013919370;64.2910601150;60000;5819.6743965880;5880000;;
train;4;6;100;0.1000000000;0.0014930580;56.6990759160;60000;5876.3734725040;5940000;;
train;4;6;100;0.1000000000;0.0014646950;56.8607212320;60000;5933.2341937360;6000000;;
test;4;6;100;0.1000000000;0.0022189500;19.9042132050;60000;5933.2341937360;6000000;58687;1313
test;4;6;100;0.1000000000;0.0023389180;3.6898900510;10000;5933.2341937360;6000000;9658;342
