Mode;CPUs;Parallel;WorkerBatch;LearningRate;WorkerSetupTime;EpochElapsedTime;EpochLines;TotalElapsedTime;TotalLines;Correct;Incorrect
train;4;8;100;0.1000000000;0.0018667820;60.5903365830;60000;60.5903365830;60000;;
train;4;8;100;0.1000000000;0.0022427640;57.5863015320;60000;118.1766381150;120000;;
train;4;8;100;0.1000000000;0.0018524770;58.5348762930;60000;176.7115144080;180000;;
train;4;8;100;0.1000000000;0.0020248520;57.6006073160;60000;234.3121217240;240000;;
train;4;8;100;0.1000000000;0.0018708730;59.2471530910;60000;293.5592748150;300000;;
train;4;8;100;0.1000000000;0.0019665830;58.3628249230;60000;351.9220997380;360000;;
train;4;8;100;0.1000000000;0.0019929030;57.2346996120;60000;409.1567993500;420000;;
train;4;8;100;0.1000000000;0.0019033360;57.8700929140;60000;467.0268922640;480000;;
train;4;8;100;0.1000000000;0.0019372160;58.7128382530;60000;525.7397305170;540000;;
train;4;8;100;0.1000000000;0.0019692490;57.3997591250;60000;583.1394896420;600000;;
train;4;8;100;0.1000000000;0.0023733860;57.9631413890;60000;641.1026310310;660000;;
train;4;8;100;0.1000000000;0.0018994100;59.6289359650;60000;700.7315669960;720000;;
train;4;8;100;0.1000000000;0.0019572220;58.3786800480;60000;759.1102470440;780000;;
train;4;8;100;0.1000000000;0.0019669850;61.4185767990;60000;820.5288238430;840000;;
train;4;8;100;0.1000000000;0.0019481750;57.0511376470;60000;877.5799614900;900000;;
train;4;8;100;0.1000000000;0.0019524230;61.9509075300;60000;939.5308690200;960000;;
train;4;8;100;0.1000000000;0.0020669250;61.6627245910;60000;1001.1935936110;1020000;;
train;4;8;100;0.1000000000;0.0020724360;60.0919779840;60000;1061.2855715950;1080000;;
train;4;8;100;0.1000000000;0.0019269730;58.9668197910;60000;1120.2523913860;1140000;;
train;4;8;100;0.1000000000;0.0020454320;61.3028321160;60000;1181.5552235020;1200000;;
train;4;8;100;0.1000000000;0.0020322770;61.5980362130;60000;1243.1532597150;1260000;;
train;4;8;100;0.1000000000;0.0019267310;61.0916882450;60000;1304.2449479600;1320000;;
train;4;8;100;0.1000000000;0.0021885180;70.9670510880;60000;1375.2119990480;1380000;;
train;4;8;100;0.1000000000;0.0019051730;62.2077667040;60000;1437.4197657520;1440000;;
train;4;8;100;0.1000000000;0.0020239240;59.5306606670;60000;1496.9504264190;1500000;;
train;4;8;100;0.1000000000;0.0021401700;61.2034725140;60000;1558.1538989330;1560000;;
train;4;8;100;0.1000000000;0.0167106480;58.2236833000;60000;1616.3775822330;1620000;;
train;4;8;100;0.1000000000;0.0020174310;64.9134052030;60000;1681.2909874360;1680000;;
train;4;8;100;0.1000000000;0.0021242040;58.4136519460;60000;1739.7046393820;1740000;;
train;4;8;100;0.1000000000;0.0021599080;57.8882220610;60000;1797.5928614430;1800000;;
train;4;8;100;0.1000000000;0.0020136860;58.2097454280;60000;1855.8026068710;1860000;;
train;4;8;100;0.1000000000;0.0060428980;58.3650794500;60000;1914.1676863210;1920000;;
train;4;8;100;0.1000000000;0.0020275200;57.3470419420;60000;1971.5147282630;1980000;;
train;4;8;100;0.1000000000;0.0020551920;58.9327771270;60000;2030.4475053900;2040000;;
train;4;8;100;0.1000000000;0.0021394930;59.3110627120;60000;2089.7585681020;2100000;;
train;4;8;100;0.1000000000;0.0020575430;60.7545630190;60000;2150.5131311210;2160000;;
train;4;8;100;0.1000000000;0.0019766760;58.7521151840;60000;2209.2652463050;2220000;;
train;4;8;100;0.1000000000;0.0019243100;57.2893272080;60000;2266.5545735130;2280000;;
train;4;8;100;0.1000000000;0.0021459070;59.7890932690;60000;2326.3436667820;2340000;;
train;4;8;100;0.1000000000;0.0019513010;58.3730797210;60000;2384.7167465030;2400000;;
train;4;8;100;0.1000000000;0.0020551600;57.5100510940;60000;2442.2267975970;2460000;;
train;4;8;100;0.1000000000;0.0019388100;60.3210788540;60000;2502.5478764510;2520000;;
train;4;8;100;0.1000000000;0.0022021580;57.5097625810;60000;2560.0576390320;2580000;;
train;4;8;100;0.1000000000;0.0019916670;60.3192104320;60000;2620.3768494640;2640000;;
train;4;8;100;0.1000000000;0.0020746940;58.0549879350;60000;2678.4318373990;2700000;;
train;4;8;100;0.1000000000;0.0019264980;58.0682316710;60000;2736.5000690700;2760000;;
train;4;8;100;0.1000000000;0.0019003550;57.8820215510;60000;2794.3820906210;2820000;;
train;4;8;100;0.1000000000;0.0020392130;58.2910541800;60000;2852.6731448010;2880000;;
train;4;8;100;0.1000000000;0.0019841800;59.6782705690;60000;2912.3514153700;2940000;;
train;4;8;100;0.1000000000;0.0019632140;61.1934719980;60000;2973.5448873680;3000000;;
test;4;8;100;0.1000000000;0.0018717980;22.3160866180;60000;2973.5448873680;3000000;57324;2676
test;4;8;100;0.1000000000;0.0019790040;3.7085411280;10000;2973.5448873680;3000000;9516;484
train;4;8;100;0.1000000000;0.0019467890;58.0400933960;60000;3031.5849807640;3060000;;
train;4;8;100;0.1000000000;0.0020399950;62.1191701450;60000;3093.7041509090;3120000;;
train;4;8;100;0.1000000000;0.0020736580;60.6695827890;60000;3154.3737336980;3180000;;
train;4;8;100;0.1000000000;0.0019010990;57.0887856130;60000;3211.4625193110;3240000;;
train;4;8;100;0.1000000000;0.0020662680;57.9631453070;60000;3269.4256646180;3300000;;
train;4;8;100;0.1000000000;0.0037086810;57.6629635970;60000;3327.0886282150;3360000;;
train;4;8;100;0.1000000000;0.0022776480;65.9989010710;60000;3393.0875292860;3420000;;
train;4;8;100;0.1000000000;0.0019559400;57.8823935890;60000;3450.9699228750;3480000;;
train;4;8;100;0.1000000000;0.0018888670;58.5950409710;60000;3509.5649638460;3540000;;
train;4;8;100;0.1000000000;0.0020704210;61.3292579680;60000;3570.8942218140;3600000;;
train;4;8;100;0.1000000000;0.0020795330;58.1884038050;60000;3629.0826256190;3660000;;
train;4;8;100;0.1000000000;0.0019189270;58.7730922880;60000;3687.8557179070;3720000;;
train;4;8;100;0.1000000000;0.0025220480;57.4998324160;60000;3745.3555503230;3780000;;
train;4;8;100;0.1000000000;0.0019269100;58.1949067450;60000;3803.5504570680;3840000;;
train;4;8;100;0.1000000000;0.0021831300;62.9091499780;60000;3866.4596070460;3900000;;
train;4;8;100;0.1000000000;0.0018330460;58.0737589170;60000;3924.5333659630;3960000;;
train;4;8;100;0.1000000000;0.0019631470;58.1621056880;60000;3982.6954716510;4020000;;
train;4;8;100;0.1000000000;0.0020353710;58.1875335520;60000;4040.8830052030;4080000;;
train;4;8;100;0.1000000000;0.0037426870;58.1146236790;60000;4098.9976288820;4140000;;
train;4;8;100;0.1000000000;0.0018437020;57.7817028520;60000;4156.7793317340;4200000;;
train;4;8;100;0.1000000000;0.0021472490;57.8142457100;60000;4214.5935774440;4260000;;
train;4;8;100;0.1000000000;0.0019102660;59.3629875680;60000;4273.9565650120;4320000;;
train;4;8;100;0.1000000000;0.0020488340;58.2075035160;60000;4332.1640685280;4380000;;
train;4;8;100;0.1000000000;0.0020580860;57.7631833850;60000;4389.9272519130;4440000;;
train;4;8;100;0.1000000000;0.0021204790;58.5685661340;60000;4448.4958180470;4500000;;
train;4;8;100;0.1000000000;0.0019539450;57.9074235010;60000;4506.4032415480;4560000;;
train;4;8;100;0.1000000000;0.0019891750;57.6790919260;60000;4564.0823334740;4620000;;
train;4;8;100;0.1000000000;0.0019292050;58.6006556970;60000;4622.6829891710;4680000;;
train;4;8;100;0.1000000000;0.0023006130;58.2523881230;60000;4680.9353772940;4740000;;
train;4;8;100;0.1000000000;0.0018002800;58.2262710360;60000;4739.1616483300;4800000;;
train;4;8;100;0.1000000000;0.0018400700;58.7181411370;60000;4797.8797894670;4860000;;
train;4;8;100;0.1000000000;0.0039521950;57.4969656780;60000;4855.3767551450;4920000;;
train;4;8;100;0.1000000000;0.0019462530;61.1531521540;60000;4916.5299072990;4980000;;
train;4;8;100;0.1000000000;0.0018440840;64.4169588270;60000;4980.9468661260;5040000;;
train;4;8;100;0.1000000000;0.0019321630;63.1684876270;60000;5044.1153537530;5100000;;
train;4;8;100;0.1000000000;0.0038842980;56.8682840190;60000;5100.9836377720;5160000;;
train;4;8;100;0.1000000000;0.0018227450;64.1037193490;60000;5165.0873571210;5220000;;
train;4;8;100;0.1000000000;0.0098869800;59.1202879690;60000;5224.2076450900;5280000;;
train;4;8;100;0.1000000000;0.0019183760;57.4344567000;60000;5281.6421017900;5340000;;
train;4;8;100;0.1000000000;0.0020646630;59.9462855260;60000;5341.5883873160;5400000;;
train;4;8;100;0.1000000000;0.0019028800;57.8489360650;60000;5399.4373233810;5460000;;
train;4;8;100;0.1000000000;0.0018750170;56.9727234730;60000;5456.4100468540;5520000;;
train;4;8;100;0.1000000000;0.0019047840;59.4811768600;60000;5515.8912237140;5580000;;
train;4;8;100;0.1000000000;0.0020757000;58.5515865280;60000;5574.4428102420;5640000;;
train;4;8;100;0.1000000000;0.0018972560;58.1160035730;60000;5632.5588138150;5700000;;
train;4;8;100;0.1000000000;0.0019224330;57.2826536610;60000;5689.8414674760;5760000;;
train;4;8;100;0.1000000000;0.0019246050;57.7244519950;60000;5747.5659194710;5820000;;
train;4;8;100;0.1000000000;0.0019680040;56.8335314680;60000;5804.3994509390;5880000;;
train;4;8;100;0.1000000000;0.0018770180;57.9032550760;60000;5862.3027060150;5940000;;
train;4;8;100;0.1000000000;0.0021839200;60.6776920980;60000;5922.9803981130;6000000;;
test;4;8;100;0.1000000000;0.0111620840;19.9102710770;60000;5922.9803981130;6000000;58410;1590
test;4;8;100;0.1000000000;0.0017756560;3.4986039330;10000;5922.9803981130;6000000;9633;367
