Mode;CPUs;Parallel;WorkerBatch;LearningRate;WorkerSetupTime;EpochElapsedTime;EpochLines;TotalElapsedTime;TotalLines;Correct;Incorrect
train;4;5;100;0.1000000000;0.0012849790;59.9996943490;60000;59.9996943490;60000;;
train;4;5;100;0.1000000000;0.0013083780;57.5126214430;60000;117.5123157920;120000;;
train;4;5;100;0.1000000000;0.0013217140;57.4941161010;60000;175.0064318930;180000;;
train;4;5;100;0.1000000000;0.0012278600;57.8422973910;60000;232.8487292840;240000;;
train;4;5;100;0.1000000000;0.0012666690;58.0985919790;60000;290.9473212630;300000;;
train;4;5;100;0.1000000000;0.0012998430;59.3855233850;60000;350.3328446480;360000;;
train;4;5;100;0.1000000000;0.0012717320;58.3427615910;60000;408.6756062390;420000;;
train;4;5;100;0.1000000000;0.0012702160;59.1395931360;60000;467.8151993750;480000;;
train;4;5;100;0.1000000000;0.0012309050;57.7454829820;60000;525.5606823570;540000;;
train;4;5;100;0.1000000000;0.0012254250;58.3730319270;60000;583.9337142840;600000;;
train;4;5;100;0.1000000000;0.0013004930;62.6704843170;60000;646.6041986010;660000;;
train;4;5;100;0.1000000000;0.0013468350;59.0466679400;60000;705.6508665410;720000;;
train;4;5;100;0.1000000000;0.0013051630;57.9102539440;60000;763.5611204850;780000;;
train;4;5;100;0.1000000000;0.0012785030;58.3172856620;60000;821.8784061470;840000;;
train;4;5;100;0.1000000000;0.0013265470;58.2705513900;60000;880.1489575370;900000;;
train;4;5;100;0.1000000000;0.0012646820;61.2063366730;60000;941.3552942100;960000;;
train;4;5;100;0.1000000000;0.0012393490;58.4489216910;60000;999.8042159010;1020000;;
train;4;5;100;0.1000000000;0.0012675070;58.5657503540;60000;1058.3699662550;1080000;;
train;4;5;100;0.1000000000;0.0012552030;58.6452678940;60000;1117.0152341490;1140000;;
train;4;5;100;0.1000000000;0.0012809400;58.9124007540;60000;1175.9276349030;1200000;;
train;4;5;100;0.1000000000;0.0013210500;57.6568383500;60000;1233.5844732530;1260000;;
train;4;5;100;0.1000000000;0.0012703740;58.5841008040;60000;1292.1685740570;1320000;;
train;4;5;100;0.1000000000;0.0013093430;57.7413594840;60000;1349.9099335410;1380000;;
train;4;5;100;0.1000000000;0.0012700120;58.4676719380;60000;1408.3776054790;1440000;;
train;4;5;100;0.1000000000;0.0060719720;58.1642427000;60000;1466.5418481790;1500000;;
train;4;5;100;0.1000000000;0.0012877320;58.2028305500;60000;1524.7446787290;1560000;;
train;4;5;100;0.1000000000;0.0012785760;57.9748238520;60000;1582.7195025810;1620000;;
train;4;5;100;0.1000000000;0.0012830920;59.2827891660;60000;1642.0022917470;1680000;;
train;4;5;100;0.1000000000;0.0012571390;57.6593126450;60000;1699.6616043920;1740000;;
train;4;5;100;0.1000000000;0.0012676280;58.1000012750;60000;1757.7616056670;1800000;;
train;4;5;100;0.1000000000;0.0012306920;58.6244669080;60000;1816.3860725750;1860000;;
train;4;5;100;0.1000000000;0.0012578500;58.5824374640;60000;1874.9685100390;1920000;;
train;4;5;100;0.1000000000;0.0012700020;59.6045580440;60000;1934.5730680830;1980000;;
train;4;5;100;0.1000000000;0.0020355050;60.6646252540;60000;1995.2376933370;2040000;;
train;4;5;100;0.1000000000;0.0012132160;58.4011112950;60000;2053.6388046320;2100000;;
train;4;5;100;0.1000000000;0.0012624240;59.0989559930;60000;2112.7377606250;2160000;;
train;4;5;100;0.1000000000;0.0012941400;58.0785554670;60000;2170.8163160920;2220000;;
train;4;5;100;0.1000000000;0.0012861130;58.6832828270;60000;2229.4995989190;2280000;;
train;4;5;100;0.1000000000;0.0012684780;58.4296709970;60000;2287.9292699160;2340000;;
train;4;5;100;0.1000000000;0.0012286400;64.1610122010;60000;2352.0902821170;2400000;;
train;4;5;100;0.1000000000;0.0013065450;58.3658089520;60000;2410.4560910690;2460000;;
train;4;5;100;0.1000000000;0.0012974840;59.1056726800;60000;2469.5617637490;2520000;;
train;4;5;100;0.1000000000;0.0012921780;59.2903522280;60000;2528.8521159770;2580000;;
train;4;5;100;0.1000000000;0.0013085840;58.7168621380;60000;2587.5689781150;2640000;;
train;4;5;100;0.1000000000;0.0013162050;58.0884437040;60000;2645.6574218190;2700000;;
train;4;5;100;0.1000000000;0.0026519630;62.7078877610;60000;2708.3653095800;2760000;;
train;4;5;100;0.1000000000;0.0013055190;58.4846860060;60000;2766.8499955860;2820000;;
train;4;5;100;0.1000000000;0.0012785000;58.0355072780;60000;2824.8855028640;2880000;;
train;4;5;100;0.1000000000;0.0012425550;58.1244025460;60000;2883.0099054100;2940000;;
train;4;5;100;0.1000000000;0.0012818620;57.9337125230;60000;2940.9436179330;3000000;;
test;4;5;100;0.1000000000;0.0012825960;23.2626870080;60000;2940.9436179330;3000000;57879;2121
test;4;5;100;0.1000000000;0.0013143190;3.6310132720;10000;2940.9436179330;3000000;9564;436
train;4;5;100;0.1000000000;0.0011173530;58.3702965200;60000;2999.3139144530;3060000;;
train;4;5;100;0.1000000000;0.0012387460;58.7255985380;60000;3058.0395129910;3120000;;
train;4;5;100;0.1000000000;0.0012676800;58.4329727550;60000;3116.4724857460;3180000;;
train;4;5;100;0.1000000000;0.0012544440;61.7847197190;60000;3178.2572054650;3240000;;
train;4;5;100;0.1000000000;0.0012738010;57.6417002350;60000;3235.8989057000;3300000;;
train;4;5;100;0.1000000000;0.0012682630;59.4293265720;60000;3295.3282322720;3360000;;
train;4;5;100;0.1000000000;0.0012529600;58.0931600930;60000;3353.4213923650;3420000;;
train;4;5;100;0.1000000000;0.0012789050;58.4489975900;60000;3411.8703899550;3480000;;
train;4;5;100;0.1000000000;0.0043355680;57.5294558880;60000;3469.3998458430;3540000;;
train;4;5;100;0.1000000000;0.0011903040;57.4423117160;60000;3526.8421575590;3600000;;
train;4;5;100;0.1000000000;0.0030297120;59.3188572060;60000;3586.1610147650;3660000;;
train;4;5;100;0.1000000000;0.0013819530;58.6448248560;60000;3644.8058396210;3720000;;
train;4;5;100;0.1000000000;0.0017229180;60.7855182390;60000;3705.5913578600;3780000;;
train;4;5;100;0.1000000000;0.0012205950;58.4527212630;60000;3764.0440791230;3840000;;
train;4;5;100;0.1000000000;0.0012102430;66.3113510200;60000;3830.3554301430;3900000;;
train;4;5;100;0.1000000000;0.0012708880;57.2862197020;60000;3887.6416498450;3960000;;
train;4;5;100;0.1000000000;0.0012368030;60.1215293190;60000;3947.7631791640;4020000;;
train;4;5;100;0.1000000000;0.0012589830;58.2396728420;60000;4006.0028520060;4080000;;
train;4;5;100;0.1000000000;0.0012503660;57.1897190940;60000;4063.1925711000;4140000;;
train;4;5;100;0.1000000000;0.0012188150;57.3439138670;60000;4120.5364849670;4200000;;
train;4;5;100;0.1000000000;0.0012532310;58.3420809480;60000;4178.8785659150;4260000;;
train;4;5;100;0.1000000000;0.0012586370;57.6847282360;60000;4236.5632941510;4320000;;
train;4;5;100;0.1000000000;0.0011915030;57.8396796910;60000;4294.4029738420;4380000;;
train;4;5;100;0.1000000000;0.0012364560;59.2626125520;60000;4353.6655863940;4440000;;
train;4;5;100;0.1000000000;0.0012695140;60.2450173300;60000;4413.9106037240;4500000;;
train;4;5;100;0.1000000000;0.0012760220;59.9048718680;60000;4473.8154755920;4560000;;
train;4;5;100;0.1000000000;0.0012999160;62.6447639230;60000;4536.4602395150;4620000;;
train;4;5;100;0.1000000000;0.0009745080;58.2176956010;60000;4594.6779351160;4680000;;
train;4;5;100;0.1000000000;0.0012704060;58.3297002410;60000;4653.0076353570;4740000;;
train;4;5;100;0.1000000000;0.0012015400;59.9044190000;60000;4712.9120543570;4800000;;
train;4;5;100;0.1000000000;0.0012594630;59.6469141060;60000;4772.5589684630;4860000;;
train;4;5;100;0.1000000000;0.0012163950;57.9176467990;60000;4830.4766152620;4920000;;
train;4;5;100;0.1000000000;0.0020980470;58.3326781170;60000;4888.8092933790;4980000;;
train;4;5;100;0.1000000000;0.0011893040;57.2760077230;60000;4946.0853011020;5040000;;
train;4;5;100;0.1000000000;0.0012855100;58.2678092240;60000;5004.3531103260;5100000;;
train;4;5;100;0.1000000000;0.0012493430;57.5292785660;60000;5061.8823888920;5160000;;
train;4;5;100;0.1000000000;0.0012422410;59.1388887510;60000;5121.0212776430;5220000;;
train;4;5;100;0.1000000000;0.0012819240;58.7258303630;60000;5179.7471080060;5280000;;
train;4;5;100;0.1000000000;0.0012019060;58.4096169190;60000;5238.1567249250;5340000;;
train;4;5;100;0.1000000000;0.0012732660;59.8998395100;60000;5298.0565644350;5400000;;
train;4;5;100;0.1000000000;0.0012662920;57.9635385330;60000;5356.0201029680;5460000;;
train;4;5;100;0.1000000000;0.0012332160;66.5683581860;60000;5422.5884611540;5520000;;
train;4;5;100;0.1000000000;0.0012550790;58.8106823540;60000;5481.3991435080;5580000;;
train;4;5;100;0.1000000000;0.0012414120;57.6254839340;60000;5539.0246274420;5640000;;
train;4;5;100;0.1000000000;0.0012222460;59.6531227930;60000;5598.6777502350;5700000;;
train;4;5;100;0.1000000000;0.0012838680;65.1744460080;60000;5663.8521962430;5760000;;
train;4;5;100;0.1000000000;0.0012653770;59.1545021250;60000;5723.0066983680;5820000;;
train;4;5;100;0.1000000000;0.0012663510;65.3705800880;60000;5788.3772784560;5880000;;
train;4;5;100;0.1000000000;0.0009402840;56.9113227800;60000;5845.2886012360;5940000;;
train;4;5;100;0.1000000000;0.0012538780;57.5252495470;60000;5902.8138507830;6000000;;
test;4;5;100;0.1000000000;0.0012235320;19.7522689990;60000;5902.8138507830;6000000;58760;1240
test;4;5;100;0.1000000000;0.0012329930;2.9224529090;10000;5902.8138507830;6000000;9676;324
