Mode;CPUs;Parallel;WorkerBatch;LearningRate;WorkerSetupTime;EpochElapsedTime;EpochLines;TotalElapsedTime;TotalLines;Correct;Incorrect
train;4;3;100;0.1000000000;0.0007857460;72.3937850850;60000;72.3937850850;60000;;
train;4;3;100;0.1000000000;0.0008958130;68.5876962040;60000;140.9814812890;120000;;
train;4;3;100;0.1000000000;0.0008563600;69.2799816850;60000;210.2614629740;180000;;
train;4;3;100;0.1000000000;0.0008673360;70.8158303790;60000;281.0772933530;240000;;
train;4;3;100;0.1000000000;0.0008595460;70.6487711120;60000;351.7260644650;300000;;
train;4;3;100;0.1000000000;0.0008441970;70.1509684660;60000;421.8770329310;360000;;
train;4;3;100;0.1000000000;0.0007143790;70.5231919790;60000;492.4002249100;420000;;
train;4;3;100;0.1000000000;0.0008549760;71.7516300960;60000;564.1518550060;480000;;
train;4;3;100;0.1000000000;0.0008426540;71.8644862450;60000;636.0163412510;540000;;
train;4;3;100;0.1000000000;0.0008718390;73.3724559100;60000;709.3887971610;600000;;
train;4;3;100;0.1000000000;0.0008512820;72.1756121910;60000;781.5644093520;660000;;
train;4;3;100;0.1000000000;0.0008779800;74.5122577470;60000;856.0766670990;720000;;
train;4;3;100;0.1000000000;0.0008440210;70.3868851590;60000;926.4635522580;780000;;
train;4;3;100;0.1000000000;0.0008431400;74.3825437960;60000;1000.8460960540;840000;;
train;4;3;100;0.1000000000;0.0008935940;71.9870916540;60000;1072.8331877080;900000;;
train;4;3;100;0.1000000000;0.0009554920;73.1540476200;60000;1145.9872353280;960000;;
train;4;3;100;0.1000000000;0.0008785130;71.4650386330;60000;1217.4522739610;1020000;;
train;4;3;100;0.1000000000;0.0008809740;70.6096422850;60000;1288.0619162460;1080000;;
train;4;3;100;0.1000000000;0.0008639260;74.6532916500;60000;1362.7152078960;1140000;;
train;4;3;100;0.1000000000;0.0008662680;71.4144629050;60000;1434.1296708010;1200000;;
train;4;3;100;0.1000000000;0.0008957820;72.5597118340;60000;1506.6893826350;1260000;;
train;4;3;100;0.1000000000;0.0008268810;72.3962103460;60000;1579.0855929810;1320000;;
train;4;3;100;0.1000000000;0.0008824260;74.7557899980;60000;1653.8413829790;1380000;;
train;4;3;100;0.1000000000;0.0008429500;75.7319443790;60000;1729.5733273580;1440000;;
train;4;3;100;0.1000000000;0.0008564280;71.6970515290;60000;1801.2703788870;1500000;;
train;4;3;100;0.1000000000;0.0008371680;71.0723188530;60000;1872.3426977400;1560000;;
train;4;3;100;0.1000000000;0.0008842950;74.0094253110;60000;1946.3521230510;1620000;;
train;4;3;100;0.1000000000;0.0008824350;72.0777000450;60000;2018.4298230960;1680000;;
train;4;3;100;0.1000000000;0.0008553040;71.4738105130;60000;2089.9036336090;1740000;;
train;4;3;100;0.1000000000;0.0017725050;72.6599818450;60000;2162.5636154540;1800000;;
train;4;3;100;0.1000000000;0.0008794570;74.4941156760;60000;2237.0577311300;1860000;;
train;4;3;100;0.1000000000;0.0008788000;71.1510915870;60000;2308.2088227170;1920000;;
train;4;3;100;0.1000000000;0.0008499360;73.3635970060;60000;2381.5724197230;1980000;;
train;4;3;100;0.1000000000;0.0006693950;71.8771784010;60000;2453.4495981240;2040000;;
train;4;3;100;0.1000000000;0.0008450120;72.4402389050;60000;2525.8898370290;2100000;;
train;4;3;100;0.1000000000;0.0008562160;73.6763276030;60000;2599.5661646320;2160000;;
train;4;3;100;0.1000000000;0.0008771950;78.9635787980;60000;2678.5297434300;2220000;;
train;4;3;100;0.1000000000;0.0008753940;73.4906189790;60000;2752.0203624090;2280000;;
train;4;3;100;0.1000000000;0.0008455010;75.0626233020;60000;2827.0829857110;2340000;;
train;4;3;100;0.1000000000;0.0008291180;75.2087172490;60000;2902.2917029600;2400000;;
train;4;3;100;0.1000000000;0.0008331910;74.5015220600;60000;2976.7932250200;2460000;;
train;4;3;100;0.1000000000;0.0008574980;73.1866213620;60000;3049.9798463820;2520000;;
train;4;3;100;0.1000000000;0.0008555270;77.7461433600;60000;3127.7259897420;2580000;;
train;4;3;100;0.1000000000;0.0008952660;73.0383174480;60000;3200.7643071900;2640000;;
train;4;3;100;0.1000000000;0.0008665910;73.1650541590;60000;3273.9293613490;2700000;;
train;4;3;100;0.1000000000;0.0008782360;73.0767858410;60000;3347.0061471900;2760000;;
train;4;3;100;0.1000000000;0.0064858290;75.3130510850;60000;3422.3191982750;2820000;;
train;4;3;100;0.1000000000;0.0008610690;74.9649822830;60000;3497.2841805580;2880000;;
train;4;3;100;0.1000000000;0.0009013050;73.5169166300;60000;3570.8010971880;2940000;;
train;4;3;100;0.1000000000;0.0008595050;74.6420772820;60000;3645.4431744700;3000000;;
test;4;3;100;0.1000000000;0.0008844910;22.9138077550;60000;3645.4431744700;3000000;58226;1774
test;4;3;100;0.1000000000;0.0008392090;4.3204904120;10000;3645.4431744700;3000000;9624;376
train;4;3;100;0.1000000000;0.0007421580;68.2025422340;60000;3713.6457167040;3060000;;
train;4;3;100;0.1000000000;0.0008362310;68.8705934830;60000;3782.5163101870;3120000;;
train;4;3;100;0.1000000000;0.0006140860;67.7595068500;60000;3850.2758170370;3180000;;
train;4;3;100;0.1000000000;0.0008189400;67.9338362500;60000;3918.2096532870;3240000;;
train;4;3;100;0.1000000000;0.0008439460;67.6021891830;60000;3985.8118424700;3300000;;
train;4;3;100;0.1000000000;0.0013576780;68.8749634860;60000;4054.6868059560;3360000;;
train;4;3;100;0.1000000000;0.0008260990;67.0302730310;60000;4121.7170789870;3420000;;
train;4;3;100;0.1000000000;0.0012785870;67.9005318270;60000;4189.6176108140;3480000;;
train;4;3;100;0.1000000000;0.0008470770;68.5681344670;60000;4258.1857452810;3540000;;
train;4;3;100;0.1000000000;0.0006290120;68.5883707320;60000;4326.7741160130;3600000;;
train;4;3;100;0.1000000000;0.0008380810;68.7066732320;60000;4395.4807892450;3660000;;
train;4;3;100;0.1000000000;0.0008273190;69.2184954100;60000;4464.6992846550;3720000;;
train;4;3;100;0.1000000000;0.0006292340;68.1534548680;60000;4532.8527395230;3780000;;
train;4;3;100;0.1000000000;0.0008420360;68.7441173590;60000;4601.5968568820;3840000;;
train;4;3;100;0.1000000000;0.0008426300;68.1767933230;60000;4669.7736502050;3900000;;
train;4;3;100;0.1000000000;0.0043679160;70.4206029570;60000;4740.1942531620;3960000;;
train;4;3;100;0.1000000000;0.0008606700;71.3749459100;60000;4811.5691990720;4020000;;
train;4;3;100;0.1000000000;0.0009740740;68.1700810390;60000;4879.7392801110;4080000;;
train;4;3;100;0.1000000000;0.0006299910;67.5758508510;60000;4947.3151309620;4140000;;
train;4;3;100;0.1000000000;0.0009765830;67.2288788000;60000;5014.5440097620;4200000;;
train;4;3;100;0.1000000000;0.0009332600;67.5312637240;60000;5082.0752734860;4260000;;
train;4;3;100;0.1000000000;0.0008058770;69.3783208100;60000;5151.4535942960;4320000;;
train;4;3;100;0.1000000000;0.0008630080;66.4690777030;60000;5217.9226719990;4380000;;
train;4;3;100;0.1000000000;0.0008485450;69.9375230910;60000;5287.8601950900;4440000;;
train;4;3;100;0.1000000000;0.0009500340;68.6641200660;60000;5356.5243151560;4500000;;
train;4;3;100;0.1000000000;0.0008331010;68.3854375200;60000;5424.9097526760;4560000;;
train;4;3;100;0.1000000000;0.0009391020;68.8775580500;60000;5493.7873107260;4620000;;
train;4;3;100;0.1000000000;0.0008379940;66.5275230790;60000;5560.3148338050;4680000;;
train;4;3;100;0.1000000000;0.0009229430;67.2322754880;60000;5627.5471092930;4740000;;
train;4;3;100;0.1000000000;0.0008441390;67.9759811960;60000;5695.5230904890;4800000;;
train;4;3;100;0.1000000000;0.0006285240;69.1981250450;60000;5764.7212155340;4860000;;
train;4;3;100;0.1000000000;0.0008299970;68.1538891210;60000;5832.8751046550;4920000;;
train;4;3;100;0.1000000000;0.0008407060;67.5166899000;60000;5900.3917945550;4980000;;
train;4;3;100;0.1000000000;0.0008252390;67.2943027210;60000;5967.6860972760;5040000;;
train;4;3;100;0.1000000000;0.0008609430;68.1972980140;60000;6035.8833952900;5100000;;
train;4;3;100;0.1000000000;0.0008087000;68.3461877030;60000;6104.2295829930;5160000;;
train;4;3;100;0.1000000000;0.0008153100;67.6747212180;60000;6171.9043042110;5220000;;
train;4;3;100;0.1000000000;0.0008308690;68.0220686840;60000;6239.9263728950;5280000;;
train;4;3;100;0.1000000000;0.0006334810;69.1602175300;60000;6309.0865904250;5340000;;
train;4;3;100;0.1000000000;0.0008462880;68.6869928920;60000;6377.7735833170;5400000;;
train;4;3;100;0.1000000000;0.0008658480;78.6683352730;60000;6456.4419185900;5460000;;
train;4;3;100;0.1000000000;0.0008465550;67.7656989740;60000;6524.2076175640;5520000;;
train;4;3;100;0.1000000000;0.0009353610;66.4176188550;60000;6590.6252364190;5580000;;
train;4;3;100;0.1000000000;0.0012929430;69.3247966610;60000;6659.9500330800;5640000;;
train;4;3;100;0.1000000000;0.0008804940;67.9088299390;60000;6727.8588630190;5700000;;
train;4;3;100;0.1000000000;0.0009246130;69.1708217720;60000;6797.0296847910;5760000;;
train;4;3;100;0.1000000000;0.0012447360;69.4195720060;60000;6866.4492567970;5820000;;
train;4;3;100;0.1000000000;0.0006346090;75.4020956790;60000;6941.8513524760;5880000;;
train;4;3;100;0.1000000000;0.0008678280;67.9302545430;60000;7009.7816070190;5940000;;
train;4;3;100;0.1000000000;0.0008543970;69.2419819410;60000;7079.0235889600;6000000;;
test;4;3;100;0.1000000000;0.0008212110;20.9105343920;60000;7079.0235889600;6000000;59053;947
test;4;3;100;0.1000000000;0.0008430650;4.2940421760;10000;7079.0235889600;6000000;9703;297
