Mode;CPUs;Parallel;WorkerBatch;LearningRate;WorkerSetupTime;EpochElapsedTime;EpochLines;TotalElapsedTime;TotalLines;Correct;Incorrect
train;4;7;100;0.1000000000;0.0016661940;60.0711652210;60000;60.0711652210;60000;;
train;4;7;100;0.1000000000;0.0017323710;58.2782214380;60000;118.3493866590;120000;;
train;4;7;100;0.1000000000;0.0016868410;59.7427953880;60000;178.0921820470;180000;;
train;4;7;100;0.1000000000;0.0016306160;58.6989922340;60000;236.7911742810;240000;;
train;4;7;100;0.1000000000;0.0016817350;58.2433668820;60000;295.0345411630;300000;;
train;4;7;100;0.1000000000;0.0016795830;60.5316820510;60000;355.5662232140;360000;;
train;4;7;100;0.1000000000;0.0016819020;57.5142646530;60000;413.0804878670;420000;;
train;4;7;100;0.1000000000;0.0025998010;59.0065097000;60000;472.0869975670;480000;;
train;4;7;100;0.1000000000;0.0017502680;60.4232595510;60000;532.5102571180;540000;;
train;4;7;100;0.1000000000;0.0017193270;57.1552670340;60000;589.6655241520;600000;;
train;4;7;100;0.1000000000;0.0017013770;59.3207518770;60000;648.9862760290;660000;;
train;4;7;100;0.1000000000;0.0017124980;58.1098971760;60000;707.0961732050;720000;;
train;4;7;100;0.1000000000;0.0017028770;60.9689768800;60000;768.0651500850;780000;;
train;4;7;100;0.1000000000;0.0016626330;57.3815931270;60000;825.4467432120;840000;;
train;4;7;100;0.1000000000;0.0017013090;57.9724052240;60000;883.4191484360;900000;;
train;4;7;100;0.1000000000;0.0017631960;58.4941823490;60000;941.9133307850;960000;;
train;4;7;100;0.1000000000;0.0017424050;57.9874589100;60000;999.9007896950;1020000;;
train;4;7;100;0.1000000000;0.0016710190;57.3576229910;60000;1057.2584126860;1080000;;
train;4;7;100;0.1000000000;0.0016980560;59.1364010060;60000;1116.3948136920;1140000;;
train;4;7;100;0.1000000000;0.0016615900;58.2107776730;60000;1174.6055913650;1200000;;
train;4;7;100;0.1000000000;0.0017067490;58.1862519950;60000;1232.7918433600;1260000;;
train;4;7;100;0.1000000000;0.0016886570;58.2314400250;60000;1291.0232833850;1320000;;
train;4;7;100;0.1000000000;0.0017558430;57.1482942530;60000;1348.1715776380;1380000;;
train;4;7;100;0.1000000000;0.0017527750;58.4935296700;60000;1406.6651073080;1440000;;
train;4;7;100;0.1000000000;0.0017339570;57.3331039720;60000;1463.9982112800;1500000;;
train;4;7;100;0.1000000000;0.0016840880;58.0603576010;60000;1522.0585688810;1560000;;
train;4;7;100;0.1000000000;0.0016793730;57.8309072430;60000;1579.8894761240;1620000;;
train;4;7;100;0.1000000000;0.0016779000;58.8765887860;60000;1638.7660649100;1680000;;
train;4;7;100;0.1000000000;0.0017331520;58.6364761490;60000;1697.4025410590;1740000;;
train;4;7;100;0.1000000000;0.0017115720;58.1396014720;60000;1755.5421425310;1800000;;
train;4;7;100;0.1000000000;0.0017133270;59.7310014210;60000;1815.2731439520;1860000;;
train;4;7;100;0.1000000000;0.0017069940;61.0949526740;60000;1876.3680966260;1920000;;
train;4;7;100;0.1000000000;0.0016476050;59.8985423160;60000;1936.2666389420;1980000;;
train;4;7;100;0.1000000000;0.0017360910;59.9398694580;60000;1996.2065084000;2040000;;
train;4;7;100;0.1000000000;0.0017216740;57.9800824220;60000;2054.1865908220;2100000;;
train;4;7;100;0.1000000000;0.0017117980;58.0295165880;60000;2112.2161074100;2160000;;
train;4;7;100;0.1000000000;0.0017166760;58.4732178250;60000;2170.6893252350;2220000;;
train;4;7;100;0.1000000000;0.0016913690;58.1444740240;60000;2228.8337992590;2280000;;
train;4;7;100;0.1000000000;0.0016966090;57.8872084120;60000;2286.7210076710;2340000;;
train;4;7;100;0.1000000000;0.0017243010;57.3192865250;60000;2344.0402941960;2400000;;
train;4;7;100;0.1000000000;0.0017171060;57.5994845200;60000;2401.6397787160;2460000;;
train;4;7;100;0.1000000000;0.0016980830;58.0572404310;60000;2459.6970191470;2520000;;
train;4;7;100;0.1000000000;0.0153341100;59.1019636160;60000;2518.7989827630;2580000;;
train;4;7;100;0.1000000000;0.0017340590;58.4770086400;60000;2577.2759914030;2640000;;
train;4;7;100;0.1000000000;0.0017085190;57.8079645900;60000;2635.0839559930;2700000;;
train;4;7;100;0.1000000000;0.0017234950;57.4159795670;60000;2692.4999355600;2760000;;
train;4;7;100;0.1000000000;0.0017450330;58.2801910070;60000;2750.7801265670;2820000;;
train;4;7;100;0.1000000000;0.0017573560;58.5534562270;60000;2809.3335827940;2880000;;
train;4;7;100;0.1000000000;0.0017386940;59.9036816350;60000;2869.2372644290;2940000;;
train;4;7;100;0.1000000000;0.0017249590;57.7101692110;60000;2926.9474336400;3000000;;
test;4;7;100;0.1000000000;0.0016791460;21.8108912030;60000;2926.9474336400;3000000;57528;2472
test;4;7;100;0.1000000000;0.0017143640;3.7025156000;10000;2926.9474336400;3000000;9527;473
train;4;7;100;0.1000000000;0.0016915590;61.1273690170;60000;2988.0748026570;3060000;;
train;4;7;100;0.1000000000;0.0016160810;58.1890679170;60000;3046.2638705740;3120000;;
train;4;7;100;0.1000000000;0.0016509320;57.5274841970;60000;3103.7913547710;3180000;;
train;4;7;100;0.1000000000;0.0016415800;60.5091816970;60000;3164.3005364680;3240000;;
train;4;7;100;0.1000000000;0.0016771460;57.2380779760;60000;3221.5386144440;3300000;;
train;4;7;100;0.1000000000;0.0016237540;56.9530525350;60000;3278.4916669790;3360000;;
train;4;7;100;0.1000000000;0.0016514560;61.5001713890;60000;3339.9918383680;3420000;;
train;4;7;100;0.1000000000;0.0016256010;57.1480262820;60000;3397.1398646500;3480000;;
train;4;7;100;0.1000000000;0.0016314870;58.8629718020;60000;3456.0028364520;3540000;;
train;4;7;100;0.1000000000;0.0016654890;57.2946246560;60000;3513.2974611080;3600000;;
train;4;7;100;0.1000000000;0.0016085730;57.2968133360;60000;3570.5942744440;3660000;;
train;4;7;100;0.1000000000;0.0016470220;59.4556672070;60000;3630.0499416510;3720000;;
train;4;7;100;0.1000000000;0.0016875050;57.8768127060;60000;3687.9267543570;3780000;;
train;4;7;100;0.1000000000;0.0016508720;59.8730131330;60000;3747.7997674900;3840000;;
train;4;7;100;0.1000000000;0.0016580100;60.1158607510;60000;3807.9156282410;3900000;;
train;4;7;100;0.1000000000;0.0015891130;59.1984808700;60000;3867.1141091110;3960000;;
train;4;7;100;0.1000000000;0.0016339520;58.5484467160;60000;3925.6625558270;4020000;;
train;4;7;100;0.1000000000;0.0016337340;57.5975050630;60000;3983.2600608900;4080000;;
train;4;7;100;0.1000000000;0.0016270980;58.1680063400;60000;4041.4280672300;4140000;;
train;4;7;100;0.1000000000;0.0017063150;58.7020088430;60000;4100.1300760730;4200000;;
train;4;7;100;0.1000000000;0.0016502930;57.3859004260;60000;4157.5159764990;4260000;;
train;4;7;100;0.1000000000;0.0016533430;58.3689336510;60000;4215.8849101500;4320000;;
train;4;7;100;0.1000000000;0.0016165920;57.6559697950;60000;4273.5408799450;4380000;;
train;4;7;100;0.1000000000;0.0016631380;57.6917020260;60000;4331.2325819710;4440000;;
train;4;7;100;0.1000000000;0.0016164610;58.2767602500;60000;4389.5093422210;4500000;;
train;4;7;100;0.1000000000;0.0016614680;58.4827590520;60000;4447.9921012730;4560000;;
train;4;7;100;0.1000000000;0.0016626140;61.0498467600;60000;4509.0419480330;4620000;;
train;4;7;100;0.1000000000;0.0016410760;58.3639003800;60000;4567.4058484130;4680000;;
train;4;7;100;0.1000000000;0.0016222630;60.4099275140;60000;4627.8157759270;4740000;;
train;4;7;100;0.1000000000;0.0168456580;58.6569631490;60000;4686.4727390760;4800000;;
train;4;7;100;0.1000000000;0.0016290780;61.1786901380;60000;4747.6514292140;4860000;;
train;4;7;100;0.1000000000;0.0016562360;64.9925616320;60000;4812.6439908460;4920000;;
train;4;7;100;0.1000000000;0.0016674470;61.2860040430;60000;4873.9299948890;4980000;;
train;4;7;100;0.1000000000;0.0015543540;57.0406866310;60000;4930.9706815200;5040000;;
train;4;7;100;0.1000000000;0.0016475170;60.1458907690;60000;4991.1165722890;5100000;;
train;4;7;100;0.1000000000;0.0015861440;58.3370991360;60000;5049.4536714250;5160000;;
train;4;7;100;0.1000000000;0.0015858760;57.0446360630;60000;5106.4983074880;5220000;;
train;4;7;100;0.1000000000;0.0016411070;57.1081721890;60000;5163.6064796770;5280000;;
train;4;7;100;0.1000000000;0.0015981050;59.6503955210;60000;5223.2568751980;5340000;;
train;4;7;100;0.1000000000;0.0015837680;57.7890739650;60000;5281.0459491630;5400000;;
train;4;7;100;0.1000000000;0.0016858360;59.2924851890;60000;5340.3384343520;5460000;;
train;4;7;100;0.1000000000;0.0016338970;60.5631746430;60000;5400.9016089950;5520000;;
train;4;7;100;0.1000000000;0.0036338040;59.6399941950;60000;5460.5416031900;5580000;;
train;4;7;100;0.1000000000;0.0016613120;58.3853758070;60000;5518.9269789970;5640000;;
train;4;7;100;0.1000000000;0.0016683390;58.5822272930;60000;5577.5092062900;5700000;;
train;4;7;100;0.1000000000;0.0016662910;58.7618355890;60000;5636.2710418790;5760000;;
train;4;7;100;0.1000000000;0.0016296800;58.0371480250;60000;5694.3081899040;5820000;;
train;4;7;100;0.1000000000;0.0024330830;62.0236818580;60000;5756.3318717620;5880000;;
train;4;7;100;0.1000000000;0.0017111480;59.7869330520;60000;5816.1188048140;5940000;;
train;4;7;100;0.1000000000;0.0017099140;60.3881250830;60000;5876.5069298970;6000000;;
test;4;7;100;0.1000000000;0.0016088850;19.4063572230;60000;5876.5069298970;6000000;58534;1466
test;4;7;100;0.1000000000;0.0012818610;3.3361731330;10000;5876.5069298970;6000000;9651;349
