Mode;CPUs;Parallel;WorkerBatch;LearningRate;WorkerSetupTime;EpochElapsedTime;EpochLines;TotalElapsedTime;TotalLines;Correct;Incorrect
train;4;4;100;0.1000000000;0.0010233050;57.5557854550;60000;57.5557854550;60000;;
train;4;4;100;0.1000000000;0.0010840710;55.3378750840;60000;112.8936605390;120000;;
train;4;4;100;0.1000000000;0.0011242590;56.1942391420;60000;169.0878996810;180000;;
train;4;4;100;0.1000000000;0.0011028600;56.0469061190;60000;225.1348058000;240000;;
train;4;4;100;0.1000000000;0.0010617140;56.4632261620;60000;281.5980319620;300000;;
train;4;4;100;0.1000000000;0.0010536000;57.0380033090;60000;338.6360352710;360000;;
train;4;4;100;0.1000000000;0.0010558060;62.7755180520;60000;401.4115533230;420000;;
train;4;4;100;0.1000000000;0.0010568860;57.1658809760;60000;458.5774342990;480000;;
train;4;4;100;0.1000000000;0.0011070330;62.0768997330;60000;520.6543340320;540000;;
train;4;4;100;0.1000000000;0.0010721090;55.8529974940;60000;576.5073315260;600000;;
train;4;4;100;0.1000000000;0.0010313240;57.4084035510;60000;633.9157350770;660000;;
train;4;4;100;0.1000000000;0.0010839480;58.3478461920;60000;692.2635812690;720000;;
train;4;4;100;0.1000000000;0.0010875510;63.9946059570;60000;756.2581872260;780000;;
train;4;4;100;0.1000000000;0.0010658900;56.6751694700;60000;812.9333566960;840000;;
train;4;4;100;0.1000000000;0.0010848700;56.3483440730;60000;869.2817007690;900000;;
train;4;4;100;0.1000000000;0.0010337620;56.4227831130;60000;925.7044838820;960000;;
train;4;4;100;0.1000000000;0.0010477200;58.3379407730;60000;984.0424246550;1020000;;
train;4;4;100;0.1000000000;0.0010566570;63.0080817350;60000;1047.0505063900;1080000;;
train;4;4;100;0.1000000000;0.0010678800;57.4802079170;60000;1104.5307143070;1140000;;
train;4;4;100;0.1000000000;0.0010751120;58.1381155860;60000;1162.6688298930;1200000;;
train;4;4;100;0.1000000000;0.0010517270;58.1485860390;60000;1220.8174159320;1260000;;
train;4;4;100;0.1000000000;0.0011200870;59.0703097710;60000;1279.8877257030;1320000;;
train;4;4;100;0.1000000000;0.0010900720;59.0572089870;60000;1338.9449346900;1380000;;
train;4;4;100;0.1000000000;0.0010702700;57.5497282100;60000;1396.4946629000;1440000;;
train;4;4;100;0.1000000000;0.0010599300;56.9215470430;60000;1453.4162099430;1500000;;
train;4;4;100;0.1000000000;0.0010189030;57.0354263640;60000;1510.4516363070;1560000;;
train;4;4;100;0.1000000000;0.0011174510;56.6672928100;60000;1567.1189291170;1620000;;
train;4;4;100;0.1000000000;0.0010718540;56.6671863410;60000;1623.7861154580;1680000;;
train;4;4;100;0.1000000000;0.0010878450;57.1223598570;60000;1680.9084753150;1740000;;
train;4;4;100;0.1000000000;0.0010475280;57.3220918910;60000;1738.2305672060;1800000;;
train;4;4;100;0.1000000000;0.0010712470;58.9104205960;60000;1797.1409878020;1860000;;
train;4;4;100;0.1000000000;0.0010670310;57.7957052100;60000;1854.9366930120;1920000;;
train;4;4;100;0.1000000000;0.0010697320;57.2284148610;60000;1912.1651078730;1980000;;
train;4;4;100;0.1000000000;0.0010854990;56.6652194200;60000;1968.8303272930;2040000;;
train;4;4;100;0.1000000000;0.0010596200;57.7078768500;60000;2026.5382041430;2100000;;
train;4;4;100;0.1000000000;0.0011144080;57.6045833320;60000;2084.1427874750;2160000;;
train;4;4;100;0.1000000000;0.0011086630;56.7416223180;60000;2140.8844097930;2220000;;
train;4;4;100;0.1000000000;0.0010451550;58.7620962660;60000;2199.6465060590;2280000;;
train;4;4;100;0.1000000000;0.0010778800;57.8749001700;60000;2257.5214062290;2340000;;
train;4;4;100;0.1000000000;0.0010426550;59.1074974420;60000;2316.6289036710;2400000;;
train;4;4;100;0.1000000000;0.0010526240;59.0521010060;60000;2375.6810046770;2460000;;
train;4;4;100;0.1000000000;0.0010342680;57.3377916370;60000;2433.0187963140;2520000;;
train;4;4;100;0.1000000000;0.0010798730;62.4128484200;60000;2495.4316447340;2580000;;
train;4;4;100;0.1000000000;0.0010685230;60.0188458340;60000;2555.4504905680;2640000;;
train;4;4;100;0.1000000000;0.0090999950;58.0513774340;60000;2613.5018680020;2700000;;
train;4;4;100;0.1000000000;0.0010637440;56.9686385920;60000;2670.4705065940;2760000;;
train;4;4;100;0.1000000000;0.0010589460;57.8279352880;60000;2728.2984418820;2820000;;
train;4;4;100;0.1000000000;0.0010739190;57.1676779940;60000;2785.4661198760;2880000;;
train;4;4;100;0.1000000000;0.0010571510;56.9994889510;60000;2842.4656088270;2940000;;
train;4;4;100;0.1000000000;0.0010564520;57.9032351070;60000;2900.3688439340;3000000;;
test;4;4;100;0.1000000000;0.0010643770;20.2330220630;60000;2900.3688439340;3000000;58059;1941
test;4;4;100;0.1000000000;0.0011023470;3.2544090430;10000;2900.3688439340;3000000;9614;386
train;4;4;100;0.1000000000;0.0010463400;58.1372376730;60000;2958.5060816070;3060000;;
train;4;4;100;0.1000000000;0.0010493430;56.4896998170;60000;3014.9957814240;3120000;;
train;4;4;100;0.1000000000;0.0010470600;61.0912341580;60000;3076.0870155820;3180000;;
train;4;4;100;0.1000000000;0.0010190720;60.6314989570;60000;3136.7185145390;3240000;;
train;4;4;100;0.1000000000;0.0010421270;58.0035642870;60000;3194.7220788260;3300000;;
train;4;4;100;0.1000000000;0.0010529000;56.6939048640;60000;3251.4159836900;3360000;;
train;4;4;100;0.1000000000;0.0010424100;56.2200892680;60000;3307.6360729580;3420000;;
train;4;4;100;0.1000000000;0.0010260520;56.6442062520;60000;3364.2802792100;3480000;;
train;4;4;100;0.1000000000;0.0010610130;58.9833414640;60000;3423.2636206740;3540000;;
train;4;4;100;0.1000000000;0.0009955060;56.8653303430;60000;3480.1289510170;3600000;;
train;4;4;100;0.1000000000;0.0010580910;57.6501556960;60000;3537.7791067130;3660000;;
train;4;4;100;0.1000000000;0.0010799630;56.3987627430;60000;3594.1778694560;3720000;;
train;4;4;100;0.1000000000;0.0010583950;56.3634298720;60000;3650.5412993280;3780000;;
train;4;4;100;0.1000000000;0.0016150880;56.7680995860;60000;3707.3093989140;3840000;;
train;4;4;100;0.1000000000;0.0018353610;56.2052562990;60000;3763.5146552130;3900000;;
train;4;4;100;0.1000000000;0.0010358610;57.7493118360;60000;3821.2639670490;3960000;;
train;4;4;100;0.1000000000;0.0010703530;57.0085867790;60000;3878.2725538280;4020000;;
train;4;4;100;0.1000000000;0.0010595640;57.6296464830;60000;3935.9022003110;4080000;;
train;4;4;100;0.1000000000;0.0011092300;56.8602637820;60000;3992.7624640930;4140000;;
train;4;4;100;0.1000000000;0.0010597940;57.0577025520;60000;4049.8201666450;4200000;;
train;4;4;100;0.1000000000;0.0010192390;56.3627599560;60000;4106.1829266010;4260000;;
train;4;4;100;0.1000000000;0.0010580900;58.4531292350;60000;4164.6360558360;4320000;;
train;4;4;100;0.1000000000;0.0010478240;56.3011893860;60000;4220.9372452220;4380000;;
train;4;4;100;0.1000000000;0.0010165160;57.1746406710;60000;4278.1118858930;4440000;;
train;4;4;100;0.1000000000;0.0010516270;57.7108273180;60000;4335.8227132110;4500000;;
train;4;4;100;0.1000000000;0.0010666370;56.8674360280;60000;4392.6901492390;4560000;;
train;4;4;100;0.1000000000;0.0010951090;57.9920151710;60000;4450.6821644100;4620000;;
train;4;4;100;0.1000000000;0.0010409360;56.8746238390;60000;4507.5567882490;4680000;;
train;4;4;100;0.1000000000;0.0010655710;56.2687303150;60000;4563.8255185640;4740000;;
train;4;4;100;0.1000000000;0.0010055670;57.2173322850;60000;4621.0428508490;4800000;;
train;4;4;100;0.1000000000;0.0010495510;56.1428917490;60000;4677.1857425980;4860000;;
train;4;4;100;0.1000000000;0.0010348460;56.8926490710;60000;4734.0783916690;4920000;;
train;4;4;100;0.1000000000;0.0010266040;58.8997409450;60000;4792.9781326140;4980000;;
train;4;4;100;0.1000000000;0.0010679670;57.5253967430;60000;4850.5035293570;5040000;;
train;4;4;100;0.1000000000;0.0010048320;55.7898937010;60000;4906.2934230580;5100000;;
train;4;4;100;0.1000000000;0.0010601260;56.9674899300;60000;4963.2609129880;5160000;;
train;4;4;100;0.1000000000;0.0010530950;56.3785529840;60000;5019.6394659720;5220000;;
train;4;4;100;0.1000000000;0.0010102870;57.3281928670;60000;5076.9676588390;5280000;;
train;4;4;100;0.1000000000;0.0010242630;57.6318863180;60000;5134.5995451570;5340000;;
train;4;4;100;0.1000000000;0.0010544930;56.7568406650;60000;5191.3563858220;5400000;;
train;4;4;100;0.1000000000;0.0010153370;61.8055811430;60000;5253.1619669650;5460000;;
train;4;4;100;0.1000000000;0.0010552710;56.5254357490;60000;5309.6874027140;5520000;;
train;4;4;100;0.1000000000;0.0010341820;56.4186481480;60000;5366.1060508620;5580000;;
train;4;4;100;0.1000000000;0.0015395230;57.7336166580;60000;5423.8396675200;5640000;;
train;4;4;100;0.1000000000;0.0010741060;56.2581499260;60000;5480.0978174460;5700000;;
train;4;4;100;0.1000000000;0.0010174360;57.3590936310;60000;5537.4569110770;5760000;;
train;4;4;100;0.1000000000;0.0010307870;57.4712351110;60000;5594.9281461880;5820000;;
train;4;4;100;0.1000000000;0.0011517940;56.7734489650;60000;5651.7015951530;5880000;;
train;4;4;100;0.1000000000;0.0010691790;56.7236553570;60000;5708.4252505100;5940000;;
train;4;4;100;0.1000000000;0.0010368560;56.9596798560;60000;5765.3849303660;6000000;;
test;4;4;100;0.1000000000;0.0010190010;18.7594530330;60000;5765.3849303660;6000000;58941;1059
test;4;4;100;0.1000000000;0.0010001140;2.6305678330;10000;5765.3849303660;6000000;9691;309
