Mode;CPUs;Parallel;WorkerBatch;LearningRate;WorkerSetupTime;EpochElapsedTime;EpochLines;TotalElapsedTime;TotalLines;Correct;Incorrect
train;4;1;100;0.1250000000;0.0006607390;79.4117088380;60000;79.4117088380;60000;;
train;4;1;100;0.1250000000;0.0003814360;77.9722343660;60000;157.3839432040;120000;;
train;4;1;100;0.1250000000;0.0003209800;94.6984165010;60000;252.0823597050;180000;;
train;4;1;100;0.1250000000;0.0003418420;94.5712187900;60000;346.6535784950;240000;;
train;4;1;100;0.1250000000;0.0004214580;100.5357814780;60000;447.1893599730;300000;;
train;4;1;100;0.1250000000;0.0004395440;101.2986106750;60000;548.4879706480;360000;;
train;4;1;100;0.1250000000;0.0004193440;101.9322250510;60000;650.4201956990;420000;;
train;4;1;100;0.1250000000;0.0003143850;101.0002634780;60000;751.4204591770;480000;;
train;4;1;100;0.1250000000;0.0003084550;102.1803955250;60000;853.6008547020;540000;;
train;4;1;100;0.1250000000;0.0004253900;106.6531147880;60000;960.2539694900;600000;;
train;4;1;100;0.1250000000;0.0003049220;103.2657682150;60000;1063.5197377050;660000;;
train;4;1;100;0.1250000000;0.0004435650;108.8061350810;60000;1172.3258727860;720000;;
train;4;1;100;0.1250000000;0.0003209630;106.0186185360;60000;1278.3444913220;780000;;
train;4;1;100;0.1250000000;0.0003137400;107.8298462960;60000;1386.1743376180;840000;;
train;4;1;100;0.1250000000;0.0006454700;108.0631750540;60000;1494.2375126720;900000;;
train;4;1;100;0.1250000000;0.0004230770;112.6666352390;60000;1606.9041479110;960000;;
train;4;1;100;0.1250000000;0.0003337770;113.1660497120;60000;1720.0701976230;1020000;;
train;4;1;100;0.1250000000;0.0003399990;112.3851811380;60000;1832.4553787610;1080000;;
train;4;1;100;0.1250000000;0.0011238720;111.6823615890;60000;1944.1377403500;1140000;;
train;4;1;100;0.1250000000;0.0004310450;113.1428155430;60000;2057.2805558930;1200000;;
train;4;1;100;0.1250000000;0.0004152630;113.8107243720;60000;2171.0912802650;1260000;;
train;4;1;100;0.1250000000;0.0004217070;115.3795576060;60000;2286.4708378710;1320000;;
train;4;1;100;0.1250000000;0.0004423440;114.4744258280;60000;2400.9452636990;1380000;;
train;4;1;100;0.1250000000;0.0003253450;115.2794034810;60000;2516.2246671800;1440000;;
train;4;1;100;0.1250000000;0.0003215360;114.8333845630;60000;2631.0580517430;1500000;;
train;4;1;100;0.1250000000;0.0004729120;116.3395810070;60000;2747.3976327500;1560000;;
train;4;1;100;0.1250000000;0.0004429740;115.3587549910;60000;2862.7563877410;1620000;;
train;4;1;100;0.1250000000;0.0004311190;116.2969583030;60000;2979.0533460440;1680000;;
train;4;1;100;0.1250000000;0.0004419150;116.4761803510;60000;3095.5295263950;1740000;;
train;4;1;100;0.1250000000;0.0004938060;118.5398136240;60000;3214.0693400190;1800000;;
train;4;1;100;0.1250000000;0.0004287600;119.0677646500;60000;3333.1371046690;1860000;;
train;4;1;100;0.1250000000;0.0004545060;119.8663795210;60000;3453.0034841900;1920000;;
train;4;1;100;0.1250000000;0.0004252730;117.4887848700;60000;3570.4922690600;1980000;;
train;4;1;100;0.1250000000;0.0004387450;118.7609031510;60000;3689.2531722110;2040000;;
train;4;1;100;0.1250000000;0.0006516610;120.4639365760;60000;3809.7171087870;2100000;;
train;4;1;100;0.1250000000;0.0003731090;123.7468260180;60000;3933.4639348050;2160000;;
train;4;1;100;0.1250000000;0.0003226550;121.7979372380;60000;4055.2618720430;2220000;;
train;4;1;100;0.1250000000;0.0004431110;122.8408375050;60000;4178.1027095480;2280000;;
train;4;1;100;0.1250000000;0.0003137460;121.3484333420;60000;4299.4511428900;2340000;;
train;4;1;100;0.1250000000;0.0004509120;119.2271999170;60000;4418.6783428070;2400000;;
train;4;1;100;0.1250000000;0.0004152730;120.7387676340;60000;4539.4171104410;2460000;;
train;4;1;100;0.1250000000;0.0006222620;122.6925739680;60000;4662.1096844090;2520000;;
train;4;1;100;0.1250000000;0.0003200510;121.7416255980;60000;4783.8513100070;2580000;;
train;4;1;100;0.1250000000;0.0005146870;122.4421700990;60000;4906.2934801060;2640000;;
train;4;1;100;0.1250000000;0.0004324700;121.6761964900;60000;5027.9696765960;2700000;;
train;4;1;100;0.1250000000;0.0003162020;120.5652446250;60000;5148.5349212210;2760000;;
train;4;1;100;0.1250000000;0.0004679330;120.5323041920;60000;5269.0672254130;2820000;;
train;4;1;100;0.1250000000;0.0004427100;119.5837692580;60000;5388.6509946710;2880000;;
train;4;1;100;0.1250000000;0.0003085690;122.7179757870;60000;5511.3689704580;2940000;;
train;4;1;100;0.1250000000;0.0004421090;120.2569468140;60000;5631.6259172720;3000000;;
test;4;1;100;0.1250000000;0.0003144520;35.2019219930;60000;5631.6259172720;3000000;59085;915
test;4;1;100;0.1250000000;0.0004281050;5.5290351370;10000;5631.6259172720;3000000;9688;312
train;4;1;100;0.1250000000;0.0003958150;118.9100055370;60000;5750.5359228090;3060000;;
train;4;1;100;0.1250000000;0.0004411800;120.6147012320;60000;5871.1506240410;3120000;;
train;4;1;100;0.1250000000;0.0003673660;119.9567635350;60000;5991.1073875760;3180000;;
train;4;1;100;0.1250000000;0.0004277750;119.1653090630;60000;6110.2726966390;3240000;;
train;4;1;100;0.1250000000;0.0003217210;123.2723890060;60000;6233.5450856450;3300000;;
train;4;1;100;0.1250000000;0.0004192470;121.2003697710;60000;6354.7454554160;3360000;;
train;4;1;100;0.1250000000;0.0003165250;120.2750743950;60000;6475.0205298110;3420000;;
train;4;1;100;0.1250000000;0.0004273290;122.4504636660;60000;6597.4709934770;3480000;;
train;4;1;100;0.1250000000;0.0003397220;120.4777719640;60000;6717.9487654410;3540000;;
train;4;1;100;0.1250000000;0.0004428880;122.0179279250;60000;6839.9666933660;3600000;;
train;4;1;100;0.1250000000;0.0004217460;120.1004959330;60000;6960.0671892990;3660000;;
train;4;1;100;0.1250000000;0.0004242270;115.5322621120;60000;7075.5994514110;3720000;;
train;4;1;100;0.1250000000;0.0003282020;114.6923845900;60000;7190.2918360010;3780000;;
train;4;1;100;0.1250000000;0.0003113790;114.2470277830;60000;7304.5388637840;3840000;;
train;4;1;100;0.1250000000;0.0005062430;115.1954942590;60000;7419.7343580430;3900000;;
train;4;1;100;0.1250000000;0.0004237690;117.7986703720;60000;7537.5330284150;3960000;;
train;4;1;100;0.1250000000;0.0003213780;114.8486603550;60000;7652.3816887700;4020000;;
train;4;1;100;0.1250000000;0.0003377130;117.5095265180;60000;7769.8912152880;4080000;;
train;4;1;100;0.1250000000;0.0004410520;116.1702416180;60000;7886.0614569060;4140000;;
train;4;1;100;0.1250000000;0.0004308490;113.8537939860;60000;7999.9152508920;4200000;;
train;4;1;100;0.1250000000;0.0003075580;119.5278988280;60000;8119.4431497200;4260000;;
train;4;1;100;0.1250000000;0.0003115070;117.0231449500;60000;8236.4662946700;4320000;;
train;4;1;100;0.1250000000;0.0005036330;115.0647783650;60000;8351.5310730350;4380000;;
train;4;1;100;0.1250000000;0.0003286190;115.1388636990;60000;8466.6699367340;4440000;;
train;4;1;100;0.1250000000;0.0003038580;116.8159172980;60000;8583.4858540320;4500000;;
train;4;1;100;0.1250000000;0.0004471950;118.6210220670;60000;8702.1068760990;4560000;;
train;4;1;100;0.1250000000;0.0004355530;114.5133160790;60000;8816.6201921780;4620000;;
train;4;1;100;0.1250000000;0.0007208020;114.6730710950;60000;8931.2932632730;4680000;;
train;4;1;100;0.1250000000;0.0002961790;115.5483555660;60000;9046.8416188390;4740000;;
train;4;1;100;0.1250000000;0.0003104160;114.8270392620;60000;9161.6686581010;4800000;;
train;4;1;100;0.1250000000;0.0006511720;115.2352762320;60000;9276.9039343330;4860000;;
train;4;1;100;0.1250000000;0.0004286920;114.4315833840;60000;9391.3355177170;4920000;;
train;4;1;100;0.1250000000;0.0005061760;114.8381522600;60000;9506.1736699770;4980000;;
train;4;1;100;0.1250000000;0.0004382500;113.2947546550;60000;9619.4684246320;5040000;;
train;4;1;100;0.1250000000;0.0004405540;117.2509497210;60000;9736.7193743530;5100000;;
train;4;1;100;0.1250000000;0.0004436680;115.8171966620;60000;9852.5365710150;5160000;;
train;4;1;100;0.1250000000;0.0004154210;118.0731555290;60000;9970.6097265440;5220000;;
train;4;1;100;0.1250000000;0.0004678930;114.6439346230;60000;10085.2536611670;5280000;;
train;4;1;100;0.1250000000;0.0006149400;114.0331171130;60000;10199.2867782800;5340000;;
train;4;1;100;0.1250000000;0.0003455730;116.7159937980;60000;10316.0027720780;5400000;;
train;4;1;100;0.1250000000;0.0003131510;113.4695920490;60000;10429.4723641270;5460000;;
train;4;1;100;0.1250000000;0.0003220080;116.1849626670;60000;10545.6573267940;5520000;;
train;4;1;100;0.1250000000;0.0004189790;115.8502362920;60000;10661.5075630860;5580000;;
train;4;1;100;0.1250000000;0.0005088610;116.7893794570;60000;10778.2969425430;5640000;;
train;4;1;100;0.1250000000;0.0003168200;115.9236674140;60000;10894.2206099570;5700000;;
train;4;1;100;0.1250000000;0.0003225500;117.3193658660;60000;11011.5399758230;5760000;;
train;4;1;100;0.1250000000;0.0004837950;114.2873570770;60000;11125.8273329000;5820000;;
train;4;1;100;0.1250000000;0.0003214260;114.3746105220;60000;11240.2019434220;5880000;;
train;4;1;100;0.1250000000;0.0003190140;115.2947125370;60000;11355.4966559590;5940000;;
train;4;1;100;0.1250000000;0.0003152680;115.9093048040;60000;11471.4059607630;6000000;;
test;4;1;100;0.1250000000;0.0004302210;31.7713266640;60000;11471.4059607630;6000000;59554;446
test;4;1;100;0.1250000000;0.0004242950;6.2967773270;10000;11471.4059607630;6000000;9714;286
