Mode;CPUs;Parallel;WorkerBatch;LearningRate;WorkerSetupTime;EpochElapsedTime;EpochLines;TotalElapsedTime;TotalLines;Correct;Incorrect
train;4;2;100;0.1250000000;0.0006123890;74.8425226310;60000;74.8425226310;60000;;
train;4;2;100;0.1250000000;0.0006261040;81.7410610650;60000;156.5835836960;120000;;
train;4;2;100;0.1250000000;0.0006394860;75.5993016850;60000;232.1828853810;180000;;
train;4;2;100;0.1250000000;0.0006700900;86.0687159160;60000;318.2516012970;240000;;
train;4;2;100;0.1250000000;0.0006296320;87.7949232550;60000;406.0465245520;300000;;
train;4;2;100;0.1250000000;0.0006485740;78.3933316360;60000;484.4398561880;360000;;
train;4;2;100;0.1250000000;0.0006845360;89.3683440030;60000;573.8082001910;420000;;
train;4;2;100;0.1250000000;0.0006291680;89.3817536600;60000;663.1899538510;480000;;
train;4;2;100;0.1250000000;0.0006302660;76.4442243780;60000;739.6341782290;540000;;
train;4;2;100;0.1250000000;0.0006437400;86.4413206030;60000;826.0754988320;600000;;
train;4;2;100;0.1250000000;0.0006478290;88.6556594100;60000;914.7311582420;660000;;
train;4;2;100;0.1250000000;0.0006404470;82.2197088410;60000;996.9508670830;720000;;
train;4;2;100;0.1250000000;0.0006528050;77.4158316790;60000;1074.3666987620;780000;;
train;4;2;100;0.1250000000;0.0006467190;73.4415665000;60000;1147.8082652620;840000;;
train;4;2;100;0.1250000000;0.0006784410;84.0696418890;60000;1231.8779071510;900000;;
train;4;2;100;0.1250000000;0.0006627090;80.4388525050;60000;1312.3167596560;960000;;
train;4;2;100;0.1250000000;0.0006655130;77.8842851050;60000;1390.2010447610;1020000;;
train;4;2;100;0.1250000000;0.0006398880;87.6156145350;60000;1477.8166592960;1080000;;
train;4;2;100;0.1250000000;0.0006590320;82.7731427600;60000;1560.5898020560;1140000;;
train;4;2;100;0.1250000000;0.0006304300;83.9656293120;60000;1644.5554313680;1200000;;
train;4;2;100;0.1250000000;0.0119655150;82.5586399170;60000;1727.1140712850;1260000;;
train;4;2;100;0.1250000000;0.0006191550;85.2034214760;60000;1812.3174927610;1320000;;
train;4;2;100;0.1250000000;0.0006249870;74.0243520890;60000;1886.3418448500;1380000;;
train;4;2;100;0.1250000000;0.0005886130;94.2284042610;60000;1980.5702491110;1440000;;
train;4;2;100;0.1250000000;0.0006383670;85.7781641610;60000;2066.3484132720;1500000;;
train;4;2;100;0.1250000000;0.0006591730;75.9841660650;60000;2142.3325793370;1560000;;
train;4;2;100;0.1250000000;0.0006463880;73.6234797180;60000;2215.9560590550;1620000;;
train;4;2;100;0.1250000000;0.0006550180;88.2058836250;60000;2304.1619426800;1680000;;
train;4;2;100;0.1250000000;0.0006433580;86.6822927220;60000;2390.8442354020;1740000;;
train;4;2;100;0.1250000000;0.0006343830;81.8341417680;60000;2472.6783771700;1800000;;
train;4;2;100;0.1250000000;0.0006374930;85.7720685210;60000;2558.4504456910;1860000;;
train;4;2;100;0.1250000000;0.0006378990;89.1126322320;60000;2647.5630779230;1920000;;
train;4;2;100;0.1250000000;0.0006342370;91.1297322200;60000;2738.6928101430;1980000;;
train;4;2;100;0.1250000000;0.0006617380;86.2493293630;60000;2824.9421395060;2040000;;
train;4;2;100;0.1250000000;0.0006246770;80.6015233030;60000;2905.5436628090;2100000;;
train;4;2;100;0.1250000000;0.0006396690;72.2326838700;60000;2977.7763466790;2160000;;
train;4;2;100;0.1250000000;0.0006577390;88.6001733770;60000;3066.3765200560;2220000;;
train;4;2;100;0.1250000000;0.0006393610;89.2360161860;60000;3155.6125362420;2280000;;
train;4;2;100;0.1250000000;0.0006318740;76.2636897390;60000;3231.8762259810;2340000;;
train;4;2;100;0.1250000000;0.0006567260;72.4954067390;60000;3304.3716327200;2400000;;
train;4;2;100;0.1250000000;0.0006302940;87.3441177970;60000;3391.7157505170;2460000;;
train;4;2;100;0.1250000000;0.0006775620;79.6904176690;60000;3471.4061681860;2520000;;
train;4;2;100;0.1250000000;0.0006193750;81.3496004610;60000;3552.7557686470;2580000;;
train;4;2;100;0.1250000000;0.0035858760;73.7928537390;60000;3626.5486223860;2640000;;
train;4;2;100;0.1250000000;0.0006177950;91.9272707210;60000;3718.4758931070;2700000;;
train;4;2;100;0.1250000000;0.0006483940;78.0231975480;60000;3796.4990906550;2760000;;
train;4;2;100;0.1250000000;0.0006905960;89.2956562290;60000;3885.7947468840;2820000;;
train;4;2;100;0.1250000000;0.0037434570;73.6149137320;60000;3959.4096606160;2880000;;
train;4;2;100;0.1250000000;0.0006806340;79.6456387670;60000;4039.0552993830;2940000;;
train;4;2;100;0.1250000000;0.0006552970;88.0626459100;60000;4127.1179452930;3000000;;
test;4;2;100;0.1250000000;0.0006085380;21.5844031250;60000;4127.1179452930;3000000;58878;1122
test;4;2;100;0.1250000000;0.0006337100;4.5265961160;10000;4127.1179452930;3000000;9686;314
train;4;2;100;0.1250000000;0.0005842850;82.4467042040;60000;4209.5646494970;3060000;;
train;4;2;100;0.1250000000;0.0006238560;77.0622529200;60000;4286.6269024170;3120000;;
train;4;2;100;0.1250000000;0.0006430560;80.4853528300;60000;4367.1122552470;3180000;;
train;4;2;100;0.1250000000;0.0004635430;78.1774064410;60000;4445.2896616880;3240000;;
train;4;2;100;0.1250000000;0.0004709120;78.0358001370;60000;4523.3254618250;3300000;;
train;4;2;100;0.1250000000;0.0006217350;82.1809048010;60000;4605.5063666260;3360000;;
train;4;2;100;0.1250000000;0.0004637290;77.6666337100;60000;4683.1730003360;3420000;;
train;4;2;100;0.1250000000;0.0009861760;78.9153877310;60000;4762.0883880670;3480000;;
train;4;2;100;0.1250000000;0.0006346890;81.1499117570;60000;4843.2382998240;3540000;;
train;4;2;100;0.1250000000;0.0006994480;80.9797462510;60000;4924.2180460750;3600000;;
train;4;2;100;0.1250000000;0.0006210910;76.1694117610;60000;5000.3874578360;3660000;;
train;4;2;100;0.1250000000;0.0004737940;80.4909170460;60000;5080.8783748820;3720000;;
train;4;2;100;0.1250000000;0.0004986100;79.8279520880;60000;5160.7063269700;3780000;;
train;4;2;100;0.1250000000;0.0004714170;79.9291028400;60000;5240.6354298100;3840000;;
train;4;2;100;0.1250000000;0.0006515750;82.4489631190;60000;5323.0843929290;3900000;;
train;4;2;100;0.1250000000;0.0006215720;80.4461245130;60000;5403.5305174420;3960000;;
train;4;2;100;0.1250000000;0.0004594560;86.4493792450;60000;5489.9798966870;4020000;;
train;4;2;100;0.1250000000;0.0006119530;81.2743718550;60000;5571.2542685420;4080000;;
train;4;2;100;0.1250000000;0.0006198680;82.2707918160;60000;5653.5250603580;4140000;;
train;4;2;100;0.1250000000;0.0006307130;78.8011297370;60000;5732.3261900950;4200000;;
train;4;2;100;0.1250000000;0.0009936370;80.7855306420;60000;5813.1117207370;4260000;;
train;4;2;100;0.1250000000;0.0004627710;80.2554536090;60000;5893.3671743460;4320000;;
train;4;2;100;0.1250000000;0.0006381230;81.2484295710;60000;5974.6156039170;4380000;;
train;4;2;100;0.1250000000;0.0006245080;76.3243052720;60000;6050.9399091890;4440000;;
train;4;2;100;0.1250000000;0.0004658660;80.6758819250;60000;6131.6157911140;4500000;;
train;4;2;100;0.1250000000;0.0006188020;82.4887924990;60000;6214.1045836130;4560000;;
train;4;2;100;0.1250000000;0.0006312920;79.9925448780;60000;6294.0971284910;4620000;;
train;4;2;100;0.1250000000;0.0007145380;77.5905254650;60000;6371.6876539560;4680000;;
train;4;2;100;0.1250000000;0.0006584220;83.4109891500;60000;6455.0986431060;4740000;;
train;4;2;100;0.1250000000;0.0006082980;81.3067194100;60000;6536.4053625160;4800000;;
train;4;2;100;0.1250000000;0.0007765010;80.5025237810;60000;6616.9078862970;4860000;;
train;4;2;100;0.1250000000;0.0006308700;81.4302853610;60000;6698.3381716580;4920000;;
train;4;2;100;0.1250000000;0.0005003330;80.0907918960;60000;6778.4289635540;4980000;;
train;4;2;100;0.1250000000;0.0006252290;76.4995758170;60000;6854.9285393710;5040000;;
train;4;2;100;0.1250000000;0.0006458640;82.0811109250;60000;6937.0096502960;5100000;;
train;4;2;100;0.1250000000;0.0004576150;83.8444259900;60000;7020.8540762860;5160000;;
train;4;2;100;0.1250000000;0.0006214480;81.4707125140;60000;7102.3247888000;5220000;;
train;4;2;100;0.1250000000;0.0006228850;80.4283205440;60000;7182.7531093440;5280000;;
train;4;2;100;0.1250000000;0.0006137830;82.2107642400;60000;7264.9638735840;5340000;;
train;4;2;100;0.1250000000;0.0004578880;79.3829161000;60000;7344.3467896840;5400000;;
train;4;2;100;0.1250000000;0.0006278180;73.6044009870;60000;7417.9511906710;5460000;;
train;4;2;100;0.1250000000;0.0006556830;80.8366361760;60000;7498.7878268470;5520000;;
train;4;2;100;0.1250000000;0.0005102820;80.7111346280;60000;7579.4989614750;5580000;;
train;4;2;100;0.1250000000;0.0006472930;78.7968549970;60000;7658.2958164720;5640000;;
train;4;2;100;0.1250000000;0.0006490740;79.4194637440;60000;7737.7152802160;5700000;;
train;4;2;100;0.1250000000;0.0006449760;80.4681418440;60000;7818.1834220600;5760000;;
train;4;2;100;0.1250000000;0.0006574470;79.2317504490;60000;7897.4151725090;5820000;;
train;4;2;100;0.1250000000;0.0007135590;82.0296968340;60000;7979.4448693430;5880000;;
train;4;2;100;0.1250000000;0.0006507030;77.3274581050;60000;8056.7723274480;5940000;;
train;4;2;100;0.1250000000;0.0006257190;79.1214558830;60000;8135.8937833310;6000000;;
test;4;2;100;0.1250000000;0.0006224320;23.3533163800;60000;8135.8937833310;6000000;59427;573
test;4;2;100;0.1250000000;0.0004815790;3.7449354350;10000;8135.8937833310;6000000;9694;306
