Mode;CPUs;Parallel;WorkerBatch;LearningRate;WorkerSetupTime;EpochElapsedTime;EpochLines;TotalElapsedTime;TotalLines;Correct;Incorrect
train;4;8;100;0.1250000000;0.0018981050;59.2128893360;60000;59.2128893360;60000;;
train;4;8;100;0.1250000000;0.0020292770;61.0490882500;60000;120.2619775860;120000;;
train;4;8;100;0.1250000000;0.0018827050;66.1474972250;60000;186.4094748110;180000;;
train;4;8;100;0.1250000000;0.0024948410;71.5618056530;60000;257.9712804640;240000;;
train;4;8;100;0.1250000000;0.0063043740;61.4569910150;60000;319.4282714790;300000;;
train;4;8;100;0.1250000000;0.0021467850;64.1454984230;60000;383.5737699020;360000;;
train;4;8;100;0.1250000000;0.0020897080;64.0717331590;60000;447.6455030610;420000;;
train;4;8;100;0.1250000000;0.0019216580;65.2169023080;60000;512.8624053690;480000;;
train;4;8;100;0.1250000000;0.0019473900;60.6252081540;60000;573.4876135230;540000;;
train;4;8;100;0.1250000000;0.0020272040;60.3398464770;60000;633.8274600000;600000;;
train;4;8;100;0.1250000000;0.0019627470;64.8601214870;60000;698.6875814870;660000;;
train;4;8;100;0.1250000000;0.0020673150;64.2991914390;60000;762.9867729260;720000;;
train;4;8;100;0.1250000000;0.0022170460;61.2456724260;60000;824.2324453520;780000;;
train;4;8;100;0.1250000000;0.0018359560;65.0822393450;60000;889.3146846970;840000;;
train;4;8;100;0.1250000000;0.0020296060;64.8807946120;60000;954.1954793090;900000;;
train;4;8;100;0.1250000000;0.0020847080;60.1706920600;60000;1014.3661713690;960000;;
train;4;8;100;0.1250000000;0.0019893540;59.0408149440;60000;1073.4069863130;1020000;;
train;4;8;100;0.1250000000;0.0020490360;62.7433614830;60000;1136.1503477960;1080000;;
train;4;8;100;0.1250000000;0.0020897980;60.1331818490;60000;1196.2835296450;1140000;;
train;4;8;100;0.1250000000;0.0019779120;59.8202617740;60000;1256.1037914190;1200000;;
train;4;8;100;0.1250000000;0.0022367020;63.0125195160;60000;1319.1163109350;1260000;;
train;4;8;100;0.1250000000;0.0020072350;60.7820577880;60000;1379.8983687230;1320000;;
train;4;8;100;0.1250000000;0.0020153270;63.1580047580;60000;1443.0563734810;1380000;;
train;4;8;100;0.1250000000;0.0023334900;61.6085631530;60000;1504.6649366340;1440000;;
train;4;8;100;0.1250000000;0.0021369430;60.1570876040;60000;1564.8220242380;1500000;;
train;4;8;100;0.1250000000;0.0029197070;63.1376642010;60000;1627.9596884390;1560000;;
train;4;8;100;0.1250000000;0.0022947660;59.8346345360;60000;1687.7943229750;1620000;;
train;4;8;100;0.1250000000;0.0021705530;62.5187068610;60000;1750.3130298360;1680000;;
train;4;8;100;0.1250000000;0.0021647300;63.6491431590;60000;1813.9621729950;1740000;;
train;4;8;100;0.1250000000;0.0019178930;61.1231236580;60000;1875.0852966530;1800000;;
train;4;8;100;0.1250000000;0.0019918440;57.4152721360;60000;1932.5005687890;1860000;;
train;4;8;100;0.1250000000;0.0019182460;58.6619003580;60000;1991.1624691470;1920000;;
train;4;8;100;0.1250000000;0.0022937270;59.7061149330;60000;2050.8685840800;1980000;;
train;4;8;100;0.1250000000;0.0020592950;57.6729013000;60000;2108.5414853800;2040000;;
train;4;8;100;0.1250000000;0.0018901480;57.9346150430;60000;2166.4761004230;2100000;;
train;4;8;100;0.1250000000;0.0019328420;57.2709814300;60000;2223.7470818530;2160000;;
train;4;8;100;0.1250000000;0.0020398260;60.0946331860;60000;2283.8417150390;2220000;;
train;4;8;100;0.1250000000;0.0018837670;58.2249929930;60000;2342.0667080320;2280000;;
train;4;8;100;0.1250000000;0.0019063620;58.2590409960;60000;2400.3257490280;2340000;;
train;4;8;100;0.1250000000;0.0020331030;59.0949792000;60000;2459.4207282280;2400000;;
train;4;8;100;0.1250000000;0.0020589460;59.5203421300;60000;2518.9410703580;2460000;;
train;4;8;100;0.1250000000;0.0021397900;58.7589945350;60000;2577.7000648930;2520000;;
train;4;8;100;0.1250000000;0.0033163080;58.4736376860;60000;2636.1737025790;2580000;;
train;4;8;100;0.1250000000;0.0019445900;57.7542045730;60000;2693.9279071520;2640000;;
train;4;8;100;0.1250000000;0.0020757540;60.2109561030;60000;2754.1388632550;2700000;;
train;4;8;100;0.1250000000;0.0018528430;58.1290828230;60000;2812.2679460780;2760000;;
train;4;8;100;0.1250000000;0.0019240290;58.3802151090;60000;2870.6481611870;2820000;;
train;4;8;100;0.1250000000;0.0020227800;58.8251236840;60000;2929.4732848710;2880000;;
train;4;8;100;0.1250000000;0.0019814320;59.0062494580;60000;2988.4795343290;2940000;;
train;4;8;100;0.1250000000;0.0023010660;59.8713349930;60000;3048.3508693220;3000000;;
test;4;8;100;0.1250000000;0.0020919700;22.3568816310;60000;3048.3508693220;3000000;57761;2239
test;4;8;100;0.1250000000;0.0019222870;3.5197339270;10000;3048.3508693220;3000000;9571;429
train;4;8;100;0.1250000000;0.0017717490;58.9041800250;60000;3107.2550493470;3060000;;
train;4;8;100;0.1250000000;0.0020751510;57.1504074640;60000;3164.4054568110;3120000;;
train;4;8;100;0.1250000000;0.0018990600;59.8800316990;60000;3224.2854885100;3180000;;
train;4;8;100;0.1250000000;0.0018969390;57.1131844200;60000;3281.3986729300;3240000;;
train;4;8;100;0.1250000000;0.0018738020;57.6065410960;60000;3339.0052140260;3300000;;
train;4;8;100;0.1250000000;0.0018661080;58.7214821150;60000;3397.7266961410;3360000;;
train;4;8;100;0.1250000000;0.0019465210;58.4108695240;60000;3456.1375656650;3420000;;
train;4;8;100;0.1250000000;0.0020711050;58.2791971360;60000;3514.4167628010;3480000;;
train;4;8;100;0.1250000000;0.0022584200;59.7417124890;60000;3574.1584752900;3540000;;
train;4;8;100;0.1250000000;0.0020326590;57.6111288980;60000;3631.7696041880;3600000;;
train;4;8;100;0.1250000000;0.0019622040;58.4193337380;60000;3690.1889379260;3660000;;
train;4;8;100;0.1250000000;0.0022925140;59.5551063020;60000;3749.7440442280;3720000;;
train;4;8;100;0.1250000000;0.0019862360;58.0638337170;60000;3807.8078779450;3780000;;
train;4;8;100;0.1250000000;0.0019080360;57.8761637730;60000;3865.6840417180;3840000;;
train;4;8;100;0.1250000000;0.0019802700;59.0099684110;60000;3924.6940101290;3900000;;
train;4;8;100;0.1250000000;0.0021282930;59.6520040570;60000;3984.3460141860;3960000;;
train;4;8;100;0.1250000000;0.0018757030;58.2374219270;60000;4042.5834361130;4020000;;
train;4;8;100;0.1250000000;0.0018860000;68.8126971150;60000;4111.3961332280;4080000;;
train;4;8;100;0.1250000000;0.0018614840;64.1024432230;60000;4175.4985764510;4140000;;
train;4;8;100;0.1250000000;0.0028623800;64.7841012260;60000;4240.2826776770;4200000;;
train;4;8;100;0.1250000000;0.0019443320;62.4690972180;60000;4302.7517748950;4260000;;
train;4;8;100;0.1250000000;0.0023784660;58.0726445990;60000;4360.8244194940;4320000;;
train;4;8;100;0.1250000000;0.0019784960;61.1599111070;60000;4421.9843306010;4380000;;
train;4;8;100;0.1250000000;0.0019084500;66.9641167710;60000;4488.9484473720;4440000;;
train;4;8;100;0.1250000000;0.0019478060;60.1209535750;60000;4549.0694009470;4500000;;
train;4;8;100;0.1250000000;0.0019470110;66.1218856030;60000;4615.1912865500;4560000;;
train;4;8;100;0.1250000000;0.0019131640;64.2723755440;60000;4679.4636620940;4620000;;
train;4;8;100;0.1250000000;0.0021113420;65.3085000590;60000;4744.7721621530;4680000;;
train;4;8;100;0.1250000000;0.0019499100;57.1878748540;60000;4801.9600370070;4740000;;
train;4;8;100;0.1250000000;0.0019227920;58.8205140090;60000;4860.7805510160;4800000;;
train;4;8;100;0.1250000000;0.0019389430;58.8350604730;60000;4919.6156114890;4860000;;
train;4;8;100;0.1250000000;0.0018050150;59.7643688590;60000;4979.3799803480;4920000;;
train;4;8;100;0.1250000000;0.0018667940;58.4636648230;60000;5037.8436451710;4980000;;
train;4;8;100;0.1250000000;0.0018081820;59.1903585040;60000;5097.0340036750;5040000;;
train;4;8;100;0.1250000000;0.0018996640;58.8157701350;60000;5155.8497738100;5100000;;
train;4;8;100;0.1250000000;0.0020035050;57.6775785910;60000;5213.5273524010;5160000;;
train;4;8;100;0.1250000000;0.0019091470;66.9560217870;60000;5280.4833741880;5220000;;
train;4;8;100;0.1250000000;0.0018593070;67.0333086370;60000;5347.5166828250;5280000;;
train;4;8;100;0.1250000000;0.0020707830;67.0315755290;60000;5414.5482583540;5340000;;
train;4;8;100;0.1250000000;0.0019096610;65.6497518290;60000;5480.1980101830;5400000;;
train;4;8;100;0.1250000000;0.0022749990;66.4748821330;60000;5546.6728923160;5460000;;
train;4;8;100;0.1250000000;0.0020510670;66.3783350980;60000;5613.0512274140;5520000;;
train;4;8;100;0.1250000000;0.0018816450;65.4418673610;60000;5678.4930947750;5580000;;
train;4;8;100;0.1250000000;0.0018832270;66.3671623650;60000;5744.8602571400;5640000;;
train;4;8;100;0.1250000000;0.0019081120;67.0207423580;60000;5811.8809994980;5700000;;
train;4;8;100;0.1250000000;0.0019197730;65.9588553230;60000;5877.8398548210;5760000;;
train;4;8;100;0.1250000000;0.0020395990;66.3555041900;60000;5944.1953590110;5820000;;
train;4;8;100;0.1250000000;0.0049844870;66.6426252660;60000;6010.8379842770;5880000;;
train;4;8;100;0.1250000000;0.0019123090;58.9743501150;60000;6069.8123343920;5940000;;
train;4;8;100;0.1250000000;0.0018218290;60.5847844210;60000;6130.3971188130;6000000;;
test;4;8;100;0.1250000000;0.0018439420;19.0154888970;60000;6130.3971188130;6000000;58727;1273
test;4;8;100;0.1250000000;0.0020890020;3.4323615230;10000;6130.3971188130;6000000;9662;338
