Mode;CPUs;Parallel;WorkerBatch;LearningRate;WorkerSetupTime;EpochElapsedTime;EpochLines;TotalElapsedTime;TotalLines;Correct;Incorrect
train;4;3;100;0.1250000000;0.0008501030;75.0891984630;60000;75.0891984630;60000;;
train;4;3;100;0.1250000000;0.0008511760;74.2571039290;60000;149.3463023920;120000;;
train;4;3;100;0.1250000000;0.0008542420;74.0399023570;60000;223.3862047490;180000;;
train;4;3;100;0.1250000000;0.0008728240;73.8461961150;60000;297.2324008640;240000;;
train;4;3;100;0.1250000000;0.0008688770;78.9686256820;60000;376.2010265460;300000;;
train;4;3;100;0.1250000000;0.0008582990;73.4588195240;60000;449.6598460700;360000;;
train;4;3;100;0.1250000000;0.0008859430;74.0491341820;60000;523.7089802520;420000;;
train;4;3;100;0.1250000000;0.0008524540;73.5691762420;60000;597.2781564940;480000;;
train;4;3;100;0.1250000000;0.0008820460;78.0511076130;60000;675.3292641070;540000;;
train;4;3;100;0.1250000000;0.0008754880;78.2946252940;60000;753.6238894010;600000;;
train;4;3;100;0.1250000000;0.0009016000;73.6668726910;60000;827.2907620920;660000;;
train;4;3;100;0.1250000000;0.0008604000;73.8458449430;60000;901.1366070350;720000;;
train;4;3;100;0.1250000000;0.0008829320;73.6852960730;60000;974.8219031080;780000;;
train;4;3;100;0.1250000000;0.0008541000;74.7242371940;60000;1049.5461403020;840000;;
train;4;3;100;0.1250000000;0.0008865470;74.2323877120;60000;1123.7785280140;900000;;
train;4;3;100;0.1250000000;0.0008456670;74.0151401860;60000;1197.7936682000;960000;;
train;4;3;100;0.1250000000;0.0008746760;74.0972926450;60000;1271.8909608450;1020000;;
train;4;3;100;0.1250000000;0.0008703120;75.1424865530;60000;1347.0334473980;1080000;;
train;4;3;100;0.1250000000;0.0008351280;76.1376374470;60000;1423.1710848450;1140000;;
train;4;3;100;0.1250000000;0.0008709480;74.6226463430;60000;1497.7937311880;1200000;;
train;4;3;100;0.1250000000;0.0008741560;74.4572018140;60000;1572.2509330020;1260000;;
train;4;3;100;0.1250000000;0.0008850640;74.4778387140;60000;1646.7287717160;1320000;;
train;4;3;100;0.1250000000;0.0008816750;76.3507524940;60000;1723.0795242100;1380000;;
train;4;3;100;0.1250000000;0.0008819350;77.7820926400;60000;1800.8616168500;1440000;;
train;4;3;100;0.1250000000;0.0008879470;78.3006474230;60000;1879.1622642730;1500000;;
train;4;3;100;0.1250000000;0.0008635840;75.3199259710;60000;1954.4821902440;1560000;;
train;4;3;100;0.1250000000;0.0008592470;75.3494712840;60000;2029.8316615280;1620000;;
train;4;3;100;0.1250000000;0.0008600810;76.6143951150;60000;2106.4460566430;1680000;;
train;4;3;100;0.1250000000;0.0008426720;75.5735443360;60000;2182.0196009790;1740000;;
train;4;3;100;0.1250000000;0.0008888530;76.1057395190;60000;2258.1253404980;1800000;;
train;4;3;100;0.1250000000;0.0008460040;74.5802397640;60000;2332.7055802620;1860000;;
train;4;3;100;0.1250000000;0.0008218580;74.7310399180;60000;2407.4366201800;1920000;;
train;4;3;100;0.1250000000;0.0008572520;76.6066823170;60000;2484.0433024970;1980000;;
train;4;3;100;0.1250000000;0.0008566340;77.5847526570;60000;2561.6280551540;2040000;;
train;4;3;100;0.1250000000;0.0037881900;75.5575858560;60000;2637.1856410100;2100000;;
train;4;3;100;0.1250000000;0.0008458990;75.8039216000;60000;2712.9895626100;2160000;;
train;4;3;100;0.1250000000;0.0008838180;77.6184247410;60000;2790.6079873510;2220000;;
train;4;3;100;0.1250000000;0.0017036930;74.6799297150;60000;2865.2879170660;2280000;;
train;4;3;100;0.1250000000;0.0008923810;74.4415145560;60000;2939.7294316220;2340000;;
train;4;3;100;0.1250000000;0.0008706040;74.5800054310;60000;3014.3094370530;2400000;;
train;4;3;100;0.1250000000;0.0008971520;76.0827848470;60000;3090.3922219000;2460000;;
train;4;3;100;0.1250000000;0.0008932990;77.8640862790;60000;3168.2563081790;2520000;;
train;4;3;100;0.1250000000;0.0008898660;75.8621829360;60000;3244.1184911150;2580000;;
train;4;3;100;0.1250000000;0.0008461290;74.4444881820;60000;3318.5629792970;2640000;;
train;4;3;100;0.1250000000;0.0008909700;75.8871449920;60000;3394.4501242890;2700000;;
train;4;3;100;0.1250000000;0.0008945990;74.7616490610;60000;3469.2117733500;2760000;;
train;4;3;100;0.1250000000;0.0008672770;74.8158706470;60000;3544.0276439970;2820000;;
train;4;3;100;0.1250000000;0.0008535080;75.0135828820;60000;3619.0412268790;2880000;;
train;4;3;100;0.1250000000;0.0008343530;74.9943925940;60000;3694.0356194730;2940000;;
train;4;3;100;0.1250000000;0.0008691150;76.1220904840;60000;3770.1577099570;3000000;;
test;4;3;100;0.1250000000;0.0008628790;25.3449758980;60000;3770.1577099570;3000000;58634;1366
test;4;3;100;0.1250000000;0.0008817030;4.2761002740;10000;3770.1577099570;3000000;9665;335
train;4;3;100;0.1250000000;0.0008106050;72.1523824430;60000;3842.3100924000;3060000;;
train;4;3;100;0.1250000000;0.0006355790;72.5885434950;60000;3914.8986358950;3120000;;
train;4;3;100;0.1250000000;0.0008172270;72.4593261150;60000;3987.3579620100;3180000;;
train;4;3;100;0.1250000000;0.0008395010;73.0384371580;60000;4060.3963991680;3240000;;
train;4;3;100;0.1250000000;0.0008742590;74.1893817480;60000;4134.5857809160;3300000;;
train;4;3;100;0.1250000000;0.0008427210;70.9334307150;60000;4205.5192116310;3360000;;
train;4;3;100;0.1250000000;0.0008581120;71.8298589430;60000;4277.3490705740;3420000;;
train;4;3;100;0.1250000000;0.0008350840;72.6532547670;60000;4350.0023253410;3480000;;
train;4;3;100;0.1250000000;0.0008413370;73.3171884570;60000;4423.3195137980;3540000;;
train;4;3;100;0.1250000000;0.0006919840;79.0717620050;60000;4502.3912758030;3600000;;
train;4;3;100;0.1250000000;0.0008016140;76.0025032650;60000;4578.3937790680;3660000;;
train;4;3;100;0.1250000000;0.0008309570;73.3207117610;60000;4651.7144908290;3720000;;
train;4;3;100;0.1250000000;0.0008640440;74.8640770560;60000;4726.5785678850;3780000;;
train;4;3;100;0.1250000000;0.0008811460;71.5071186800;60000;4798.0856865650;3840000;;
train;4;3;100;0.1250000000;0.0007955850;71.5063917460;60000;4869.5920783110;3900000;;
train;4;3;100;0.1250000000;0.0008183000;70.6085189730;60000;4940.2005972840;3960000;;
train;4;3;100;0.1250000000;0.0008499820;72.1952799750;60000;5012.3958772590;4020000;;
train;4;3;100;0.1250000000;0.0008304720;70.1163995190;60000;5082.5122767780;4080000;;
train;4;3;100;0.1250000000;0.0008264100;74.0688251940;60000;5156.5811019720;4140000;;
train;4;3;100;0.1250000000;0.0010948000;73.4316467270;60000;5230.0127486990;4200000;;
train;4;3;100;0.1250000000;0.0008197940;73.2023141270;60000;5303.2150628260;4260000;;
train;4;3;100;0.1250000000;0.0008470740;72.2168114110;60000;5375.4318742370;4320000;;
train;4;3;100;0.1250000000;0.0008231520;70.6789726950;60000;5446.1108469320;4380000;;
train;4;3;100;0.1250000000;0.0008252370;76.3760648100;60000;5522.4869117420;4440000;;
train;4;3;100;0.1250000000;0.0008235670;71.3818213350;60000;5593.8687330770;4500000;;
train;4;3;100;0.1250000000;0.0008482330;72.4916668080;60000;5666.3603998850;4560000;;
train;4;3;100;0.1250000000;0.0008418560;71.9550675800;60000;5738.3154674650;4620000;;
train;4;3;100;0.1250000000;0.0008356060;74.4006542220;60000;5812.7161216870;4680000;;
train;4;3;100;0.1250000000;0.0008137260;71.3966429530;60000;5884.1127646400;4740000;;
train;4;3;100;0.1250000000;0.0015872020;71.9921018600;60000;5956.1048665000;4800000;;
train;4;3;100;0.1250000000;0.0008439280;71.6148122660;60000;6027.7196787660;4860000;;
train;4;3;100;0.1250000000;0.0008303700;72.6872013740;60000;6100.4068801400;4920000;;
train;4;3;100;0.1250000000;0.0008953320;72.5655848070;60000;6172.9724649470;4980000;;
train;4;3;100;0.1250000000;0.0009325580;71.4086290090;60000;6244.3810939560;5040000;;
train;4;3;100;0.1250000000;0.0008560230;71.2343726160;60000;6315.6154665720;5100000;;
train;4;3;100;0.1250000000;0.0008518120;69.8606794100;60000;6385.4761459820;5160000;;
train;4;3;100;0.1250000000;0.0006621590;71.2286055050;60000;6456.7047514870;5220000;;
train;4;3;100;0.1250000000;0.0008152250;71.8289348760;60000;6528.5336863630;5280000;;
train;4;3;100;0.1250000000;0.0012822980;72.2599995410;60000;6600.7936859040;5340000;;
train;4;3;100;0.1250000000;0.0009338370;72.9177202370;60000;6673.7114061410;5400000;;
train;4;3;100;0.1250000000;0.0008539770;77.2114837400;60000;6750.9228898810;5460000;;
train;4;3;100;0.1250000000;0.0008633790;71.6226708560;60000;6822.5455607370;5520000;;
train;4;3;100;0.1250000000;0.0008459710;70.1276819570;60000;6892.6732426940;5580000;;
train;4;3;100;0.1250000000;0.0008301740;71.5124172430;60000;6964.1856599370;5640000;;
train;4;3;100;0.1250000000;0.0006309380;71.9285993230;60000;7036.1142592600;5700000;;
train;4;3;100;0.1250000000;0.0008319930;71.4317097510;60000;7107.5459690110;5760000;;
train;4;3;100;0.1250000000;0.0008571480;71.2322785210;60000;7178.7782475320;5820000;;
train;4;3;100;0.1250000000;0.0008545360;70.5001126370;60000;7249.2783601690;5880000;;
train;4;3;100;0.1250000000;0.0008296490;71.0976965080;60000;7320.3760566770;5940000;;
train;4;3;100;0.1250000000;0.0008298010;71.8859141490;60000;7392.2619708260;6000000;;
test;4;3;100;0.1250000000;0.0008390690;22.1393172640;60000;7392.2619708260;6000000;59274;726
test;4;3;100;0.1250000000;0.0007876330;4.2188373840;10000;7392.2619708260;6000000;9706;294
