Mode;CPUs;Parallel;WorkerBatch;LearningRate;WorkerSetupTime;EpochElapsedTime;EpochLines;TotalElapsedTime;TotalLines;Correct;Incorrect
train;4;5;100;0.1250000000;0.0012734790;59.8289001110;60000;59.8289001110;60000;;
train;4;5;100;0.1250000000;0.0012877350;59.2810521780;60000;119.1099522890;120000;;
train;4;5;100;0.1250000000;0.0012612310;60.5216839790;60000;179.6316362680;180000;;
train;4;5;100;0.1250000000;0.0012461120;58.8902581020;60000;238.5218943700;240000;;
train;4;5;100;0.1250000000;0.0012584710;59.5479576500;60000;298.0698520200;300000;;
train;4;5;100;0.1250000000;0.0013582770;59.0012716150;60000;357.0711236350;360000;;
train;4;5;100;0.1250000000;0.0012393890;61.1747505060;60000;418.2458741410;420000;;
train;4;5;100;0.1250000000;0.0012592200;60.6549159080;60000;478.9007900490;480000;;
train;4;5;100;0.1250000000;0.0012887220;61.1238336930;60000;540.0246237420;540000;;
train;4;5;100;0.1250000000;0.0013193550;60.2816342620;60000;600.3062580040;600000;;
train;4;5;100;0.1250000000;0.0013317440;59.9288964610;60000;660.2351544650;660000;;
train;4;5;100;0.1250000000;0.0013103180;59.8093048730;60000;720.0444593380;720000;;
train;4;5;100;0.1250000000;0.0012595960;61.0817127690;60000;781.1261721070;780000;;
train;4;5;100;0.1250000000;0.0013017090;62.9410404660;60000;844.0672125730;840000;;
train;4;5;100;0.1250000000;0.0012800910;57.8052800190;60000;901.8724925920;900000;;
train;4;5;100;0.1250000000;0.0012781010;58.5872078250;60000;960.4597004170;960000;;
train;4;5;100;0.1250000000;0.0012811930;58.5419697210;60000;1019.0016701380;1020000;;
train;4;5;100;0.1250000000;0.0013123700;58.4830956520;60000;1077.4847657900;1080000;;
train;4;5;100;0.1250000000;0.0012948830;59.7418717490;60000;1137.2266375390;1140000;;
train;4;5;100;0.1250000000;0.0013243410;57.7154552520;60000;1194.9420927910;1200000;;
train;4;5;100;0.1250000000;0.0012444540;59.8133388470;60000;1254.7554316380;1260000;;
train;4;5;100;0.1250000000;0.0013055270;59.6737987820;60000;1314.4292304200;1320000;;
train;4;5;100;0.1250000000;0.0012830200;59.3629875950;60000;1373.7922180150;1380000;;
train;4;5;100;0.1250000000;0.0013331780;59.4150063300;60000;1433.2072243450;1440000;;
train;4;5;100;0.1250000000;0.0012499120;57.9215481540;60000;1491.1287724990;1500000;;
train;4;5;100;0.1250000000;0.0012691010;57.9885957680;60000;1549.1173682670;1560000;;
train;4;5;100;0.1250000000;0.0012732160;57.8812139320;60000;1606.9985821990;1620000;;
train;4;5;100;0.1250000000;0.0012966470;58.4919119490;60000;1665.4904941480;1680000;;
train;4;5;100;0.1250000000;0.0012898230;59.5704209250;60000;1725.0609150730;1740000;;
train;4;5;100;0.1250000000;0.0012961330;59.1787230020;60000;1784.2396380750;1800000;;
train;4;5;100;0.1250000000;0.0012659970;58.6390008190;60000;1842.8786388940;1860000;;
train;4;5;100;0.1250000000;0.0012528930;62.0155131240;60000;1904.8941520180;1920000;;
train;4;5;100;0.1250000000;0.0012990600;60.9505696540;60000;1965.8447216720;1980000;;
train;4;5;100;0.1250000000;0.0012981490;62.7254641170;60000;2028.5701857890;2040000;;
train;4;5;100;0.1250000000;0.0012733230;63.8315941800;60000;2092.4017799690;2100000;;
train;4;5;100;0.1250000000;0.0012950260;58.4966639500;60000;2150.8984439190;2160000;;
train;4;5;100;0.1250000000;0.0013095190;62.3775537640;60000;2213.2759976830;2220000;;
train;4;5;100;0.1250000000;0.0012579190;58.4087295900;60000;2271.6847272730;2280000;;
train;4;5;100;0.1250000000;0.0013270790;58.2544376460;60000;2329.9391649190;2340000;;
train;4;5;100;0.1250000000;0.0012681890;57.8783067060;60000;2387.8174716250;2400000;;
train;4;5;100;0.1250000000;0.0012277570;58.4883061990;60000;2446.3057778240;2460000;;
train;4;5;100;0.1250000000;0.0012648020;61.3791600660;60000;2507.6849378900;2520000;;
train;4;5;100;0.1250000000;0.0013079560;63.1878384240;60000;2570.8727763140;2580000;;
train;4;5;100;0.1250000000;0.0012426750;61.3327234980;60000;2632.2054998120;2640000;;
train;4;5;100;0.1250000000;0.0013099910;60.3338840050;60000;2692.5393838170;2700000;;
train;4;5;100;0.1250000000;0.0012352160;61.9512710230;60000;2754.4906548400;2760000;;
train;4;5;100;0.1250000000;0.0012600810;63.3504572820;60000;2817.8411121220;2820000;;
train;4;5;100;0.1250000000;0.0012783870;58.4842573300;60000;2876.3253694520;2880000;;
train;4;5;100;0.1250000000;0.0012629940;60.1467091580;60000;2936.4720786100;2940000;;
train;4;5;100;0.1250000000;0.0013308590;59.1828651750;60000;2995.6549437850;3000000;;
test;4;5;100;0.1250000000;0.0012607990;20.3959090670;60000;2995.6549437850;3000000;58216;1784
test;4;5;100;0.1250000000;0.0012783000;3.5593553930;10000;2995.6549437850;3000000;9614;386
train;4;5;100;0.1250000000;0.0012298270;57.8610928170;60000;3053.5160366020;3060000;;
train;4;5;100;0.1250000000;0.0012500930;59.6195775800;60000;3113.1356141820;3120000;;
train;4;5;100;0.1250000000;0.0012309190;59.0068777670;60000;3172.1424919490;3180000;;
train;4;5;100;0.1250000000;0.0012834250;59.9587355960;60000;3232.1012275450;3240000;;
train;4;5;100;0.1250000000;0.0012847590;59.2027678080;60000;3291.3039953530;3300000;;
train;4;5;100;0.1250000000;0.0012770840;57.8832141880;60000;3349.1872095410;3360000;;
train;4;5;100;0.1250000000;0.0012524610;60.3937867160;60000;3409.5809962570;3420000;;
train;4;5;100;0.1250000000;0.0012432310;62.9930953690;60000;3472.5740916260;3480000;;
train;4;5;100;0.1250000000;0.0012310500;58.2178546130;60000;3530.7919462390;3540000;;
train;4;5;100;0.1250000000;0.0012481360;61.4856855070;60000;3592.2776317460;3600000;;
train;4;5;100;0.1250000000;0.0012353630;59.5188626460;60000;3651.7964943920;3660000;;
train;4;5;100;0.1250000000;0.0012525920;61.7511997070;60000;3713.5476940990;3720000;;
train;4;5;100;0.1250000000;0.0012224870;61.1013766940;60000;3774.6490707930;3780000;;
train;4;5;100;0.1250000000;0.0012689110;61.6596381720;60000;3836.3087089650;3840000;;
train;4;5;100;0.1250000000;0.0012464280;60.5283624180;60000;3896.8370713830;3900000;;
train;4;5;100;0.1250000000;0.0012886640;59.1473591510;60000;3955.9844305340;3960000;;
train;4;5;100;0.1250000000;0.0012248330;58.4899580680;60000;4014.4743886020;4020000;;
train;4;5;100;0.1250000000;0.0012386040;58.6889982410;60000;4073.1633868430;4080000;;
train;4;5;100;0.1250000000;0.0113187300;58.4158242110;60000;4131.5792110540;4140000;;
train;4;5;100;0.1250000000;0.0012309230;59.6291663060;60000;4191.2083773600;4200000;;
train;4;5;100;0.1250000000;0.0012525330;58.5031252610;60000;4249.7115026210;4260000;;
train;4;5;100;0.1250000000;0.0012183120;59.4251487040;60000;4309.1366513250;4320000;;
train;4;5;100;0.1250000000;0.0012669180;59.5018317350;60000;4368.6384830600;4380000;;
train;4;5;100;0.1250000000;0.0012138540;59.0463941150;60000;4427.6848771750;4440000;;
train;4;5;100;0.1250000000;0.0019256730;58.1553418460;60000;4485.8402190210;4500000;;
train;4;5;100;0.1250000000;0.0012558240;57.6978339780;60000;4543.5380529990;4560000;;
train;4;5;100;0.1250000000;0.0012534890;58.2025516780;60000;4601.7406046770;4620000;;
train;4;5;100;0.1250000000;0.0012257800;58.3950775660;60000;4660.1356822430;4680000;;
train;4;5;100;0.1250000000;0.0012716820;59.0162675320;60000;4719.1519497750;4740000;;
train;4;5;100;0.1250000000;0.0012918450;59.9034231220;60000;4779.0553728970;4800000;;
train;4;5;100;0.1250000000;0.0012715380;59.0191310190;60000;4838.0745039160;4860000;;
train;4;5;100;0.1250000000;0.0012417290;58.7121445600;60000;4896.7866484760;4920000;;
train;4;5;100;0.1250000000;0.0012753450;59.2863026400;60000;4956.0729511160;4980000;;
train;4;5;100;0.1250000000;0.0012615950;59.7149559610;60000;5015.7879070770;5040000;;
train;4;5;100;0.1250000000;0.0012319250;59.6239901460;60000;5075.4118972230;5100000;;
train;4;5;100;0.1250000000;0.0012080620;59.2137337010;60000;5134.6256309240;5160000;;
train;4;5;100;0.1250000000;0.0012655190;59.3256052740;60000;5193.9512361980;5220000;;
train;4;5;100;0.1250000000;0.0012269010;59.6838723190;60000;5253.6351085170;5280000;;
train;4;5;100;0.1250000000;0.0012200530;58.8366226800;60000;5312.4717311970;5340000;;
train;4;5;100;0.1250000000;0.0012507120;60.3003897750;60000;5372.7721209720;5400000;;
train;4;5;100;0.1250000000;0.0012714440;58.3815001570;60000;5431.1536211290;5460000;;
train;4;5;100;0.1250000000;0.0012521930;60.2130859840;60000;5491.3667071130;5520000;;
train;4;5;100;0.1250000000;0.0020696300;64.6353372540;60000;5556.0020443670;5580000;;
train;4;5;100;0.1250000000;0.0012793020;69.8082361970;60000;5625.8102805640;5640000;;
train;4;5;100;0.1250000000;0.0012627750;69.1641162390;60000;5694.9743968030;5700000;;
train;4;5;100;0.1250000000;0.0012158180;65.4576694380;60000;5760.4320662410;5760000;;
train;4;5;100;0.1250000000;0.0012759230;64.4719035520;60000;5824.9039697930;5820000;;
train;4;5;100;0.1250000000;0.0012787150;58.1185632800;60000;5883.0225330730;5880000;;
train;4;5;100;0.1250000000;0.0012912480;60.2463341140;60000;5943.2688671870;5940000;;
train;4;5;100;0.1250000000;0.0012358190;58.7612864530;60000;6002.0301536400;6000000;;
test;4;5;100;0.1250000000;0.0012428030;20.1747749440;60000;6002.0301536400;6000000;59077;923
test;4;5;100;0.1250000000;0.0011910330;3.5179600340;10000;6002.0301536400;6000000;9703;297
