Mode;CPUs;Parallel;WorkerBatch;LearningRate;WorkerSetupTime;EpochElapsedTime;EpochLines;TotalElapsedTime;TotalLines;Correct;Incorrect
train;4;4;100;0.1250000000;0.0010396290;58.4685297160;60000;58.4685297160;60000;;
train;4;4;100;0.1250000000;0.0010803720;55.7721714420;60000;114.2407011580;120000;;
train;4;4;100;0.1250000000;0.0010738600;58.0380478110;60000;172.2787489690;180000;;
train;4;4;100;0.1250000000;0.0010946830;58.0119914200;60000;230.2907403890;240000;;
train;4;4;100;0.1250000000;0.0010618430;58.6517237140;60000;288.9424641030;300000;;
train;4;4;100;0.1250000000;0.0030457420;59.4189224530;60000;348.3613865560;360000;;
train;4;4;100;0.1250000000;0.0010634890;57.5826741980;60000;405.9440607540;420000;;
train;4;4;100;0.1250000000;0.0011120960;57.1376308610;60000;463.0816916150;480000;;
train;4;4;100;0.1250000000;0.0010769840;56.5107361550;60000;519.5924277700;540000;;
train;4;4;100;0.1250000000;0.0010868910;59.7755950860;60000;579.3680228560;600000;;
train;4;4;100;0.1250000000;0.0010540820;56.7015775670;60000;636.0696004230;660000;;
train;4;4;100;0.1250000000;0.0010792750;59.5833209110;60000;695.6529213340;720000;;
train;4;4;100;0.1250000000;0.0010634430;57.5133296920;60000;753.1662510260;780000;;
train;4;4;100;0.1250000000;0.0010781730;59.4326903490;60000;812.5989413750;840000;;
train;4;4;100;0.1250000000;0.0010749380;57.4452286150;60000;870.0441699900;900000;;
train;4;4;100;0.1250000000;0.0011187510;56.4338017840;60000;926.4779717740;960000;;
train;4;4;100;0.1250000000;0.0010677460;59.1319679170;60000;985.6099396910;1020000;;
train;4;4;100;0.1250000000;0.0010804260;56.5303405920;60000;1042.1402802830;1080000;;
train;4;4;100;0.1250000000;0.0011151690;57.1455079760;60000;1099.2857882590;1140000;;
train;4;4;100;0.1250000000;0.0010306960;59.0045372730;60000;1158.2903255320;1200000;;
train;4;4;100;0.1250000000;0.0011034390;57.0471278980;60000;1215.3374534300;1260000;;
train;4;4;100;0.1250000000;0.0010951370;58.0278178450;60000;1273.3652712750;1320000;;
train;4;4;100;0.1250000000;0.0010675670;63.4009417370;60000;1336.7662130120;1380000;;
train;4;4;100;0.1250000000;0.0010949610;59.0233721430;60000;1395.7895851550;1440000;;
train;4;4;100;0.1250000000;0.0010836380;57.4330324450;60000;1453.2226176000;1500000;;
train;4;4;100;0.1250000000;0.0010883220;56.7318221810;60000;1509.9544397810;1560000;;
train;4;4;100;0.1250000000;0.0010748920;58.7003670030;60000;1568.6548067840;1620000;;
train;4;4;100;0.1250000000;0.0010594820;57.2660380530;60000;1625.9208448370;1680000;;
train;4;4;100;0.1250000000;0.0010783530;58.6832860240;60000;1684.6041308610;1740000;;
train;4;4;100;0.1250000000;0.0010882520;57.0762489620;60000;1741.6803798230;1800000;;
train;4;4;100;0.1250000000;0.0011178520;56.9829046970;60000;1798.6632845200;1860000;;
train;4;4;100;0.1250000000;0.0011272990;57.3524665890;60000;1856.0157511090;1920000;;
train;4;4;100;0.1250000000;0.0010649950;57.2404173340;60000;1913.2561684430;1980000;;
train;4;4;100;0.1250000000;0.0010750640;57.1414048820;60000;1970.3975733250;2040000;;
train;4;4;100;0.1250000000;0.0011209870;57.2054782360;60000;2027.6030515610;2100000;;
train;4;4;100;0.1250000000;0.0010901200;57.0512003950;60000;2084.6542519560;2160000;;
train;4;4;100;0.1250000000;0.0014654180;57.7142526430;60000;2142.3685045990;2220000;;
train;4;4;100;0.1250000000;0.0010826290;66.1609613430;60000;2208.5294659420;2280000;;
train;4;4;100;0.1250000000;0.0010845490;57.5052473800;60000;2266.0347133220;2340000;;
train;4;4;100;0.1250000000;0.0010578720;58.3318839550;60000;2324.3665972770;2400000;;
train;4;4;100;0.1250000000;0.0010599970;57.1514180990;60000;2381.5180153760;2460000;;
train;4;4;100;0.1250000000;0.0155730880;57.4013135430;60000;2438.9193289190;2520000;;
train;4;4;100;0.1250000000;0.0010908840;60.3211263740;60000;2499.2404552930;2580000;;
train;4;4;100;0.1250000000;0.0011096140;59.6844227030;60000;2558.9248779960;2640000;;
train;4;4;100;0.1250000000;0.0011078580;57.3401715740;60000;2616.2650495700;2700000;;
train;4;4;100;0.1250000000;0.0010873140;58.3923443860;60000;2674.6573939560;2760000;;
train;4;4;100;0.1250000000;0.0010360370;60.3438818130;60000;2735.0012757690;2820000;;
train;4;4;100;0.1250000000;0.0010586630;63.9612427340;60000;2798.9625185030;2880000;;
train;4;4;100;0.1250000000;0.0010762830;61.7576052700;60000;2860.7201237730;2940000;;
train;4;4;100;0.1250000000;0.0010707600;63.1482477040;60000;2923.8683714770;3000000;;
test;4;4;100;0.1250000000;0.0010813320;20.8140328160;60000;2923.8683714770;3000000;58455;1545
test;4;4;100;0.1250000000;0.0010778680;3.4289574200;10000;2923.8683714770;3000000;9660;340
train;4;4;100;0.1250000000;0.0009778950;59.0118807880;60000;2982.8802522650;3060000;;
train;4;4;100;0.1250000000;0.0010463030;57.5206201920;60000;3040.4008724570;3120000;;
train;4;4;100;0.1250000000;0.0010535110;58.6379356320;60000;3099.0388080890;3180000;;
train;4;4;100;0.1250000000;0.0010356000;57.7319933130;60000;3156.7708014020;3240000;;
train;4;4;100;0.1250000000;0.0010362840;57.2872528360;60000;3214.0580542380;3300000;;
train;4;4;100;0.1250000000;0.0010579740;56.8637474540;60000;3270.9218016920;3360000;;
train;4;4;100;0.1250000000;0.0010293190;65.4823906750;60000;3336.4041923670;3420000;;
train;4;4;100;0.1250000000;0.0010766460;57.9483833760;60000;3394.3525757430;3480000;;
train;4;4;100;0.1250000000;0.0010493240;59.8372374260;60000;3454.1898131690;3540000;;
train;4;4;100;0.1250000000;0.0010364110;61.2160794660;60000;3515.4058926350;3600000;;
train;4;4;100;0.1250000000;0.0010526980;57.1413407050;60000;3572.5472333400;3660000;;
train;4;4;100;0.1250000000;0.0010340690;57.2507397530;60000;3629.7979730930;3720000;;
train;4;4;100;0.1250000000;0.0010590500;57.2549401020;60000;3687.0529131950;3780000;;
train;4;4;100;0.1250000000;0.0010467690;56.8717520960;60000;3743.9246652910;3840000;;
train;4;4;100;0.1250000000;0.0010251530;64.8225040980;60000;3808.7471693890;3900000;;
train;4;4;100;0.1250000000;0.0010249120;63.3806754360;60000;3872.1278448250;3960000;;
train;4;4;100;0.1250000000;0.0010287760;58.4757340920;60000;3930.6035789170;4020000;;
train;4;4;100;0.1250000000;0.0010369330;58.9587212420;60000;3989.5623001590;4080000;;
train;4;4;100;0.1250000000;0.0010850190;56.9604136770;60000;4046.5227138360;4140000;;
train;4;4;100;0.1250000000;0.0010560580;56.5300967580;60000;4103.0528105940;4200000;;
train;4;4;100;0.1250000000;0.0010158360;56.7645816660;60000;4159.8173922600;4260000;;
train;4;4;100;0.1250000000;0.0010072700;59.5939744170;60000;4219.4113666770;4320000;;
train;4;4;100;0.1250000000;0.0010388880;58.5945109380;60000;4278.0058776150;4380000;;
train;4;4;100;0.1250000000;0.0010342110;67.9344502400;60000;4345.9403278550;4440000;;
train;4;4;100;0.1250000000;0.0010491790;58.5321877470;60000;4404.4725156020;4500000;;
train;4;4;100;0.1250000000;0.0010321210;58.9285701910;60000;4463.4010857930;4560000;;
train;4;4;100;0.1250000000;0.0010567570;57.3778436990;60000;4520.7789294920;4620000;;
train;4;4;100;0.1250000000;0.0010344290;56.6132188400;60000;4577.3921483320;4680000;;
train;4;4;100;0.1250000000;0.0010218210;62.3329875910;60000;4639.7251359230;4740000;;
train;4;4;100;0.1250000000;0.0010536880;63.1950878340;60000;4702.9202237570;4800000;;
train;4;4;100;0.1250000000;0.0010539880;56.4425011360;60000;4759.3627248930;4860000;;
train;4;4;100;0.1250000000;0.0010284130;58.9440930570;60000;4818.3068179500;4920000;;
train;4;4;100;0.1250000000;0.0010186390;56.7098380440;60000;4875.0166559940;4980000;;
train;4;4;100;0.1250000000;0.0010280690;57.2890698750;60000;4932.3057258690;5040000;;
train;4;4;100;0.1250000000;0.0010294490;59.8209231720;60000;4992.1266490410;5100000;;
train;4;4;100;0.1250000000;0.0010594360;60.8567780180;60000;5052.9834270590;5160000;;
train;4;4;100;0.1250000000;0.0010688570;58.3460470720;60000;5111.3294741310;5220000;;
train;4;4;100;0.1250000000;0.0010640870;56.6548416460;60000;5167.9843157770;5280000;;
train;4;4;100;0.1250000000;0.0010514270;56.7299178510;60000;5224.7142336280;5340000;;
train;4;4;100;0.1250000000;0.0010347600;56.9473585320;60000;5281.6615921600;5400000;;
train;4;4;100;0.1250000000;0.0010205840;57.2814846980;60000;5338.9430768580;5460000;;
train;4;4;100;0.1250000000;0.0010326070;57.1698437990;60000;5396.1129206570;5520000;;
train;4;4;100;0.1250000000;0.0010722840;57.6830584370;60000;5453.7959790940;5580000;;
train;4;4;100;0.1250000000;0.0011327810;56.8792836770;60000;5510.6752627710;5640000;;
train;4;4;100;0.1250000000;0.0010324060;57.5527816450;60000;5568.2280444160;5700000;;
train;4;4;100;0.1250000000;0.0015562790;56.8312705680;60000;5625.0593149840;5760000;;
train;4;4;100;0.1250000000;0.0010030470;59.0658000150;60000;5684.1251149990;5820000;;
train;4;4;100;0.1250000000;0.0010791660;58.2824223000;60000;5742.4075372990;5880000;;
train;4;4;100;0.1250000000;0.0010689360;56.6335848010;60000;5799.0411221000;5940000;;
train;4;4;100;0.1250000000;0.0010928740;57.2601990930;60000;5856.3013211930;6000000;;
test;4;4;100;0.1250000000;0.0010735950;20.1136222150;60000;5856.3013211930;6000000;59125;875
test;4;4;100;0.1250000000;0.0010413030;3.4811111590;10000;5856.3013211930;6000000;9697;303
