Mode;CPUs;Parallel;WorkerBatch;LearningRate;WorkerSetupTime;EpochElapsedTime;EpochLines;TotalElapsedTime;TotalLines;Correct;Incorrect
train;4;7;100;0.1250000000;0.0016176250;61.4679654790;60000;61.4679654790;60000;;
train;4;7;100;0.1250000000;0.0016826690;59.6173479870;60000;121.0853134660;120000;;
train;4;7;100;0.1250000000;0.0109016480;57.5545732010;60000;178.6398866670;180000;;
train;4;7;100;0.1250000000;0.0016198120;59.6470731910;60000;238.2869598580;240000;;
train;4;7;100;0.1250000000;0.0016479940;59.2234735000;60000;297.5104333580;300000;;
train;4;7;100;0.1250000000;0.0016706240;58.0073696430;60000;355.5178030010;360000;;
train;4;7;100;0.1250000000;0.0016591110;58.8707705100;60000;414.3885735110;420000;;
train;4;7;100;0.1250000000;0.0016670910;58.5603066260;60000;472.9488801370;480000;;
train;4;7;100;0.1250000000;0.0017037840;61.0367662730;60000;533.9856464100;540000;;
train;4;7;100;0.1250000000;0.0016299120;59.1899827550;60000;593.1756291650;600000;;
train;4;7;100;0.1250000000;0.0016612870;58.9595533480;60000;652.1351825130;660000;;
train;4;7;100;0.1250000000;0.0016522750;61.0799873310;60000;713.2151698440;720000;;
train;4;7;100;0.1250000000;0.0016635770;58.7751018070;60000;771.9902716510;780000;;
train;4;7;100;0.1250000000;0.0016579080;58.4736667100;60000;830.4639383610;840000;;
train;4;7;100;0.1250000000;0.0016191210;58.5636528860;60000;889.0275912470;900000;;
train;4;7;100;0.1250000000;0.0016233450;60.3404526680;60000;949.3680439150;960000;;
train;4;7;100;0.1250000000;0.0015867520;61.1759781040;60000;1010.5440220190;1020000;;
train;4;7;100;0.1250000000;0.0016908980;58.7970594100;60000;1069.3410814290;1080000;;
train;4;7;100;0.1250000000;0.0016322890;58.8601247180;60000;1128.2012061470;1140000;;
train;4;7;100;0.1250000000;0.0016754740;58.0956019520;60000;1186.2968080990;1200000;;
train;4;7;100;0.1250000000;0.0016199660;59.2420072080;60000;1245.5388153070;1260000;;
train;4;7;100;0.1250000000;0.0016199270;58.1016154890;60000;1303.6404307960;1320000;;
train;4;7;100;0.1250000000;0.0016301160;57.5364534590;60000;1361.1768842550;1380000;;
train;4;7;100;0.1250000000;0.0016750480;62.2159693820;60000;1423.3928536370;1440000;;
train;4;7;100;0.1250000000;0.0017108460;58.1391472330;60000;1481.5320008700;1500000;;
train;4;7;100;0.1250000000;0.0016608210;58.3636014280;60000;1539.8956022980;1560000;;
train;4;7;100;0.1250000000;0.0016329210;58.9224368800;60000;1598.8180391780;1620000;;
train;4;7;100;0.1250000000;0.0016431580;58.9836388050;60000;1657.8016779830;1680000;;
train;4;7;100;0.1250000000;0.0017092770;59.4013669150;60000;1717.2030448980;1740000;;
train;4;7;100;0.1250000000;0.0017047010;59.1401872150;60000;1776.3432321130;1800000;;
train;4;7;100;0.1250000000;0.0016553050;58.3803224700;60000;1834.7235545830;1860000;;
train;4;7;100;0.1250000000;0.0160685250;58.5534522940;60000;1893.2770068770;1920000;;
train;4;7;100;0.1250000000;0.0016928050;58.5316771980;60000;1951.8086840750;1980000;;
train;4;7;100;0.1250000000;0.0017211110;59.0264950250;60000;2010.8351791000;2040000;;
train;4;7;100;0.1250000000;0.0015936840;58.7648074340;60000;2069.5999865340;2100000;;
train;4;7;100;0.1250000000;0.0016241210;59.8272232530;60000;2129.4272097870;2160000;;
train;4;7;100;0.1250000000;0.0017216820;58.9633116640;60000;2188.3905214510;2220000;;
train;4;7;100;0.1250000000;0.0016819760;58.2258639140;60000;2246.6163853650;2280000;;
train;4;7;100;0.1250000000;0.0015928290;61.1814879040;60000;2307.7978732690;2340000;;
train;4;7;100;0.1250000000;0.0017054480;59.6752940890;60000;2367.4731673580;2400000;;
train;4;7;100;0.1250000000;0.0025326030;57.7869873290;60000;2425.2601546870;2460000;;
train;4;7;100;0.1250000000;0.0016420980;60.6299087140;60000;2485.8900634010;2520000;;
train;4;7;100;0.1250000000;0.0016726820;58.7463812210;60000;2544.6364446220;2580000;;
train;4;7;100;0.1250000000;0.0016502980;58.0784528850;60000;2602.7148975070;2640000;;
train;4;7;100;0.1250000000;0.0016067090;59.1935804970;60000;2661.9084780040;2700000;;
train;4;7;100;0.1250000000;0.0016430180;59.1359418570;60000;2721.0444198610;2760000;;
train;4;7;100;0.1250000000;0.0016578100;58.0099194500;60000;2779.0543393110;2820000;;
train;4;7;100;0.1250000000;0.0017081460;58.4784151120;60000;2837.5327544230;2880000;;
train;4;7;100;0.1250000000;0.0016577890;58.4875843370;60000;2896.0203387600;2940000;;
train;4;7;100;0.1250000000;0.0016483720;58.1302926760;60000;2954.1506314360;3000000;;
test;4;7;100;0.1250000000;0.0016455430;20.8259124050;60000;2954.1506314360;3000000;57935;2065
test;4;7;100;0.1250000000;0.0016324170;3.8258482670;10000;2954.1506314360;3000000;9595;405
train;4;7;100;0.1250000000;0.0016359920;61.1578117570;60000;3015.3084431930;3060000;;
train;4;7;100;0.1250000000;0.0016960160;58.1279451110;60000;3073.4363883040;3120000;;
train;4;7;100;0.1250000000;0.0016697560;61.7310029360;60000;3135.1673912400;3180000;;
train;4;7;100;0.1250000000;0.0016009670;58.7745112910;60000;3193.9419025310;3240000;;
train;4;7;100;0.1250000000;0.0054660200;58.4111330740;60000;3252.3530356050;3300000;;
train;4;7;100;0.1250000000;0.0016819230;58.1520308870;60000;3310.5050664920;3360000;;
train;4;7;100;0.1250000000;0.0016565470;59.2915489510;60000;3369.7966154430;3420000;;
train;4;7;100;0.1250000000;0.0015844490;59.2433059000;60000;3429.0399213430;3480000;;
train;4;7;100;0.1250000000;0.0016745980;61.9057922870;60000;3490.9457136300;3540000;;
train;4;7;100;0.1250000000;0.0016089620;59.1227879260;60000;3550.0685015560;3600000;;
train;4;7;100;0.1250000000;0.0016453500;58.3975157080;60000;3608.4660172640;3660000;;
train;4;7;100;0.1250000000;0.0017167270;59.1096599880;60000;3667.5756772520;3720000;;
train;4;7;100;0.1250000000;0.0016419250;57.7255875060;60000;3725.3012647580;3780000;;
train;4;7;100;0.1250000000;0.0015980300;58.4378287540;60000;3783.7390935120;3840000;;
train;4;7;100;0.1250000000;0.0015800680;58.7164844440;60000;3842.4555779560;3900000;;
train;4;7;100;0.1250000000;0.0016603120;57.3642498040;60000;3899.8198277600;3960000;;
train;4;7;100;0.1250000000;0.0016506310;57.3098913050;60000;3957.1297190650;4020000;;
train;4;7;100;0.1250000000;0.0015918190;57.8141907600;60000;4014.9439098250;4080000;;
train;4;7;100;0.1250000000;0.0016855010;57.3698541570;60000;4072.3137639820;4140000;;
train;4;7;100;0.1250000000;0.0016202410;57.5414319940;60000;4129.8551959760;4200000;;
train;4;7;100;0.1250000000;0.0016490900;58.5231290740;60000;4188.3783250500;4260000;;
train;4;7;100;0.1250000000;0.0017065010;60.3602538450;60000;4248.7385788950;4320000;;
train;4;7;100;0.1250000000;0.0016795650;58.3732122490;60000;4307.1117911440;4380000;;
train;4;7;100;0.1250000000;0.0016229880;57.8508730210;60000;4364.9626641650;4440000;;
train;4;7;100;0.1250000000;0.0015966290;59.7545333510;60000;4424.7171975160;4500000;;
train;4;7;100;0.1250000000;0.0016781670;59.0293335060;60000;4483.7465310220;4560000;;
train;4;7;100;0.1250000000;0.0016581010;58.2394441810;60000;4541.9859752030;4620000;;
train;4;7;100;0.1250000000;0.0016231260;58.3332128970;60000;4600.3191881000;4680000;;
train;4;7;100;0.1250000000;0.0016987170;56.8044985600;60000;4657.1236866600;4740000;;
train;4;7;100;0.1250000000;0.0146102580;62.0196576700;60000;4719.1433443300;4800000;;
train;4;7;100;0.1250000000;0.0016743450;59.0217722380;60000;4778.1651165680;4860000;;
train;4;7;100;0.1250000000;0.0016287640;58.7008151730;60000;4836.8659317410;4920000;;
train;4;7;100;0.1250000000;0.0017211550;58.0593256900;60000;4894.9252574310;4980000;;
train;4;7;100;0.1250000000;0.0016828070;62.3222388890;60000;4957.2474963200;5040000;;
train;4;7;100;0.1250000000;0.0110158520;60.1679952340;60000;5017.4154915540;5100000;;
train;4;7;100;0.1250000000;0.0016806510;57.4218144150;60000;5074.8373059690;5160000;;
train;4;7;100;0.1250000000;0.0016869380;56.7986641470;60000;5131.6359701160;5220000;;
train;4;7;100;0.1250000000;0.0016475760;57.9658613270;60000;5189.6018314430;5280000;;
train;4;7;100;0.1250000000;0.0024664520;59.2275394180;60000;5248.8293708610;5340000;;
train;4;7;100;0.1250000000;0.0017093950;59.2601110900;60000;5308.0894819510;5400000;;
train;4;7;100;0.1250000000;0.0016897470;59.0616874990;60000;5367.1511694500;5460000;;
train;4;7;100;0.1250000000;0.0016185450;58.3263941760;60000;5425.4775636260;5520000;;
train;4;7;100;0.1250000000;0.0016788310;59.1604591980;60000;5484.6380228240;5580000;;
train;4;7;100;0.1250000000;0.0016555120;59.8197446150;60000;5544.4577674390;5640000;;
train;4;7;100;0.1250000000;0.0017294320;57.8220941100;60000;5602.2798615490;5700000;;
train;4;7;100;0.1250000000;0.0016608710;57.2211258650;60000;5659.5009874140;5760000;;
train;4;7;100;0.1250000000;0.0016789310;58.8482720570;60000;5718.3492594710;5820000;;
train;4;7;100;0.1250000000;0.0016981030;60.6376870370;60000;5778.9869465080;5880000;;
train;4;7;100;0.1250000000;0.0016453660;60.0972157880;60000;5839.0841622960;5940000;;
train;4;7;100;0.1250000000;0.0016922440;62.4808159030;60000;5901.5649781990;6000000;;
test;4;7;100;0.1250000000;0.0022211660;20.2860819170;60000;5901.5649781990;6000000;58839;1161
test;4;7;100;0.1250000000;0.0015681930;3.4346923880;10000;5901.5649781990;6000000;9679;321
