Mode;CPUs;Parallel;WorkerBatch;LearningRate;WorkerSetupTime;EpochElapsedTime;EpochLines;TotalElapsedTime;TotalLines;Correct;Incorrect
train;4;1;100;0.1250000000;0.0001701930;99.9198621940;60000;99.9198621940;60000;;
train;4;1;100;0.1250000000;0.0003119990;101.2095449000;60000;201.1294070940;120000;;
train;4;1;100;0.1250000000;0.0003170820;103.8028973590;60000;304.9323044530;180000;;
train;4;1;100;0.1250000000;0.0004148420;105.2149740200;60000;410.1472784730;240000;;
train;4;1;100;0.1250000000;0.0003167300;109.4800884520;60000;519.6273669250;300000;;
train;4;1;100;0.1250000000;0.0003290910;111.4660089400;60000;631.0933758650;360000;;
train;4;1;100;0.1250000000;0.0003186610;111.9622348320;60000;743.0556106970;420000;;
train;4;1;100;0.1250000000;0.0003195500;111.0170964760;60000;854.0727071730;480000;;
train;4;1;100;0.1250000000;0.0004345410;115.4022195950;60000;969.4749267680;540000;;
train;4;1;100;0.1250000000;0.0004724050;111.6444065930;60000;1081.1193333610;600000;;
train;4;1;100;0.1250000000;0.0003688310;113.7436079350;60000;1194.8629412960;660000;;
train;4;1;100;0.1250000000;0.0003233740;114.9759629930;60000;1309.8389042890;720000;;
train;4;1;100;0.1250000000;0.0004253170;114.0953637160;60000;1423.9342680050;780000;;
train;4;1;100;0.1250000000;0.0004422730;113.5135434760;60000;1537.4478114810;840000;;
train;4;1;100;0.1250000000;0.0004316340;116.0531135170;60000;1653.5009249980;900000;;
train;4;1;100;0.1250000000;0.0003165190;112.3861006050;60000;1765.8870256030;960000;;
train;4;1;100;0.1250000000;0.0003164470;112.4227822480;60000;1878.3098078510;1020000;;
train;4;1;100;0.1250000000;0.0003137680;113.3089477930;60000;1991.6187556440;1080000;;
train;4;1;100;0.1250000000;0.0003098850;112.3158531220;60000;2103.9346087660;1140000;;
train;4;1;100;0.1250000000;0.0004610390;114.8071142760;60000;2218.7417230420;1200000;;
train;4;1;100;0.1250000000;0.0004504500;113.0934433110;60000;2331.8351663530;1260000;;
train;4;1;100;0.1250000000;0.0003336540;115.3837644410;60000;2447.2189307940;1320000;;
train;4;1;100;0.1250000000;0.0004553280;114.2401941430;60000;2561.4591249370;1380000;;
train;4;1;100;0.1250000000;0.0004382970;113.7614474810;60000;2675.2205724180;1440000;;
train;4;1;100;0.1250000000;0.0003196870;115.9562556700;60000;2791.1768280880;1500000;;
train;4;1;100;0.1250000000;0.0004937080;119.8854044320;60000;2911.0622325200;1560000;;
train;4;1;100;0.1250000000;0.0004536960;116.6509347800;60000;3027.7131673000;1620000;;
train;4;1;100;0.1250000000;0.0004242330;116.2085757160;60000;3143.9217430160;1680000;;
train;4;1;100;0.1250000000;0.0004740670;116.0981704840;60000;3260.0199135000;1740000;;
train;4;1;100;0.1250000000;0.0004229900;117.1592920550;60000;3377.1792055550;1800000;;
train;4;1;100;0.1250000000;0.0003381920;116.6240197530;60000;3493.8032253080;1860000;;
train;4;1;100;0.1250000000;0.0005125060;118.2212497810;60000;3612.0244750890;1920000;;
train;4;1;100;0.1250000000;0.0003066740;119.1243929460;60000;3731.1488680350;1980000;;
train;4;1;100;0.1250000000;0.0004426640;119.3169392580;60000;3850.4658072930;2040000;;
train;4;1;100;0.1250000000;0.0003295630;122.9900895880;60000;3973.4558968810;2100000;;
train;4;1;100;0.1250000000;0.0003360790;117.4511655550;60000;4090.9070624360;2160000;;
train;4;1;100;0.1250000000;0.0004459780;120.9327891300;60000;4211.8398515660;2220000;;
train;4;1;100;0.1250000000;0.0004289630;120.0226850250;60000;4331.8625365910;2280000;;
train;4;1;100;0.1250000000;0.0003105330;121.2655635650;60000;4453.1281001560;2340000;;
train;4;1;100;0.1250000000;0.0003414980;121.9218886700;60000;4575.0499888260;2400000;;
train;4;1;100;0.1250000000;0.0004633020;120.4725331840;60000;4695.5225220100;2460000;;
train;4;1;100;0.1250000000;0.0003397800;124.2063358490;60000;4819.7288578590;2520000;;
train;4;1;100;0.1250000000;0.0004561410;126.4871202300;60000;4946.2159780890;2580000;;
train;4;1;100;0.1250000000;0.0004174470;120.6758248290;60000;5066.8918029180;2640000;;
train;4;1;100;0.1250000000;0.0003232860;128.2925567860;60000;5195.1843597040;2700000;;
train;4;1;100;0.1250000000;0.0003217180;126.5701932380;60000;5321.7545529420;2760000;;
train;4;1;100;0.1250000000;0.0004179070;122.1777524250;60000;5443.9323053670;2820000;;
train;4;1;100;0.1250000000;0.0003047260;123.9356917790;60000;5567.8679971460;2880000;;
train;4;1;100;0.1250000000;0.0003108680;123.9245193700;60000;5691.7925165160;2940000;;
train;4;1;100;0.1250000000;0.0004272210;122.8272247060;60000;5814.6197412220;3000000;;
test;4;1;100;0.1250000000;0.0003528930;37.7944605550;60000;5814.6197412220;3000000;59051;949
test;4;1;100;0.1250000000;0.0004339070;4.6480441250;10000;5814.6197412220;3000000;9686;314
train;4;1;100;0.1250000000;0.0005903110;106.3714303520;60000;5920.9911715740;3060000;;
train;4;1;100;0.1250000000;0.0003167480;104.6509862560;60000;6025.6421578300;3120000;;
train;4;1;100;0.1250000000;0.0002806440;104.3303860310;60000;6129.9725438610;3180000;;
train;4;1;100;0.1250000000;0.0003178650;105.0754375390;60000;6235.0479814000;3240000;;
train;4;1;100;0.1250000000;0.0003102840;105.7640101410;60000;6340.8119915410;3300000;;
train;4;1;100;0.1250000000;0.0003134070;106.4216040580;60000;6447.2335955990;3360000;;
train;4;1;100;0.1250000000;0.0003489810;105.6178654880;60000;6552.8514610870;3420000;;
train;4;1;100;0.1250000000;0.0003153150;106.1226478300;60000;6658.9741089170;3480000;;
train;4;1;100;0.1250000000;0.0003259430;108.1978369920;60000;6767.1719459090;3540000;;
train;4;1;100;0.1250000000;0.0004892250;111.5570909490;60000;6878.7290368580;3600000;;
train;4;1;100;0.1250000000;0.0003160590;109.1615933660;60000;6987.8906302240;3660000;;
train;4;1;100;0.1250000000;0.0003282280;108.3081586520;60000;7096.1987888760;3720000;;
train;4;1;100;0.1250000000;0.0004099400;107.5191505100;60000;7203.7179393860;3780000;;
train;4;1;100;0.1250000000;0.0003070920;113.1832066670;60000;7316.9011460530;3840000;;
train;4;1;100;0.1250000000;0.0002915110;108.3196817300;60000;7425.2208277830;3900000;;
train;4;1;100;0.1250000000;0.0003242620;108.9579520540;60000;7534.1787798370;3960000;;
train;4;1;100;0.1250000000;0.0004005100;113.5837950920;60000;7647.7625749290;4020000;;
train;4;1;100;0.1250000000;0.0004122600;111.0497531130;60000;7758.8123280420;4080000;;
train;4;1;100;0.1250000000;0.0004193320;111.9562039840;60000;7870.7685320260;4140000;;
train;4;1;100;0.1250000000;0.0006202220;113.0730657200;60000;7983.8415977460;4200000;;
train;4;1;100;0.1250000000;0.0007249970;110.9099331200;60000;8094.7515308660;4260000;;
train;4;1;100;0.1250000000;0.0003099560;114.4485539910;60000;8209.2000848570;4320000;;
train;4;1;100;0.1250000000;0.0004284480;110.1227371280;60000;8319.3228219850;4380000;;
train;4;1;100;0.1250000000;0.0003255310;111.1178034820;60000;8430.4406254670;4440000;;
train;4;1;100;0.1250000000;0.0004134480;115.4310016230;60000;8545.8716270900;4500000;;
train;4;1;100;0.1250000000;0.0002982580;111.9871391410;60000;8657.8587662310;4560000;;
train;4;1;100;0.1250000000;0.0005852740;115.1934397780;60000;8773.0522060090;4620000;;
train;4;1;100;0.1250000000;0.0002946250;112.2609149720;60000;8885.3131209810;4680000;;
train;4;1;100;0.1250000000;0.0004228630;110.5227107750;60000;8995.8358317560;4740000;;
train;4;1;100;0.1250000000;0.0004808430;114.2400123120;60000;9110.0758440680;4800000;;
train;4;1;100;0.1250000000;0.0002884450;114.2563929840;60000;9224.3322370520;4860000;;
train;4;1;100;0.1250000000;0.0002927620;113.1878063520;60000;9337.5200434040;4920000;;
train;4;1;100;0.1250000000;0.0004064320;115.8303204530;60000;9453.3503638570;4980000;;
train;4;1;100;0.1250000000;0.0004185750;112.2281286930;60000;9565.5784925500;5040000;;
train;4;1;100;0.1250000000;0.0004305140;112.3733184520;60000;9677.9518110020;5100000;;
train;4;1;100;0.1250000000;0.0004265970;114.2947895930;60000;9792.2466005950;5160000;;
train;4;1;100;0.1250000000;0.0003900430;112.2709109300;60000;9904.5175115250;5220000;;
train;4;1;100;0.1250000000;0.0003225110;113.7563550980;60000;10018.2738666230;5280000;;
train;4;1;100;0.1250000000;0.0004870830;113.8581008300;60000;10132.1319674530;5340000;;
train;4;1;100;0.1250000000;0.0004158780;112.2182689730;60000;10244.3502364260;5400000;;
train;4;1;100;0.1250000000;0.0003153870;111.2317887720;60000;10355.5820251980;5460000;;
train;4;1;100;0.1250000000;0.0004194610;119.5709818820;60000;10475.1530070800;5520000;;
train;4;1;100;0.1250000000;0.0004698750;118.5884468110;60000;10593.7414538910;5580000;;
train;4;1;100;0.1250000000;0.0004127850;113.9243842540;60000;10707.6658381450;5640000;;
train;4;1;100;0.1250000000;0.0003001130;112.9225692250;60000;10820.5884073700;5700000;;
train;4;1;100;0.1250000000;0.0004474100;113.8105725280;60000;10934.3989798980;5760000;;
train;4;1;100;0.1250000000;0.0003241850;113.8904133980;60000;11048.2893932960;5820000;;
train;4;1;100;0.1250000000;0.0004586210;112.4596487130;60000;11160.7490420090;5880000;;
train;4;1;100;0.1250000000;0.0003173450;115.8699263360;60000;11276.6189683450;5940000;;
train;4;1;100;0.1250000000;0.0003991520;111.5033042990;60000;11388.1222726440;6000000;;
test;4;1;100;0.1250000000;0.0003030070;34.2641439570;60000;11388.1222726440;6000000;5842;54158
test;4;1;100;0.1250000000;0.0003310690;5.8199070770;10000;11388.1222726440;6000000;982;9018
