Mode;CPUs;Parallel;WorkerBatch;LearningRate;WorkerSetupTime;EpochElapsedTime;EpochLines;TotalElapsedTime;TotalLines;Correct;Incorrect
train;4;6;100;0.1250000000;0.0015555880;59.3818987540;60000;59.3818987540;60000;;
train;4;6;100;0.1250000000;0.0015262510;59.1312580270;60000;118.5131567810;120000;;
train;4;6;100;0.1250000000;0.0015137970;58.8181368510;60000;177.3312936320;180000;;
train;4;6;100;0.1250000000;0.0014638120;57.1798106670;60000;234.5111042990;240000;;
train;4;6;100;0.1250000000;0.0014793120;59.8094404060;60000;294.3205447050;300000;;
train;4;6;100;0.1250000000;0.0015240970;58.0009776460;60000;352.3215223510;360000;;
train;4;6;100;0.1250000000;0.0014401250;61.6831908710;60000;414.0047132220;420000;;
train;4;6;100;0.1250000000;0.0014527780;58.1686180190;60000;472.1733312410;480000;;
train;4;6;100;0.1250000000;0.0014688420;58.3664674540;60000;530.5397986950;540000;;
train;4;6;100;0.1250000000;0.0015332860;57.1200979110;60000;587.6598966060;600000;;
train;4;6;100;0.1250000000;0.0017978660;58.1407035200;60000;645.8006001260;660000;;
train;4;6;100;0.1250000000;0.0015232710;59.0921668030;60000;704.8927669290;720000;;
train;4;6;100;0.1250000000;0.0015293740;58.1727521520;60000;763.0655190810;780000;;
train;4;6;100;0.1250000000;0.0014564540;57.8804679300;60000;820.9459870110;840000;;
train;4;6;100;0.1250000000;0.0014579700;57.3718461920;60000;878.3178332030;900000;;
train;4;6;100;0.1250000000;0.0014887960;69.0115481550;60000;947.3293813580;960000;;
train;4;6;100;0.1250000000;0.0014639250;58.6485789400;60000;1005.9779602980;1020000;;
train;4;6;100;0.1250000000;0.0014188880;57.8909353050;60000;1063.8688956030;1080000;;
train;4;6;100;0.1250000000;0.0013984240;60.1720498160;60000;1124.0409454190;1140000;;
train;4;6;100;0.1250000000;0.0014432630;57.7152162870;60000;1181.7561617060;1200000;;
train;4;6;100;0.1250000000;0.0014372640;57.5180924220;60000;1239.2742541280;1260000;;
train;4;6;100;0.1250000000;0.0014003660;61.8133068480;60000;1301.0875609760;1320000;;
train;4;6;100;0.1250000000;0.0014134000;58.5475501160;60000;1359.6351110920;1380000;;
train;4;6;100;0.1250000000;0.0013839480;60.9097559250;60000;1420.5448670170;1440000;;
train;4;6;100;0.1250000000;0.0014656370;58.7216679360;60000;1479.2665349530;1500000;;
train;4;6;100;0.1250000000;0.0014378020;58.5028559920;60000;1537.7693909450;1560000;;
train;4;6;100;0.1250000000;0.0014782510;57.6358285310;60000;1595.4052194760;1620000;;
train;4;6;100;0.1250000000;0.0014381860;57.6653163390;60000;1653.0705358150;1680000;;
train;4;6;100;0.1250000000;0.0013743920;61.8924622780;60000;1714.9629980930;1740000;;
train;4;6;100;0.1250000000;0.0014667550;58.1322830300;60000;1773.0952811230;1800000;;
train;4;6;100;0.1250000000;0.0014420520;59.8570026740;60000;1832.9522837970;1860000;;
train;4;6;100;0.1250000000;0.0015008820;59.6380031160;60000;1892.5902869130;1920000;;
train;4;6;100;0.1250000000;0.0014783270;58.6676835330;60000;1951.2579704460;1980000;;
train;4;6;100;0.1250000000;0.0014766070;57.7164313220;60000;2008.9744017680;2040000;;
train;4;6;100;0.1250000000;0.0014516320;57.6818087200;60000;2066.6562104880;2100000;;
train;4;6;100;0.1250000000;0.0014445300;58.6373655560;60000;2125.2935760440;2160000;;
train;4;6;100;0.1250000000;0.0014125440;59.1503550970;60000;2184.4439311410;2220000;;
train;4;6;100;0.1250000000;0.0014370060;63.1899067770;60000;2247.6338379180;2280000;;
train;4;6;100;0.1250000000;0.0014299070;59.4272729260;60000;2307.0611108440;2340000;;
train;4;6;100;0.1250000000;0.0014618740;63.4740731010;60000;2370.5351839450;2400000;;
train;4;6;100;0.1250000000;0.0013926870;58.1525526940;60000;2428.6877366390;2460000;;
train;4;6;100;0.1250000000;0.0014553850;57.5096741380;60000;2486.1974107770;2520000;;
train;4;6;100;0.1250000000;0.0014726120;58.2024787620;60000;2544.3998895390;2580000;;
train;4;6;100;0.1250000000;0.0014286830;59.9085476430;60000;2604.3084371820;2640000;;
train;4;6;100;0.1250000000;0.0014692590;58.4734814880;60000;2662.7819186700;2700000;;
train;4;6;100;0.1250000000;0.0014995630;58.4935057030;60000;2721.2754243730;2760000;;
train;4;6;100;0.1250000000;0.0014644680;57.7948826670;60000;2779.0703070400;2820000;;
train;4;6;100;0.1250000000;0.0013886730;59.2936951800;60000;2838.3640022200;2880000;;
train;4;6;100;0.1250000000;0.0014313360;59.0892149370;60000;2897.4532171570;2940000;;
train;4;6;100;0.1250000000;0.0014977540;61.1433097650;60000;2958.5965269220;3000000;;
test;4;6;100;0.1250000000;0.0014429460;21.2591728360;60000;2958.5965269220;3000000;58107;1893
test;4;6;100;0.1250000000;0.0014503000;3.4391295530;10000;2958.5965269220;3000000;9591;409
train;4;6;100;0.1250000000;0.0013659910;58.9702667340;60000;3017.5667936560;3060000;;
train;4;6;100;0.1250000000;0.0014931810;59.9070166850;60000;3077.4738103410;3120000;;
train;4;6;100;0.1250000000;0.0014535130;58.6903724180;60000;3136.1641827590;3180000;;
train;4;6;100;0.1250000000;0.0014749960;62.7287766300;60000;3198.8929593890;3240000;;
train;4;6;100;0.1250000000;0.0015060190;58.8312490020;60000;3257.7242083910;3300000;;
train;4;6;100;0.1250000000;0.0014439140;58.3958329370;60000;3316.1200413280;3360000;;
train;4;6;100;0.1250000000;0.0033169740;60.5263598330;60000;3376.6464011610;3420000;;
train;4;6;100;0.1250000000;0.0014942340;59.4928889370;60000;3436.1392900980;3480000;;
train;4;6;100;0.1250000000;0.0014553620;58.3798756380;60000;3494.5191657360;3540000;;
train;4;6;100;0.1250000000;0.0014817840;57.2504449720;60000;3551.7696107080;3600000;;
train;4;6;100;0.1250000000;0.0014542830;62.1368289000;60000;3613.9064396080;3660000;;
train;4;6;100;0.1250000000;0.0014717640;62.4946685570;60000;3676.4011081650;3720000;;
train;4;6;100;0.1250000000;0.0014499880;63.4062125610;60000;3739.8073207260;3780000;;
train;4;6;100;0.1250000000;0.0014347980;58.9714558100;60000;3798.7787765360;3840000;;
train;4;6;100;0.1250000000;0.0014463910;58.8515481980;60000;3857.6303247340;3900000;;
train;4;6;100;0.1250000000;0.0014602190;59.6726355470;60000;3917.3029602810;3960000;;
train;4;6;100;0.1250000000;0.0014867200;58.5253698900;60000;3975.8283301710;4020000;;
train;4;6;100;0.1250000000;0.0014226460;63.9017244230;60000;4039.7300545940;4080000;;
train;4;6;100;0.1250000000;0.0014545950;58.4076123460;60000;4098.1376669400;4140000;;
train;4;6;100;0.1250000000;0.0014330970;61.4427180610;60000;4159.5803850010;4200000;;
train;4;6;100;0.1250000000;0.0014506390;58.4742457080;60000;4218.0546307090;4260000;;
train;4;6;100;0.1250000000;0.0014071430;68.3604675810;60000;4286.4150982900;4320000;;
train;4;6;100;0.1250000000;0.0014986970;58.3791733910;60000;4344.7942716810;4380000;;
train;4;6;100;0.1250000000;0.0014545490;59.6013224540;60000;4404.3955941350;4440000;;
train;4;6;100;0.1250000000;0.0013649760;58.5939720000;60000;4462.9895661350;4500000;;
train;4;6;100;0.1250000000;0.0014678780;58.3930549500;60000;4521.3826210850;4560000;;
train;4;6;100;0.1250000000;0.0014539200;57.2817772000;60000;4578.6643982850;4620000;;
train;4;6;100;0.1250000000;0.0014688810;57.6956066540;60000;4636.3600049390;4680000;;
train;4;6;100;0.1250000000;0.0013872160;58.7124095860;60000;4695.0724145250;4740000;;
train;4;6;100;0.1250000000;0.0014462610;60.0983990420;60000;4755.1708135670;4800000;;
train;4;6;100;0.1250000000;0.0014473610;59.2849310630;60000;4814.4557446300;4860000;;
train;4;6;100;0.1250000000;0.0014502420;58.2123023720;60000;4872.6680470020;4920000;;
train;4;6;100;0.1250000000;0.0016705680;58.1784433380;60000;4930.8464903400;4980000;;
train;4;6;100;0.1250000000;0.0014128120;57.4604390750;60000;4988.3069294150;5040000;;
train;4;6;100;0.1250000000;0.0014396410;58.2282525430;60000;5046.5351819580;5100000;;
train;4;6;100;0.1250000000;0.0014359140;58.0617018680;60000;5104.5968838260;5160000;;
train;4;6;100;0.1250000000;0.0014859040;58.5748200370;60000;5163.1717038630;5220000;;
train;4;6;100;0.1250000000;0.0014424890;58.5330839160;60000;5221.7047877790;5280000;;
train;4;6;100;0.1250000000;0.0030160440;58.5389541830;60000;5280.2437419620;5340000;;
train;4;6;100;0.1250000000;0.0013940610;57.9900103480;60000;5338.2337523100;5400000;;
train;4;6;100;0.1250000000;0.0014324180;57.7683338900;60000;5396.0020862000;5460000;;
train;4;6;100;0.1250000000;0.0014573010;57.0497173180;60000;5453.0518035180;5520000;;
train;4;6;100;0.1250000000;0.0080204090;61.2072679420;60000;5514.2590714600;5580000;;
train;4;6;100;0.1250000000;0.0014846290;61.2106189170;60000;5575.4696903770;5640000;;
train;4;6;100;0.1250000000;0.0014504260;56.9759449330;60000;5632.4456353100;5700000;;
train;4;6;100;0.1250000000;0.0014117780;57.1704130740;60000;5689.6160483840;5760000;;
train;4;6;100;0.1250000000;0.0014216450;57.9138440540;60000;5747.5298924380;5820000;;
train;4;6;100;0.1250000000;0.0014292310;60.6033035230;60000;5808.1331959610;5880000;;
train;4;6;100;0.1250000000;0.0015057620;60.5158573920;60000;5868.6490533530;5940000;;
train;4;6;100;0.1250000000;0.0014734880;60.6984580280;60000;5929.3475113810;6000000;;
test;4;6;100;0.1250000000;0.0014612950;23.0678232940;60000;5929.3475113810;6000000;58923;1077
test;4;6;100;0.1250000000;0.0015029470;3.7126409360;10000;5929.3475113810;6000000;9688;312
