Mode;CPUs;Parallel;WorkerBatch;LearningRate;WorkerSetupTime;EpochElapsedTime;EpochLines;TotalElapsedTime;TotalLines;Correct;Incorrect
train;4;1;100;0.5000000000;0.0005959200;92.5132833910;60000;92.5132833910;60000;;
train;4;1;100;0.5000000000;0.0002884290;100.9056129120;60000;193.4188963030;120000;;
train;4;1;100;0.5000000000;0.0003051180;102.7345499150;60000;296.1534462180;180000;;
train;4;1;100;0.5000000000;0.0003966890;104.6284494900;60000;400.7818957080;240000;;
train;4;1;100;0.5000000000;0.0003035000;105.2709211190;60000;506.0528168270;300000;;
train;4;1;100;0.5000000000;0.0002903760;108.3481429600;60000;614.4009597870;360000;;
train;4;1;100;0.5000000000;0.0002885390;108.1119666680;60000;722.5129264550;420000;;
train;4;1;100;0.5000000000;0.0004277910;108.4693512030;60000;830.9822776580;480000;;
train;4;1;100;0.5000000000;0.0004176740;108.9272039320;60000;939.9094815900;540000;;
train;4;1;100;0.5000000000;0.0006548390;109.9432307550;60000;1049.8527123450;600000;;
train;4;1;100;0.5000000000;0.0002967150;108.5411478690;60000;1158.3938602140;660000;;
train;4;1;100;0.5000000000;0.0004072930;109.6536701010;60000;1268.0475303150;720000;;
train;4;1;100;0.5000000000;0.0003037000;109.3097930590;60000;1377.3573233740;780000;;
train;4;1;100;0.5000000000;0.0003025630;108.3613450030;60000;1485.7186683770;840000;;
train;4;1;100;0.5000000000;0.0004181180;109.4262487670;60000;1595.1449171440;900000;;
train;4;1;100;0.5000000000;0.0002984750;109.4857882430;60000;1704.6307053870;960000;;
train;4;1;100;0.5000000000;0.0002886330;109.3650321750;60000;1813.9957375620;1020000;;
train;4;1;100;0.5000000000;0.0002908020;110.5970374540;60000;1924.5927750160;1080000;;
train;4;1;100;0.5000000000;0.0004058820;109.6428946120;60000;2034.2356696280;1140000;;
train;4;1;100;0.5000000000;0.0004547880;114.3915267620;60000;2148.6271963900;1200000;;
train;4;1;100;0.5000000000;0.0004113870;113.7964122770;60000;2262.4236086670;1260000;;
train;4;1;100;0.5000000000;0.0003448260;109.2641637720;60000;2371.6877724390;1320000;;
train;4;1;100;0.5000000000;0.0004066520;110.5044025990;60000;2482.1921750380;1380000;;
train;4;1;100;0.5000000000;0.0004093960;113.9965765340;60000;2596.1887515720;1440000;;
train;4;1;100;0.5000000000;0.0003019590;114.4687981520;60000;2710.6575497240;1500000;;
test;4;1;100;0.5000000000;0.0018362780;31.3054418040;60000;2710.6575497240;1500000;52881;7119
test;4;1;100;0.5000000000;0.0002791700;5.3826811550;10000;2710.6575497240;1500000;8877;1123
train;4;1;100;0.5000000000;0.0005073450;105.7751403460;60000;2816.4326900700;1560000;;
train;4;1;100;0.5000000000;0.0004182790;109.5161330830;60000;2925.9488231530;1620000;;
train;4;1;100;0.5000000000;0.0002915700;110.4248726330;60000;3036.3736957860;1680000;;
train;4;1;100;0.5000000000;0.0002838460;110.4632684530;60000;3146.8369642390;1740000;;
train;4;1;100;0.5000000000;0.0002824450;113.3254198220;60000;3260.1623840610;1800000;;
train;4;1;100;0.5000000000;0.0003077890;111.3991595860;60000;3371.5615436470;1860000;;
train;4;1;100;0.5000000000;0.0002968010;111.5811620700;60000;3483.1427057170;1920000;;
train;4;1;100;0.5000000000;0.0004176070;113.1685837470;60000;3596.3112894640;1980000;;
train;4;1;100;0.5000000000;0.0004818010;117.3695026200;60000;3713.6807920840;2040000;;
train;4;1;100;0.5000000000;0.0003869780;111.5893309520;60000;3825.2701230360;2100000;;
train;4;1;100;0.5000000000;0.0002826690;115.1573075760;60000;3940.4274306120;2160000;;
train;4;1;100;0.5000000000;0.0002781940;112.0116434680;60000;4052.4390740800;2220000;;
train;4;1;100;0.5000000000;0.0004494930;112.4083029270;60000;4164.8473770070;2280000;;
train;4;1;100;0.5000000000;0.0003137840;114.4374469490;60000;4279.2848239560;2340000;;
train;4;1;100;0.5000000000;0.0004000250;113.7964743570;60000;4393.0812983130;2400000;;
train;4;1;100;0.5000000000;0.0002943770;114.5230799450;60000;4507.6043782580;2460000;;
train;4;1;100;0.5000000000;0.0004022180;120.6001014300;60000;4628.2044796880;2520000;;
train;4;1;100;0.5000000000;0.0036119570;116.9070391930;60000;4745.1115188810;2580000;;
train;4;1;100;0.5000000000;0.0002982720;115.1540183060;60000;4860.2655371870;2640000;;
train;4;1;100;0.5000000000;0.0003149610;120.6299512270;60000;4980.8954884140;2700000;;
train;4;1;100;0.5000000000;0.0004182730;112.8378706260;60000;5093.7333590400;2760000;;
train;4;1;100;0.5000000000;0.0003029100;120.2913022540;60000;5214.0246612940;2820000;;
train;4;1;100;0.5000000000;0.0002841860;117.9619765300;60000;5331.9866378240;2880000;;
train;4;1;100;0.5000000000;0.0004264670;112.6292096120;60000;5444.6158474360;2940000;;
train;4;1;100;0.5000000000;0.0003095310;117.4177101100;60000;5562.0335575460;3000000;;
test;4;1;100;0.5000000000;0.0004289080;32.0570752030;60000;5562.0335575460;3000000;52088;7912
test;4;1;100;0.5000000000;0.0004040870;5.2085127520;10000;5562.0335575460;3000000;8735;1265
train;4;1;100;0.5000000000;0.0004814590;108.5295869710;60000;5670.5631445170;3060000;;
train;4;1;100;0.5000000000;0.0004155430;109.2382846470;60000;5779.8014291640;3120000;;
train;4;1;100;0.5000000000;0.0002767550;108.2895740040;60000;5888.0910031680;3180000;;
train;4;1;100;0.5000000000;0.0004332490;108.8859935150;60000;5996.9769966830;3240000;;
train;4;1;100;0.5000000000;0.0002857210;109.5072241610;60000;6106.4842208440;3300000;;
train;4;1;100;0.5000000000;0.0002930630;108.8383311740;60000;6215.3225520180;3360000;;
train;4;1;100;0.5000000000;0.0002998980;109.3551493500;60000;6324.6777013680;3420000;;
train;4;1;100;0.5000000000;0.0003035970;108.4271560360;60000;6433.1048574040;3480000;;
train;4;1;100;0.5000000000;0.0004048060;108.9365722600;60000;6542.0414296640;3540000;;
train;4;1;100;0.5000000000;0.0004142360;109.4759988560;60000;6651.5174285200;3600000;;
train;4;1;100;0.5000000000;0.0004210920;108.9922931470;60000;6760.5097216670;3660000;;
train;4;1;100;0.5000000000;0.0002961140;112.7035403160;60000;6873.2132619830;3720000;;
train;4;1;100;0.5000000000;0.0004692830;109.2775454170;60000;6982.4908074000;3780000;;
train;4;1;100;0.5000000000;0.0002921060;111.9229083580;60000;7094.4137157580;3840000;;
train;4;1;100;0.5000000000;0.0003925640;109.6457850270;60000;7204.0595007850;3900000;;
train;4;1;100;0.5000000000;0.0002996840;114.0280700980;60000;7318.0875708830;3960000;;
train;4;1;100;0.5000000000;0.0004152350;110.6574050160;60000;7428.7449758990;4020000;;
train;4;1;100;0.5000000000;0.0002902040;109.0738031510;60000;7537.8187790500;4080000;;
train;4;1;100;0.5000000000;0.0004023060;109.2653151520;60000;7647.0840942020;4140000;;
train;4;1;100;0.5000000000;0.0002913120;108.9848922830;60000;7756.0689864850;4200000;;
train;4;1;100;0.5000000000;0.0003987020;110.0638544730;60000;7866.1328409580;4260000;;
train;4;1;100;0.5000000000;0.0003102850;112.5871510250;60000;7978.7199919830;4320000;;
train;4;1;100;0.5000000000;0.0004271440;109.6646642050;60000;8088.3846561880;4380000;;
train;4;1;100;0.5000000000;0.0002897800;111.0592468260;60000;8199.4439030140;4440000;;
train;4;1;100;0.5000000000;0.0004099620;114.1297517510;60000;8313.5736547650;4500000;;
test;4;1;100;0.5000000000;0.0003173090;31.8577556800;60000;8313.5736547650;4500000;51020;8980
test;4;1;100;0.5000000000;0.0002692360;5.3944010950;10000;8313.5736547650;4500000;8545;1455
train;4;1;100;0.5000000000;0.0006562220;103.7976800090;60000;8417.3713347740;4560000;;
train;4;1;100;0.5000000000;0.0004366910;109.7819399930;60000;8527.1532747670;4620000;;
train;4;1;100;0.5000000000;0.0002948470;109.0961425600;60000;8636.2494173270;4680000;;
train;4;1;100;0.5000000000;0.0002895240;109.1857120470;60000;8745.4351293740;4740000;;
train;4;1;100;0.5000000000;0.0004227020;109.7548784540;60000;8855.1900078280;4800000;;
train;4;1;100;0.5000000000;0.0003058620;110.1925637490;60000;8965.3825715770;4860000;;
train;4;1;100;0.5000000000;0.0003015170;114.0931523630;60000;9079.4757239400;4920000;;
train;4;1;100;0.5000000000;0.0003100130;115.5115873890;60000;9194.9873113290;4980000;;
train;4;1;100;0.5000000000;0.0004381360;114.2556850800;60000;9309.2429964090;5040000;;
train;4;1;100;0.5000000000;0.0004207230;113.2138013180;60000;9422.4567977270;5100000;;
train;4;1;100;0.5000000000;0.0003018670;112.4810659430;60000;9534.9378636700;5160000;;
train;4;1;100;0.5000000000;0.0003041490;115.4460576120;60000;9650.3839212820;5220000;;
train;4;1;100;0.5000000000;0.0004231270;114.8615824520;60000;9765.2455037340;5280000;;
train;4;1;100;0.5000000000;0.0003199040;115.0718416940;60000;9880.3173454280;5340000;;
train;4;1;100;0.5000000000;0.0003283700;114.6449180000;60000;9994.9622634280;5400000;;
train;4;1;100;0.5000000000;0.0025355450;119.0680701220;60000;10114.0303335500;5460000;;
train;4;1;100;0.5000000000;0.0004472470;114.0265692390;60000;10228.0569027890;5520000;;
train;4;1;100;0.5000000000;0.0004960770;115.9061039260;60000;10343.9630067150;5580000;;
train;4;1;100;0.5000000000;0.0003124600;118.9300162670;60000;10462.8930229820;5640000;;
train;4;1;100;0.5000000000;0.0003197000;115.9655628840;60000;10578.8585858660;5700000;;
train;4;1;100;0.5000000000;0.0003010700;116.2769270390;60000;10695.1355129050;5760000;;
train;4;1;100;0.5000000000;0.0004125690;119.9912803930;60000;10815.1267932980;5820000;;
train;4;1;100;0.5000000000;0.0003042590;117.0558493410;60000;10932.1826426390;5880000;;
train;4;1;100;0.5000000000;0.0003087690;123.1255184950;60000;11055.3081611340;5940000;;
train;4;1;100;0.5000000000;0.0002925050;122.2770470480;60000;11177.5852081820;6000000;;
test;4;1;100;0.5000000000;0.0003032690;33.0322967760;60000;11177.5852081820;6000000;51578;8422
test;4;1;100;0.5000000000;0.0002560310;5.8690862970;10000;11177.5852081820;6000000;8671;1329
