Mode;CPUs;Parallel;WorkerBatch;LearningRate;WorkerSetupTime;EpochElapsedTime;EpochLines;TotalElapsedTime;TotalLines;Correct;Incorrect
train;4;7;100;0.5000000000;0.0012463020;59.9122389720;60000;59.9122389720;60000;;
train;4;7;100;0.5000000000;0.0017079730;58.7651067190;60000;118.6773456910;120000;;
train;4;7;100;0.5000000000;0.0016885750;58.3923742940;60000;177.0697199850;180000;;
train;4;7;100;0.5000000000;0.0018094570;58.2164656530;60000;235.2861856380;240000;;
train;4;7;100;0.5000000000;0.0016344830;58.1552069380;60000;293.4413925760;300000;;
train;4;7;100;0.5000000000;0.0016417570;57.0969942690;60000;350.5383868450;360000;;
train;4;7;100;0.5000000000;0.0017135650;59.4580761500;60000;409.9964629950;420000;;
train;4;7;100;0.5000000000;0.0016876100;57.0799011180;60000;467.0763641130;480000;;
train;4;7;100;0.5000000000;0.0016382520;58.2528820190;60000;525.3292461320;540000;;
train;4;7;100;0.5000000000;0.0016589180;58.6932730180;60000;584.0225191500;600000;;
train;4;7;100;0.5000000000;0.0015920170;57.8698189900;60000;641.8923381400;660000;;
train;4;7;100;0.5000000000;0.0015863730;57.8845645420;60000;699.7769026820;720000;;
train;4;7;100;0.5000000000;0.0016654240;57.1071485250;60000;756.8840512070;780000;;
train;4;7;100;0.5000000000;0.0023050640;57.7313169310;60000;814.6153681380;840000;;
train;4;7;100;0.5000000000;0.0016450820;58.4663114510;60000;873.0816795890;900000;;
train;4;7;100;0.5000000000;0.0016442340;58.1848013950;60000;931.2664809840;960000;;
train;4;7;100;0.5000000000;0.0016788220;59.1908567640;60000;990.4573377480;1020000;;
train;4;7;100;0.5000000000;0.0015519180;58.3466316910;60000;1048.8039694390;1080000;;
train;4;7;100;0.5000000000;0.0016773620;59.1078083960;60000;1107.9117778350;1140000;;
train;4;7;100;0.5000000000;0.0016520480;56.9732984240;60000;1164.8850762590;1200000;;
train;4;7;100;0.5000000000;0.0016223080;58.2690897930;60000;1223.1541660520;1260000;;
train;4;7;100;0.5000000000;0.0017092140;59.0775661290;60000;1282.2317321810;1320000;;
train;4;7;100;0.5000000000;0.0016329770;59.9573390010;60000;1342.1890711820;1380000;;
train;4;7;100;0.5000000000;0.0016652070;57.5922844940;60000;1399.7813556760;1440000;;
train;4;7;100;0.5000000000;0.0016707360;59.7972347510;60000;1459.5785904270;1500000;;
test;4;7;100;0.5000000000;0.0016492920;18.7995324340;60000;1459.5785904270;1500000;53629;6371
test;4;7;100;0.5000000000;0.0016211510;3.1393166490;10000;1459.5785904270;1500000;8965;1035
train;4;7;100;0.5000000000;0.0017484400;59.1498763070;60000;1518.7284667340;1560000;;
train;4;7;100;0.5000000000;0.0017584210;57.1317881990;60000;1575.8602549330;1620000;;
train;4;7;100;0.5000000000;0.0017390540;58.5116130450;60000;1634.3718679780;1680000;;
train;4;7;100;0.5000000000;0.0016507800;59.3937355470;60000;1693.7656035250;1740000;;
train;4;7;100;0.5000000000;0.0017450590;57.1931399110;60000;1750.9587434360;1800000;;
train;4;7;100;0.5000000000;0.0017244520;57.4042227210;60000;1808.3629661570;1860000;;
train;4;7;100;0.5000000000;0.0016450560;55.3348305330;60000;1863.6977966900;1920000;;
train;4;7;100;0.5000000000;0.0017336100;57.6579515070;60000;1921.3557481970;1980000;;
train;4;7;100;0.5000000000;0.0047779160;56.4531703840;60000;1977.8089185810;2040000;;
train;4;7;100;0.5000000000;0.0016370950;55.9752771130;60000;2033.7841956940;2100000;;
train;4;7;100;0.5000000000;0.0017026540;56.1896363660;60000;2089.9738320600;2160000;;
train;4;7;100;0.5000000000;0.0017646180;56.3149503260;60000;2146.2887823860;2220000;;
train;4;7;100;0.5000000000;0.0013096780;55.4314219760;60000;2201.7202043620;2280000;;
train;4;7;100;0.5000000000;0.0017062800;58.3366951280;60000;2260.0568994900;2340000;;
train;4;7;100;0.5000000000;0.0022920870;56.2637325400;60000;2316.3206320300;2400000;;
train;4;7;100;0.5000000000;0.0016788660;57.1196329990;60000;2373.4402650290;2460000;;
train;4;7;100;0.5000000000;0.0016151920;58.0300821880;60000;2431.4703472170;2520000;;
train;4;7;100;0.5000000000;0.0013213020;54.8116801430;60000;2486.2820273600;2580000;;
train;4;7;100;0.5000000000;0.0017273180;55.1281914940;60000;2541.4102188540;2640000;;
train;4;7;100;0.5000000000;0.0016629600;55.2560037920;60000;2596.6662226460;2700000;;
train;4;7;100;0.5000000000;0.0017371520;55.5955370560;60000;2652.2617597020;2760000;;
train;4;7;100;0.5000000000;0.0017094820;55.5764365790;60000;2707.8381962810;2820000;;
train;4;7;100;0.5000000000;0.0017100150;56.1348121490;60000;2763.9730084300;2880000;;
train;4;7;100;0.5000000000;0.0016586940;55.3453185910;60000;2819.3183270210;2940000;;
train;4;7;100;0.5000000000;0.0017433630;55.0649237910;60000;2874.3832508120;3000000;;
test;4;7;100;0.5000000000;0.0017115980;19.5041827480;60000;2874.3832508120;3000000;53687;6313
test;4;7;100;0.5000000000;0.0017116980;2.6534312960;10000;2874.3832508120;3000000;9005;995
train;4;7;100;0.5000000000;0.0012539760;54.8044833100;60000;2929.1877341220;3060000;;
train;4;7;100;0.5000000000;0.0016308680;54.9937625470;60000;2984.1814966690;3120000;;
train;4;7;100;0.5000000000;0.0016321170;54.6239280080;60000;3038.8054246770;3180000;;
train;4;7;100;0.5000000000;0.0016366000;54.5495215720;60000;3093.3549462490;3240000;;
train;4;7;100;0.5000000000;0.0012955900;52.9273783570;60000;3146.2823246060;3300000;;
train;4;7;100;0.5000000000;0.0016552730;59.5286205230;60000;3205.8109451290;3360000;;
train;4;7;100;0.5000000000;0.0017864080;55.0585308410;60000;3260.8694759700;3420000;;
train;4;7;100;0.5000000000;0.0016334070;53.8143062230;60000;3314.6837821930;3480000;;
train;4;7;100;0.5000000000;0.0016541330;56.0411931680;60000;3370.7249753610;3540000;;
train;4;7;100;0.5000000000;0.0016273870;58.4844752950;60000;3429.2094506560;3600000;;
train;4;7;100;0.5000000000;0.0016854850;54.2404173890;60000;3483.4498680450;3660000;;
train;4;7;100;0.5000000000;0.0018296040;55.7195640920;60000;3539.1694321370;3720000;;
train;4;7;100;0.5000000000;0.0016088490;55.2999356910;60000;3594.4693678280;3780000;;
train;4;7;100;0.5000000000;0.0016250980;56.0550805980;60000;3650.5244484260;3840000;;
train;4;7;100;0.5000000000;0.0016448970;56.6721126490;60000;3707.1965610750;3900000;;
train;4;7;100;0.5000000000;0.0026827910;56.9419096040;60000;3764.1384706790;3960000;;
train;4;7;100;0.5000000000;0.0016568360;61.1305959840;60000;3825.2690666630;4020000;;
train;4;7;100;0.5000000000;0.0016649350;52.6500708190;60000;3877.9191374820;4080000;;
train;4;7;100;0.5000000000;0.0107405280;53.9337846580;60000;3931.8529221400;4140000;;
train;4;7;100;0.5000000000;0.0112620040;53.5074543460;60000;3985.3603764860;4200000;;
train;4;7;100;0.5000000000;0.0139538360;59.4617252760;60000;4044.8221017620;4260000;;
train;4;7;100;0.5000000000;0.0012544610;53.5010781060;60000;4098.3231798680;4320000;;
train;4;7;100;0.5000000000;0.0016668860;53.5630784280;60000;4151.8862582960;4380000;;
train;4;7;100;0.5000000000;0.0016555750;61.4913483030;60000;4213.3776065990;4440000;;
train;4;7;100;0.5000000000;0.0016146130;56.7270232640;60000;4270.1046298630;4500000;;
test;4;7;100;0.5000000000;0.0017209690;22.5312046570;60000;4270.1046298630;4500000;54062;5938
test;4;7;100;0.5000000000;0.0015924710;2.5555330810;10000;4270.1046298630;4500000;9075;925
train;4;7;100;0.5000000000;0.0016745860;55.1120164980;60000;4325.2166463610;4560000;;
train;4;7;100;0.5000000000;0.0016691660;54.3625739430;60000;4379.5792203040;4620000;;
train;4;7;100;0.5000000000;0.0016786870;56.3814373230;60000;4435.9606576270;4680000;;
train;4;7;100;0.5000000000;0.0017201990;54.4305676800;60000;4490.3912253070;4740000;;
train;4;7;100;0.5000000000;0.0017019210;56.0784252180;60000;4546.4696505250;4800000;;
train;4;7;100;0.5000000000;0.0017721100;57.0931506460;60000;4603.5628011710;4860000;;
train;4;7;100;0.5000000000;0.0102830810;57.5704885290;60000;4661.1332897000;4920000;;
train;4;7;100;0.5000000000;0.0045492330;57.6073429940;60000;4718.7406326940;4980000;;
train;4;7;100;0.5000000000;0.0016815070;55.4041076100;60000;4774.1447403040;5040000;;
train;4;7;100;0.5000000000;0.0017157640;54.4734306370;60000;4828.6181709410;5100000;;
train;4;7;100;0.5000000000;0.0016758490;54.8365530070;60000;4883.4547239480;5160000;;
train;4;7;100;0.5000000000;0.0016733840;56.7798840080;60000;4940.2346079560;5220000;;
train;4;7;100;0.5000000000;0.0017545740;54.0020551890;60000;4994.2366631450;5280000;;
train;4;7;100;0.5000000000;0.0016931710;53.5824860170;60000;5047.8191491620;5340000;;
train;4;7;100;0.5000000000;0.0016680150;55.6245159640;60000;5103.4436651260;5400000;;
train;4;7;100;0.5000000000;0.0016790490;54.0574607470;60000;5157.5011258730;5460000;;
train;4;7;100;0.5000000000;0.0017432820;54.1181670800;60000;5211.6192929530;5520000;;
train;4;7;100;0.5000000000;0.0016993990;53.9277445530;60000;5265.5470375060;5580000;;
train;4;7;100;0.5000000000;0.0017568170;56.4022180610;60000;5321.9492555670;5640000;;
train;4;7;100;0.5000000000;0.0016654660;54.8742212790;60000;5376.8234768460;5700000;;
train;4;7;100;0.5000000000;0.0016876880;58.9802414210;60000;5435.8037182670;5760000;;
train;4;7;100;0.5000000000;0.0016262140;57.0381485130;60000;5492.8418667800;5820000;;
train;4;7;100;0.5000000000;0.0017558530;56.4674478310;60000;5549.3093146110;5880000;;
train;4;7;100;0.5000000000;0.0017664080;53.6498016450;60000;5602.9591162560;5940000;;
train;4;7;100;0.5000000000;0.0016819070;53.4919398570;60000;5656.4510561130;6000000;;
test;4;7;100;0.5000000000;0.0016843210;21.6720911750;60000;5656.4510561130;6000000;52758;7242
test;4;7;100;0.5000000000;0.0016715840;3.5231539040;10000;5656.4510561130;6000000;8825;1175
