Mode;CPUs;Parallel;WorkerBatch;LearningRate;WorkerSetupTime;EpochElapsedTime;EpochLines;TotalElapsedTime;TotalLines;Correct;Incorrect
train;4;4;100;0.5000000000;0.0007654320;57.5307454710;60000;57.5307454710;60000;;
train;4;4;100;0.5000000000;0.0010391390;58.4643272660;60000;115.9950727370;120000;;
train;4;4;100;0.5000000000;0.0009879860;60.5215521350;60000;176.5166248720;180000;;
train;4;4;100;0.5000000000;0.0010412850;56.3835572160;60000;232.9001820880;240000;;
train;4;4;100;0.5000000000;0.0010364540;57.9740597520;60000;290.8742418400;300000;;
train;4;4;100;0.5000000000;0.0010402940;56.8797543390;60000;347.7539961790;360000;;
train;4;4;100;0.5000000000;0.0011766330;58.2378520010;60000;405.9918481800;420000;;
train;4;4;100;0.5000000000;0.0010248920;57.8145708880;60000;463.8064190680;480000;;
train;4;4;100;0.5000000000;0.0010348200;63.2349114720;60000;527.0413305400;540000;;
train;4;4;100;0.5000000000;0.0010420380;57.2700121980;60000;584.3113427380;600000;;
train;4;4;100;0.5000000000;0.0010412490;63.7182761770;60000;648.0296189150;660000;;
train;4;4;100;0.5000000000;0.0010398240;57.6252110730;60000;705.6548299880;720000;;
train;4;4;100;0.5000000000;0.0010245550;57.1064184510;60000;762.7612484390;780000;;
train;4;4;100;0.5000000000;0.0010093470;56.5483455240;60000;819.3095939630;840000;;
train;4;4;100;0.5000000000;0.0010507040;58.3816299800;60000;877.6912239430;900000;;
train;4;4;100;0.5000000000;0.0018126800;57.8091641980;60000;935.5003881410;960000;;
train;4;4;100;0.5000000000;0.0016163880;56.8238799130;60000;992.3242680540;1020000;;
train;4;4;100;0.5000000000;0.0010486740;58.1657482140;60000;1050.4900162680;1080000;;
train;4;4;100;0.5000000000;0.0010527880;56.6093092520;60000;1107.0993255200;1140000;;
train;4;4;100;0.5000000000;0.0010834000;56.6815857770;60000;1163.7809112970;1200000;;
train;4;4;100;0.5000000000;0.0010597620;56.3165211400;60000;1220.0974324370;1260000;;
train;4;4;100;0.5000000000;0.0013366300;56.6070845290;60000;1276.7045169660;1320000;;
train;4;4;100;0.5000000000;0.0010319670;55.8493715770;60000;1332.5538885430;1380000;;
train;4;4;100;0.5000000000;0.0010471480;56.7293529500;60000;1389.2832414930;1440000;;
train;4;4;100;0.5000000000;0.0015457270;55.7601027210;60000;1445.0433442140;1500000;;
test;4;4;100;0.5000000000;0.0010300350;21.9411653040;60000;1445.0433442140;1500000;53617;6383
test;4;4;100;0.5000000000;0.0010327510;3.3733733200;10000;1445.0433442140;1500000;8986;1014
train;4;4;100;0.5000000000;0.0007517070;55.8955646620;60000;1500.9389088760;1560000;;
train;4;4;100;0.5000000000;0.0010590470;55.8227800260;60000;1556.7616889020;1620000;;
train;4;4;100;0.5000000000;0.0010659250;54.8807245770;60000;1611.6424134790;1680000;;
train;4;4;100;0.5000000000;0.0010581740;55.5467241760;60000;1667.1891376550;1740000;;
train;4;4;100;0.5000000000;0.0010631440;56.0239956990;60000;1723.2131333540;1800000;;
train;4;4;100;0.5000000000;0.0010397850;55.2837330000;60000;1778.4968663540;1860000;;
train;4;4;100;0.5000000000;0.0010172650;54.4458282650;60000;1832.9426946190;1920000;;
train;4;4;100;0.5000000000;0.0010558890;63.7257888520;60000;1896.6684834710;1980000;;
train;4;4;100;0.5000000000;0.0010631720;58.4231926230;60000;1955.0916760940;2040000;;
train;4;4;100;0.5000000000;0.0010622350;55.4762939700;60000;2010.5679700640;2100000;;
train;4;4;100;0.5000000000;0.0010261110;58.9198980740;60000;2069.4878681380;2160000;;
train;4;4;100;0.5000000000;0.0010054210;54.2671394310;60000;2123.7550075690;2220000;;
train;4;4;100;0.5000000000;0.0015265050;53.8715270810;60000;2177.6265346500;2280000;;
train;4;4;100;0.5000000000;0.0010346740;52.8880153480;60000;2230.5145499980;2340000;;
train;4;4;100;0.5000000000;0.0010511520;54.9943169690;60000;2285.5088669670;2400000;;
train;4;4;100;0.5000000000;0.0010382200;54.6761545030;60000;2340.1850214700;2460000;;
train;4;4;100;0.5000000000;0.0010166230;55.4285569140;60000;2395.6135783840;2520000;;
train;4;4;100;0.5000000000;0.0044529180;54.3430764780;60000;2449.9566548620;2580000;;
train;4;4;100;0.5000000000;0.0010362290;70.0744522000;60000;2520.0311070620;2640000;;
train;4;4;100;0.5000000000;0.0007657200;52.7218410920;60000;2572.7529481540;2700000;;
train;4;4;100;0.5000000000;0.0010300760;53.9031184240;60000;2626.6560665780;2760000;;
train;4;4;100;0.5000000000;0.0010125070;54.9218137810;60000;2681.5778803590;2820000;;
train;4;4;100;0.5000000000;0.0010387490;54.3847686630;60000;2735.9626490220;2880000;;
train;4;4;100;0.5000000000;0.0010840390;53.5918916180;60000;2789.5545406400;2940000;;
train;4;4;100;0.5000000000;0.0010578740;54.3124030500;60000;2843.8669436900;3000000;;
test;4;4;100;0.5000000000;0.0011765390;18.4647958050;60000;2843.8669436900;3000000;53867;6133
test;4;4;100;0.5000000000;0.0010151350;3.3561295580;10000;2843.8669436900;3000000;9016;984
train;4;4;100;0.5000000000;0.0007668200;54.6833672490;60000;2898.5503109390;3060000;;
train;4;4;100;0.5000000000;0.0009958650;53.0945592160;60000;2951.6448701550;3120000;;
train;4;4;100;0.5000000000;0.0010022740;53.8390899630;60000;3005.4839601180;3180000;;
train;4;4;100;0.5000000000;0.0010279710;56.0768998890;60000;3061.5608600070;3240000;;
train;4;4;100;0.5000000000;0.0007879930;54.0314404970;60000;3115.5923005040;3300000;;
train;4;4;100;0.5000000000;0.0010446480;53.1928136160;60000;3168.7851141200;3360000;;
train;4;4;100;0.5000000000;0.0010163220;53.5202031460;60000;3222.3053172660;3420000;;
train;4;4;100;0.5000000000;0.0010425690;53.3747066680;60000;3275.6800239340;3480000;;
train;4;4;100;0.5000000000;0.0010745390;53.5019380220;60000;3329.1819619560;3540000;;
train;4;4;100;0.5000000000;0.0011271610;53.5939061930;60000;3382.7758681490;3600000;;
train;4;4;100;0.5000000000;0.0010701500;53.7614656830;60000;3436.5373338320;3660000;;
train;4;4;100;0.5000000000;0.0010210020;54.8427768370;60000;3491.3801106690;3720000;;
train;4;4;100;0.5000000000;0.0010231980;52.6161107310;60000;3543.9962214000;3780000;;
train;4;4;100;0.5000000000;0.0010356240;57.0256640150;60000;3601.0218854150;3840000;;
train;4;4;100;0.5000000000;0.0010452780;53.8763105280;60000;3654.8981959430;3900000;;
train;4;4;100;0.5000000000;0.0010189010;56.1092854480;60000;3711.0074813910;3960000;;
train;4;4;100;0.5000000000;0.0009973850;54.7877041640;60000;3765.7951855550;4020000;;
train;4;4;100;0.5000000000;0.0010623630;54.8935092750;60000;3820.6886948300;4080000;;
train;4;4;100;0.5000000000;0.0010240480;53.6213586710;60000;3874.3100535010;4140000;;
train;4;4;100;0.5000000000;0.0010237560;56.3312086310;60000;3930.6412621320;4200000;;
train;4;4;100;0.5000000000;0.0010445180;52.7240586550;60000;3983.3653207870;4260000;;
train;4;4;100;0.5000000000;0.0010351970;54.7557942120;60000;4038.1211149990;4320000;;
train;4;4;100;0.5000000000;0.0010551380;52.9355898700;60000;4091.0567048690;4380000;;
train;4;4;100;0.5000000000;0.0010065010;51.2437418840;60000;4142.3004467530;4440000;;
train;4;4;100;0.5000000000;0.0010609590;53.6150711260;60000;4195.9155178790;4500000;;
test;4;4;100;0.5000000000;0.0010551640;19.6512070140;60000;4195.9155178790;4500000;53481;6519
test;4;4;100;0.5000000000;0.0010629160;2.8682062550;10000;4195.9155178790;4500000;8972;1028
train;4;4;100;0.5000000000;0.0007603340;53.4854126310;60000;4249.4009305100;4560000;;
train;4;4;100;0.5000000000;0.0010926230;58.8757225940;60000;4308.2766531040;4620000;;
train;4;4;100;0.5000000000;0.0010858080;57.1334687110;60000;4365.4101218150;4680000;;
train;4;4;100;0.5000000000;0.0010714290;53.6852980320;60000;4419.0954198470;4740000;;
train;4;4;100;0.5000000000;0.0010795130;57.9351417120;60000;4477.0305615590;4800000;;
train;4;4;100;0.5000000000;0.0010312480;54.1389583260;60000;4531.1695198850;4860000;;
train;4;4;100;0.5000000000;0.0010742180;54.6802338800;60000;4585.8497537650;4920000;;
train;4;4;100;0.5000000000;0.0010931110;61.2421847090;60000;4647.0919384740;4980000;;
train;4;4;100;0.5000000000;0.0010506970;53.9014048350;60000;4700.9933433090;5040000;;
train;4;4;100;0.5000000000;0.0010802880;58.3721753390;60000;4759.3655186480;5100000;;
train;4;4;100;0.5000000000;0.0011054680;57.5728516090;60000;4816.9383702570;5160000;;
train;4;4;100;0.5000000000;0.0010612840;56.8604097160;60000;4873.7987799730;5220000;;
train;4;4;100;0.5000000000;0.0011311890;54.3906419860;60000;4928.1894219590;5280000;;
train;4;4;100;0.5000000000;0.0010578630;54.5850937400;60000;4982.7745156990;5340000;;
train;4;4;100;0.5000000000;0.0010715140;53.7767008990;60000;5036.5512165980;5400000;;
train;4;4;100;0.5000000000;0.0011079310;54.2066049460;60000;5090.7578215440;5460000;;
train;4;4;100;0.5000000000;0.0010582630;54.3506923510;60000;5145.1085138950;5520000;;
train;4;4;100;0.5000000000;0.0010541670;54.1162737240;60000;5199.2247876190;5580000;;
train;4;4;100;0.5000000000;0.0010770980;53.8589538060;60000;5253.0837414250;5640000;;
train;4;4;100;0.5000000000;0.0011196030;55.1729683410;60000;5308.2567097660;5700000;;
train;4;4;100;0.5000000000;0.0010562810;53.4866625010;60000;5361.7433722670;5760000;;
train;4;4;100;0.5000000000;0.0010149860;54.6923214830;60000;5416.4356937500;5820000;;
train;4;4;100;0.5000000000;0.0011022190;54.0341893730;60000;5470.4698831230;5880000;;
train;4;4;100;0.5000000000;0.0010688020;53.6538261390;60000;5524.1237092620;5940000;;
train;4;4;100;0.5000000000;0.0010914990;54.2521226490;60000;5578.3758319110;6000000;;
test;4;4;100;0.5000000000;0.0010840290;20.1953944120;60000;5578.3758319110;6000000;53358;6642
test;4;4;100;0.5000000000;0.0010521710;3.4784409290;10000;5578.3758319110;6000000;8902;1098
