Mode;CPUs;Parallel;WorkerBatch;LearningRate;WorkerSetupTime;EpochElapsedTime;EpochLines;TotalElapsedTime;TotalLines;Correct;Incorrect
train;4;3;100;0.5000000000;0.0005919590;69.9385785480;60000;69.9385785480;60000;;
train;4;3;100;0.5000000000;0.0008134520;68.6495114240;60000;138.5880899720;120000;;
train;4;3;100;0.5000000000;0.0008358390;67.5305228640;60000;206.1186128360;180000;;
train;4;3;100;0.5000000000;0.0009449790;68.1301434380;60000;274.2487562740;240000;;
train;4;3;100;0.5000000000;0.0008788770;68.4607195620;60000;342.7094758360;300000;;
train;4;3;100;0.5000000000;0.0008407730;67.6652635220;60000;410.3747393580;360000;;
train;4;3;100;0.5000000000;0.0008387860;68.6714337630;60000;479.0461731210;420000;;
train;4;3;100;0.5000000000;0.0008389500;68.7034663320;60000;547.7496394530;480000;;
train;4;3;100;0.5000000000;0.0006056420;67.4340325730;60000;615.1836720260;540000;;
train;4;3;100;0.5000000000;0.0008516730;69.0609673460;60000;684.2446393720;600000;;
train;4;3;100;0.5000000000;0.0006335590;66.4848784250;60000;750.7295177970;660000;;
train;4;3;100;0.5000000000;0.0008087100;69.5128592190;60000;820.2423770160;720000;;
train;4;3;100;0.5000000000;0.0008441250;68.4363723870;60000;888.6787494030;780000;;
train;4;3;100;0.5000000000;0.0009324020;68.9601626560;60000;957.6389120590;840000;;
train;4;3;100;0.5000000000;0.0006197450;66.9357404850;60000;1024.5746525440;900000;;
train;4;3;100;0.5000000000;0.0008104720;67.0067963950;60000;1091.5814489390;960000;;
train;4;3;100;0.5000000000;0.0006220770;67.0031430990;60000;1158.5845920380;1020000;;
train;4;3;100;0.5000000000;0.0006350850;66.4407362400;60000;1225.0253282780;1080000;;
train;4;3;100;0.5000000000;0.0009432390;66.6296384570;60000;1291.6549667350;1140000;;
train;4;3;100;0.5000000000;0.0005855970;66.9101967430;60000;1358.5651634780;1200000;;
train;4;3;100;0.5000000000;0.0008494170;66.0115192630;60000;1424.5766827410;1260000;;
train;4;3;100;0.5000000000;0.0008164430;65.7956532230;60000;1490.3723359640;1320000;;
train;4;3;100;0.5000000000;0.0006521510;64.9680428790;60000;1555.3403788430;1380000;;
train;4;3;100;0.5000000000;0.0008528610;65.7793822650;60000;1621.1197611080;1440000;;
train;4;3;100;0.5000000000;0.0033341770;65.4359040730;60000;1686.5556651810;1500000;;
test;4;3;100;0.5000000000;0.0006169010;21.5935580360;60000;1686.5556651810;1500000;53343;6657
test;4;3;100;0.5000000000;0.0008003250;3.2465140350;10000;1686.5556651810;1500000;8918;1082
train;4;3;100;0.5000000000;0.0009275560;65.4584795400;60000;1752.0141447210;1560000;;
train;4;3;100;0.5000000000;0.0009026100;66.0571326720;60000;1818.0712773930;1620000;;
train;4;3;100;0.5000000000;0.0008353810;66.3653583920;60000;1884.4366357850;1680000;;
train;4;3;100;0.5000000000;0.0008417960;67.2762263530;60000;1951.7128621380;1740000;;
train;4;3;100;0.5000000000;0.0006074660;71.6728582090;60000;2023.3857203470;1800000;;
train;4;3;100;0.5000000000;0.0006134850;64.4482301400;60000;2087.8339504870;1860000;;
train;4;3;100;0.5000000000;0.0008067590;64.6218242090;60000;2152.4557746960;1920000;;
train;4;3;100;0.5000000000;0.0008117090;65.5293954280;60000;2217.9851701240;1980000;;
train;4;3;100;0.5000000000;0.0008462650;67.4000759160;60000;2285.3852460400;2040000;;
train;4;3;100;0.5000000000;0.0006389590;64.2991535800;60000;2349.6843996200;2100000;;
train;4;3;100;0.5000000000;0.0006530480;64.8652285100;60000;2414.5496281300;2160000;;
train;4;3;100;0.5000000000;0.0008473840;67.7489113270;60000;2482.2985394570;2220000;;
train;4;3;100;0.5000000000;0.0005973230;64.6934618080;60000;2546.9920012650;2280000;;
train;4;3;100;0.5000000000;0.0008414460;65.6700537120;60000;2612.6620549770;2340000;;
train;4;3;100;0.5000000000;0.0008469180;66.4768322790;60000;2679.1388872560;2400000;;
train;4;3;100;0.5000000000;0.0008480420;67.8553831020;60000;2746.9942703580;2460000;;
train;4;3;100;0.5000000000;0.0008395620;66.9839508980;60000;2813.9782212560;2520000;;
train;4;3;100;0.5000000000;0.0006253680;66.4557314690;60000;2880.4339527250;2580000;;
train;4;3;100;0.5000000000;0.0006257790;64.3911994440;60000;2944.8251521690;2640000;;
train;4;3;100;0.5000000000;0.0008256570;63.9906266300;60000;3008.8157787990;2700000;;
train;4;3;100;0.5000000000;0.0008143750;64.0821986530;60000;3072.8979774520;2760000;;
train;4;3;100;0.5000000000;0.0008783440;63.9520870320;60000;3136.8500644840;2820000;;
train;4;3;100;0.5000000000;0.0008465630;63.8934333440;60000;3200.7434978280;2880000;;
train;4;3;100;0.5000000000;0.0040306140;64.0992459020;60000;3264.8427437300;2940000;;
train;4;3;100;0.5000000000;0.0006222890;64.1644441100;60000;3329.0071878400;3000000;;
test;4;3;100;0.5000000000;0.0008331510;21.2678241500;60000;3329.0071878400;3000000;53253;6747
test;4;3;100;0.5000000000;0.0008290890;3.5765927180;10000;3329.0071878400;3000000;8897;1103
train;4;3;100;0.5000000000;0.0006488890;65.0951247420;60000;3394.1023125820;3060000;;
train;4;3;100;0.5000000000;0.0012601950;64.3844704540;60000;3458.4867830360;3120000;;
train;4;3;100;0.5000000000;0.0008173300;64.4018896230;60000;3522.8886726590;3180000;;
train;4;3;100;0.5000000000;0.0008549290;64.1106053400;60000;3586.9992779990;3240000;;
train;4;3;100;0.5000000000;0.0009155640;64.7434852700;60000;3651.7427632690;3300000;;
train;4;3;100;0.5000000000;0.0008452290;63.2060893490;60000;3714.9488526180;3360000;;
train;4;3;100;0.5000000000;0.0008394370;63.8552396160;60000;3778.8040922340;3420000;;
train;4;3;100;0.5000000000;0.0008342800;63.7635795160;60000;3842.5676717500;3480000;;
train;4;3;100;0.5000000000;0.0008620490;64.0853282510;60000;3906.6530000010;3540000;;
train;4;3;100;0.5000000000;0.0008112560;66.0815423210;60000;3972.7345423220;3600000;;
train;4;3;100;0.5000000000;0.0008098030;65.5536400530;60000;4038.2881823750;3660000;;
train;4;3;100;0.5000000000;0.0006270620;63.8831147950;60000;4102.1712971700;3720000;;
train;4;3;100;0.5000000000;0.0006164150;63.1446109960;60000;4165.3159081660;3780000;;
train;4;3;100;0.5000000000;0.0008567850;66.0856108000;60000;4231.4015189660;3840000;;
train;4;3;100;0.5000000000;0.0008210580;65.9379535700;60000;4297.3394725360;3900000;;
train;4;3;100;0.5000000000;0.0006378330;64.7554066870;60000;4362.0948792230;3960000;;
train;4;3;100;0.5000000000;0.0008498190;64.0735002450;60000;4426.1683794680;4020000;;
train;4;3;100;0.5000000000;0.0008681800;63.4452122320;60000;4489.6135917000;4080000;;
train;4;3;100;0.5000000000;0.0009208640;64.0982559250;60000;4553.7118476250;4140000;;
train;4;3;100;0.5000000000;0.0008557320;68.9646866540;60000;4622.6765342790;4200000;;
train;4;3;100;0.5000000000;0.0008127860;64.5677741780;60000;4687.2443084570;4260000;;
train;4;3;100;0.5000000000;0.0009178930;63.6496089080;60000;4750.8939173650;4320000;;
train;4;3;100;0.5000000000;0.0006561980;63.9214600740;60000;4814.8153774390;4380000;;
train;4;3;100;0.5000000000;0.0008516710;65.5681849440;60000;4880.3835623830;4440000;;
train;4;3;100;0.5000000000;0.0008239640;64.1819253460;60000;4944.5654877290;4500000;;
test;4;3;100;0.5000000000;0.0008303910;22.5086713830;60000;4944.5654877290;4500000;53765;6235
test;4;3;100;0.5000000000;0.0008132220;3.2417463900;10000;4944.5654877290;4500000;9020;980
train;4;3;100;0.5000000000;0.0008004180;76.9013241910;60000;5021.4668119200;4560000;;
train;4;3;100;0.5000000000;0.0008367970;71.9805145140;60000;5093.4473264340;4620000;;
train;4;3;100;0.5000000000;0.0008485000;70.0345758280;60000;5163.4819022620;4680000;;
train;4;3;100;0.5000000000;0.0008691170;69.4680811730;60000;5232.9499834350;4740000;;
train;4;3;100;0.5000000000;0.0008318840;68.3120626260;60000;5301.2620460610;4800000;;
train;4;3;100;0.5000000000;0.0006462790;66.9385515050;60000;5368.2005975660;4860000;;
train;4;3;100;0.5000000000;0.0006666940;67.3127664110;60000;5435.5133639770;4920000;;
train;4;3;100;0.5000000000;0.0008642270;67.3031147710;60000;5502.8164787480;4980000;;
train;4;3;100;0.5000000000;0.0008264000;71.4768690380;60000;5574.2933477860;5040000;;
train;4;3;100;0.5000000000;0.0008656280;67.5304030070;60000;5641.8237507930;5100000;;
train;4;3;100;0.5000000000;0.0008891850;73.0330983980;60000;5714.8568491910;5160000;;
train;4;3;100;0.5000000000;0.0006305530;67.6403743350;60000;5782.4972235260;5220000;;
train;4;3;100;0.5000000000;0.0006076400;70.0274142630;60000;5852.5246377890;5280000;;
train;4;3;100;0.5000000000;0.0008754140;69.5489858600;60000;5922.0736236490;5340000;;
train;4;3;100;0.5000000000;0.0008560210;67.5710354760;60000;5989.6446591250;5400000;;
train;4;3;100;0.5000000000;0.0011612630;68.2562246750;60000;6057.9008838000;5460000;;
train;4;3;100;0.5000000000;0.0008623440;69.1858635460;60000;6127.0867473460;5520000;;
train;4;3;100;0.5000000000;0.0008258430;66.9789754870;60000;6194.0657228330;5580000;;
train;4;3;100;0.5000000000;0.0008500170;69.0244172210;60000;6263.0901400540;5640000;;
train;4;3;100;0.5000000000;0.0009699530;67.9397626090;60000;6331.0299026630;5700000;;
train;4;3;100;0.5000000000;0.0019205740;68.8886335300;60000;6399.9185361930;5760000;;
train;4;3;100;0.5000000000;0.0008112120;71.2800205210;60000;6471.1985567140;5820000;;
train;4;3;100;0.5000000000;0.0008594420;81.1959268870;60000;6552.3944836010;5880000;;
train;4;3;100;0.5000000000;0.0010320000;70.2789983000;60000;6622.6734819010;5940000;;
train;4;3;100;0.5000000000;0.0008475890;68.1764315130;60000;6690.8499134140;6000000;;
test;4;3;100;0.5000000000;0.0012311400;24.2836821290;60000;6690.8499134140;6000000;51749;8251
test;4;3;100;0.5000000000;0.0008406530;3.3320964350;10000;6690.8499134140;6000000;8676;1324
