Mode;CPUs;Parallel;WorkerBatch;LearningRate;WorkerSetupTime;EpochElapsedTime;EpochLines;TotalElapsedTime;TotalLines;Correct;Incorrect
train;4;2;100;0.5000000000;0.0004517120;75.0728611860;60000;75.0728611860;60000;;
train;4;2;100;0.5000000000;0.0004707820;75.0003453520;60000;150.0732065380;120000;;
train;4;2;100;0.5000000000;0.0006329950;74.7941624520;60000;224.8673689900;180000;;
train;4;2;100;0.5000000000;0.0004812690;71.8006256320;60000;296.6679946220;240000;;
train;4;2;100;0.5000000000;0.0006078660;77.9205031780;60000;374.5884978000;300000;;
train;4;2;100;0.5000000000;0.0004744390;73.4248023290;60000;448.0133001290;360000;;
train;4;2;100;0.5000000000;0.0006139640;76.5412742050;60000;524.5545743340;420000;;
train;4;2;100;0.5000000000;0.0004693550;79.5603128320;60000;604.1148871660;480000;;
train;4;2;100;0.5000000000;0.0009455030;76.0402583760;60000;680.1551455420;540000;;
train;4;2;100;0.5000000000;0.0004480730;75.7621031580;60000;755.9172487000;600000;;
train;4;2;100;0.5000000000;0.0006422230;75.3021657460;60000;831.2194144460;660000;;
train;4;2;100;0.5000000000;0.0004659430;75.2675479340;60000;906.4869623800;720000;;
train;4;2;100;0.5000000000;0.0004658610;76.7126327830;60000;983.1995951630;780000;;
train;4;2;100;0.5000000000;0.0006459130;76.4502395090;60000;1059.6498346720;840000;;
train;4;2;100;0.5000000000;0.0006300640;77.3074831570;60000;1136.9573178290;900000;;
train;4;2;100;0.5000000000;0.0006142910;78.7735201900;60000;1215.7308380190;960000;;
train;4;2;100;0.5000000000;0.0008896730;73.9408949770;60000;1289.6717329960;1020000;;
train;4;2;100;0.5000000000;0.0004521890;73.3732101060;60000;1363.0449431020;1080000;;
train;4;2;100;0.5000000000;0.0004546920;77.2169618950;60000;1440.2619049970;1140000;;
train;4;2;100;0.5000000000;0.0004714370;74.9374037700;60000;1515.1993087670;1200000;;
train;4;2;100;0.5000000000;0.0006241940;76.1019596400;60000;1591.3012684070;1260000;;
train;4;2;100;0.5000000000;0.0006250470;74.0198163210;60000;1665.3210847280;1320000;;
train;4;2;100;0.5000000000;0.0007302230;81.7836594080;60000;1747.1047441360;1380000;;
train;4;2;100;0.5000000000;0.0004622320;74.4534852650;60000;1821.5582294010;1440000;;
train;4;2;100;0.5000000000;0.0006390130;70.1985486710;60000;1891.7567780720;1500000;;
test;4;2;100;0.5000000000;0.0006057700;22.3484944130;60000;1891.7567780720;1500000;53139;6861
test;4;2;100;0.5000000000;0.0011420150;3.7287243960;10000;1891.7567780720;1500000;8918;1082
train;4;2;100;0.5000000000;0.0004678790;77.9161392900;60000;1969.6729173620;1560000;;
train;4;2;100;0.5000000000;0.0004608440;76.6920936010;60000;2046.3650109630;1620000;;
train;4;2;100;0.5000000000;0.0004602200;70.9542462650;60000;2117.3192572280;1680000;;
train;4;2;100;0.5000000000;0.0006415050;74.7931469760;60000;2192.1124042040;1740000;;
train;4;2;100;0.5000000000;0.0006482710;78.0141951660;60000;2270.1265993700;1800000;;
train;4;2;100;0.5000000000;0.0007013030;75.9543885910;60000;2346.0809879610;1860000;;
train;4;2;100;0.5000000000;0.0006246180;78.1090260830;60000;2424.1900140440;1920000;;
train;4;2;100;0.5000000000;0.0006051290;75.8780169540;60000;2500.0680309980;1980000;;
train;4;2;100;0.5000000000;0.0006287870;73.4963185790;60000;2573.5643495770;2040000;;
train;4;2;100;0.5000000000;0.0006383200;71.9847286330;60000;2645.5490782100;2100000;;
train;4;2;100;0.5000000000;0.0006541040;78.6342852120;60000;2724.1833634220;2160000;;
train;4;2;100;0.5000000000;0.0006227950;77.5146612920;60000;2801.6980247140;2220000;;
train;4;2;100;0.5000000000;0.0006239710;76.8226791630;60000;2878.5207038770;2280000;;
train;4;2;100;0.5000000000;0.0004581660;74.7968322070;60000;2953.3175360840;2340000;;
train;4;2;100;0.5000000000;0.0006221370;72.4201210020;60000;3025.7376570860;2400000;;
train;4;2;100;0.5000000000;0.0043415080;74.8904113160;60000;3100.6280684020;2460000;;
train;4;2;100;0.5000000000;0.0010642440;78.7238445180;60000;3179.3519129200;2520000;;
train;4;2;100;0.5000000000;0.0006135500;75.7880027480;60000;3255.1399156680;2580000;;
train;4;2;100;0.5000000000;0.0004666650;73.6068909030;60000;3328.7468065710;2640000;;
train;4;2;100;0.5000000000;0.0006307140;80.7787969110;60000;3409.5256034820;2700000;;
train;4;2;100;0.5000000000;0.0006137810;77.4848371960;60000;3487.0104406780;2760000;;
train;4;2;100;0.5000000000;0.0005994690;74.7921860890;60000;3561.8026267670;2820000;;
train;4;2;100;0.5000000000;0.0006110350;70.5484399550;60000;3632.3510667220;2880000;;
train;4;2;100;0.5000000000;0.0004590660;67.5512967740;60000;3699.9023634960;2940000;;
train;4;2;100;0.5000000000;0.0006422370;75.6243690740;60000;3775.5267325700;3000000;;
test;4;2;100;0.5000000000;0.0006107620;23.6551938630;60000;3775.5267325700;3000000;51991;8009
test;4;2;100;0.5000000000;0.0005903320;3.8900991040;10000;3775.5267325700;3000000;8712;1288
train;4;2;100;0.5000000000;0.0004491810;73.6951883660;60000;3849.2219209360;3060000;;
train;4;2;100;0.5000000000;0.0006336070;74.4085079140;60000;3923.6304288500;3120000;;
train;4;2;100;0.5000000000;0.0004838120;72.0313096260;60000;3995.6617384760;3180000;;
train;4;2;100;0.5000000000;0.0006563300;71.9753812420;60000;4067.6371197180;3240000;;
train;4;2;100;0.5000000000;0.0004622810;75.1543600900;60000;4142.7914798080;3300000;;
train;4;2;100;0.5000000000;0.0006043760;74.2638459570;60000;4217.0553257650;3360000;;
train;4;2;100;0.5000000000;0.0011579820;74.3009052730;60000;4291.3562310380;3420000;;
train;4;2;100;0.5000000000;0.0006745850;71.2214222030;60000;4362.5776532410;3480000;;
train;4;2;100;0.5000000000;0.0006375690;74.4882985450;60000;4437.0659517860;3540000;;
train;4;2;100;0.5000000000;0.0006221050;76.6519417530;60000;4513.7178935390;3600000;;
train;4;2;100;0.5000000000;0.0004633930;74.8602823550;60000;4588.5781758940;3660000;;
train;4;2;100;0.5000000000;0.0006386260;76.0295971750;60000;4664.6077730690;3720000;;
train;4;2;100;0.5000000000;0.0006743380;72.3176609320;60000;4736.9254340010;3780000;;
train;4;2;100;0.5000000000;0.0006443490;72.8122155190;60000;4809.7376495200;3840000;;
train;4;2;100;0.5000000000;0.0006422970;78.9599868080;60000;4888.6976363280;3900000;;
train;4;2;100;0.5000000000;0.0004521280;73.2855516480;60000;4961.9831879760;3960000;;
train;4;2;100;0.5000000000;0.0006214820;74.3423525480;60000;5036.3255405240;4020000;;
train;4;2;100;0.5000000000;0.0004580670;69.4772856320;60000;5105.8028261560;4080000;;
train;4;2;100;0.5000000000;0.0006538620;68.3611165100;60000;5174.1639426660;4140000;;
train;4;2;100;0.5000000000;0.0006377650;70.8828642590;60000;5245.0468069250;4200000;;
train;4;2;100;0.5000000000;0.0004659440;70.5309945510;60000;5315.5778014760;4260000;;
train;4;2;100;0.5000000000;0.0004522840;72.6367908380;60000;5388.2145923140;4320000;;
train;4;2;100;0.5000000000;0.0008955940;68.5523056500;60000;5456.7668979640;4380000;;
train;4;2;100;0.5000000000;0.0006892370;71.6600776310;60000;5528.4269755950;4440000;;
train;4;2;100;0.5000000000;0.0006045630;74.0209342110;60000;5602.4479098060;4500000;;
test;4;2;100;0.5000000000;0.0004638900;22.5734749560;60000;5602.4479098060;4500000;53258;6742
test;4;2;100;0.5000000000;0.0004332410;4.6064469300;10000;5602.4479098060;4500000;8949;1051
train;4;2;100;0.5000000000;0.0004517720;84.5546595630;60000;5687.0025693690;4560000;;
train;4;2;100;0.5000000000;0.0006175680;76.4174559880;60000;5763.4200253570;4620000;;
train;4;2;100;0.5000000000;0.0006325940;81.2146256810;60000;5844.6346510380;4680000;;
train;4;2;100;0.5000000000;0.0006410500;79.0462449750;60000;5923.6808960130;4740000;;
train;4;2;100;0.5000000000;0.0004793280;73.5089434810;60000;5997.1898394940;4800000;;
train;4;2;100;0.5000000000;0.0014452050;80.1358931480;60000;6077.3257326420;4860000;;
train;4;2;100;0.5000000000;0.0006519870;82.8218598860;60000;6160.1475925280;4920000;;
train;4;2;100;0.5000000000;0.0005121190;79.2711295270;60000;6239.4187220550;4980000;;
train;4;2;100;0.5000000000;0.0006111470;81.1608090700;60000;6320.5795311250;5040000;;
train;4;2;100;0.5000000000;0.0006356470;79.1995859490;60000;6399.7791170740;5100000;;
train;4;2;100;0.5000000000;0.0006333350;80.3224723910;60000;6480.1015894650;5160000;;
train;4;2;100;0.5000000000;0.0006402550;81.7618895960;60000;6561.8634790610;5220000;;
train;4;2;100;0.5000000000;0.0006312450;78.7932368700;60000;6640.6567159310;5280000;;
train;4;2;100;0.5000000000;0.0006154870;76.1194790320;60000;6716.7761949630;5340000;;
train;4;2;100;0.5000000000;0.0006274640;82.9224199160;60000;6799.6986148790;5400000;;
train;4;2;100;0.5000000000;0.0012192900;76.0071339960;60000;6875.7057488750;5460000;;
train;4;2;100;0.5000000000;0.0006621220;76.5965278180;60000;6952.3022766930;5520000;;
train;4;2;100;0.5000000000;0.0006443150;77.9738259990;60000;7030.2761026920;5580000;;
train;4;2;100;0.5000000000;0.0006391090;81.5024496340;60000;7111.7785523260;5640000;;
train;4;2;100;0.5000000000;0.0004722750;80.7123944930;60000;7192.4909468190;5700000;;
train;4;2;100;0.5000000000;0.0006398810;79.6965099590;60000;7272.1874567780;5760000;;
train;4;2;100;0.5000000000;0.0006341790;81.5277409920;60000;7353.7151977700;5820000;;
train;4;2;100;0.5000000000;0.0006203920;79.1931305130;60000;7432.9083282830;5880000;;
train;4;2;100;0.5000000000;0.0004706150;78.2666749500;60000;7511.1750032330;5940000;;
train;4;2;100;0.5000000000;0.0006518580;81.7531025540;60000;7592.9281057870;6000000;;
test;4;2;100;0.5000000000;0.0004902070;27.1949662090;60000;7592.9281057870;6000000;52464;7536
test;4;2;100;0.5000000000;0.0006262170;2.9781642690;10000;7592.9281057870;6000000;8818;1182
