Mode;CPUs;Parallel;WorkerBatch;LearningRate;WorkerSetupTime;EpochElapsedTime;EpochLines;TotalElapsedTime;TotalLines;Correct;Incorrect
train;4;8;100;0.5000000000;0.0013016050;59.8597545940;60000;59.8597545940;60000;;
train;4;8;100;0.5000000000;0.0018262360;56.4064328070;60000;116.2661874010;120000;;
train;4;8;100;0.5000000000;0.0019034210;57.6452578990;60000;173.9114453000;180000;;
train;4;8;100;0.5000000000;0.0018654520;56.9844940110;60000;230.8959393110;240000;;
train;4;8;100;0.5000000000;0.0020084430;59.6641041590;60000;290.5600434700;300000;;
train;4;8;100;0.5000000000;0.0021508620;57.9502981770;60000;348.5103416470;360000;;
train;4;8;100;0.5000000000;0.0019944280;61.6405071570;60000;410.1508488040;420000;;
train;4;8;100;0.5000000000;0.0019741670;60.4781928570;60000;470.6290416610;480000;;
train;4;8;100;0.5000000000;0.0019025540;65.8158557350;60000;536.4448973960;540000;;
train;4;8;100;0.5000000000;0.0021383330;57.8830248250;60000;594.3279222210;600000;;
train;4;8;100;0.5000000000;0.0020131270;58.4713550150;60000;652.7992772360;660000;;
train;4;8;100;0.5000000000;0.0019345840;59.0625446340;60000;711.8618218700;720000;;
train;4;8;100;0.5000000000;0.0019112730;59.8285604970;60000;771.6903823670;780000;;
train;4;8;100;0.5000000000;0.0018612230;56.8298554480;60000;828.5202378150;840000;;
train;4;8;100;0.5000000000;0.0018514610;60.8784241890;60000;889.3986620040;900000;;
train;4;8;100;0.5000000000;0.0014451010;57.1991466930;60000;946.5978086970;960000;;
train;4;8;100;0.5000000000;0.0019106210;59.1515393770;60000;1005.7493480740;1020000;;
train;4;8;100;0.5000000000;0.0020074410;59.2213906750;60000;1064.9707387490;1080000;;
train;4;8;100;0.5000000000;0.0021107620;64.8725020060;60000;1129.8432407550;1140000;;
train;4;8;100;0.5000000000;0.0018982570;58.3185406810;60000;1188.1617814360;1200000;;
train;4;8;100;0.5000000000;0.0021505070;59.0599744660;60000;1247.2217559020;1260000;;
train;4;8;100;0.5000000000;0.0019353600;57.2416090550;60000;1304.4633649570;1320000;;
train;4;8;100;0.5000000000;0.0019677040;57.7323002960;60000;1362.1956652530;1380000;;
train;4;8;100;0.5000000000;0.0021165740;57.7005988320;60000;1419.8962640850;1440000;;
train;4;8;100;0.5000000000;0.0023296020;58.5988207390;60000;1478.4950848240;1500000;;
test;4;8;100;0.5000000000;0.0019591580;20.6611123390;60000;1478.4950848240;1500000;53736;6264
test;4;8;100;0.5000000000;0.0014083620;2.8983038150;10000;1478.4950848240;1500000;8993;1007
train;4;8;100;0.5000000000;0.0013840170;60.4839496660;60000;1538.9790344900;1560000;;
train;4;8;100;0.5000000000;0.0020071300;60.9534493780;60000;1599.9324838680;1620000;;
train;4;8;100;0.5000000000;0.0019396750;57.8182803970;60000;1657.7507642650;1680000;;
train;4;8;100;0.5000000000;0.0021756510;57.2139711160;60000;1714.9647353810;1740000;;
train;4;8;100;0.5000000000;0.0019599400;56.7644656260;60000;1771.7292010070;1800000;;
train;4;8;100;0.5000000000;0.0021975250;59.2701922370;60000;1830.9993932440;1860000;;
train;4;8;100;0.5000000000;0.0019663880;56.2615264400;60000;1887.2609196840;1920000;;
train;4;8;100;0.5000000000;0.0014972380;54.9877930830;60000;1942.2487127670;1980000;;
train;4;8;100;0.5000000000;0.0019326030;57.2906658420;60000;1999.5393786090;2040000;;
train;4;8;100;0.5000000000;0.0018937950;57.4024970240;60000;2056.9418756330;2100000;;
train;4;8;100;0.5000000000;0.0021760870;57.5967250620;60000;2114.5386006950;2160000;;
train;4;8;100;0.5000000000;0.0022991480;58.9323306070;60000;2173.4709313020;2220000;;
train;4;8;100;0.5000000000;0.0019447020;57.1340114150;60000;2230.6049427170;2280000;;
train;4;8;100;0.5000000000;0.0019866770;55.8835704070;60000;2286.4885131240;2340000;;
train;4;8;100;0.5000000000;0.0019923140;56.8964210810;60000;2343.3849342050;2400000;;
train;4;8;100;0.5000000000;0.0020120330;57.2534725030;60000;2400.6384067080;2460000;;
train;4;8;100;0.5000000000;0.0020208100;56.7875524530;60000;2457.4259591610;2520000;;
train;4;8;100;0.5000000000;0.0023438350;55.3658353770;60000;2512.7917945380;2580000;;
train;4;8;100;0.5000000000;0.0020291180;55.1124111010;60000;2567.9042056390;2640000;;
train;4;8;100;0.5000000000;0.0019352850;58.3401114070;60000;2626.2443170460;2700000;;
train;4;8;100;0.5000000000;0.0019796910;57.2348986200;60000;2683.4792156660;2760000;;
train;4;8;100;0.5000000000;0.0022892400;54.3956695570;60000;2737.8748852230;2820000;;
train;4;8;100;0.5000000000;0.0019689290;55.2253142120;60000;2793.1001994350;2880000;;
train;4;8;100;0.5000000000;0.0020430950;56.1409624020;60000;2849.2411618370;2940000;;
train;4;8;100;0.5000000000;0.0015129130;53.2667450050;60000;2902.5079068420;3000000;;
test;4;8;100;0.5000000000;0.0019439580;18.5395222630;60000;2902.5079068420;3000000;53973;6027
test;4;8;100;0.5000000000;0.0018430810;3.5199435170;10000;2902.5079068420;3000000;9023;977
train;4;8;100;0.5000000000;0.0019148140;55.6941837310;60000;2958.2020905730;3060000;;
train;4;8;100;0.5000000000;0.0018009350;54.8273222390;60000;3013.0294128120;3120000;;
train;4;8;100;0.5000000000;0.0018420150;56.6407262440;60000;3069.6701390560;3180000;;
train;4;8;100;0.5000000000;0.0019113040;55.9722291910;60000;3125.6423682470;3240000;;
train;4;8;100;0.5000000000;0.0020927900;56.4699949630;60000;3182.1123632100;3300000;;
train;4;8;100;0.5000000000;0.0020004340;54.2045673080;60000;3236.3169305180;3360000;;
train;4;8;100;0.5000000000;0.0020452930;56.1425270360;60000;3292.4594575540;3420000;;
train;4;8;100;0.5000000000;0.0020975100;54.6870684900;60000;3347.1465260440;3480000;;
train;4;8;100;0.5000000000;0.0018939580;54.4005026910;60000;3401.5470287350;3540000;;
train;4;8;100;0.5000000000;0.0020349270;54.4559454080;60000;3456.0029741430;3600000;;
train;4;8;100;0.5000000000;0.0026885930;55.1066196750;60000;3511.1095938180;3660000;;
train;4;8;100;0.5000000000;0.0021240800;53.3078798330;60000;3564.4174736510;3720000;;
train;4;8;100;0.5000000000;0.0021729370;54.0380539120;60000;3618.4555275630;3780000;;
train;4;8;100;0.5000000000;0.0020339320;55.4286885370;60000;3673.8842161000;3840000;;
train;4;8;100;0.5000000000;0.0020191560;53.9751168120;60000;3727.8593329120;3900000;;
train;4;8;100;0.5000000000;0.0018974580;55.9745848860;60000;3783.8339177980;3960000;;
train;4;8;100;0.5000000000;0.0017961820;55.0540935520;60000;3838.8880113500;4020000;;
train;4;8;100;0.5000000000;0.0018584580;55.3259861200;60000;3894.2139974700;4080000;;
train;4;8;100;0.5000000000;0.0018490660;55.9853632910;60000;3950.1993607610;4140000;;
train;4;8;100;0.5000000000;0.0021316060;53.9212196550;60000;4004.1205804160;4200000;;
train;4;8;100;0.5000000000;0.0036609540;53.5026004420;60000;4057.6231808580;4260000;;
train;4;8;100;0.5000000000;0.0019247440;54.3149642870;60000;4111.9381451450;4320000;;
train;4;8;100;0.5000000000;0.0020855770;56.7693379840;60000;4168.7074831290;4380000;;
train;4;8;100;0.5000000000;0.0018054670;55.0597543850;60000;4223.7672375140;4440000;;
train;4;8;100;0.5000000000;0.0021477740;58.4127081110;60000;4282.1799456250;4500000;;
test;4;8;100;0.5000000000;0.0020599170;19.7834261870;60000;4282.1799456250;4500000;52930;7070
test;4;8;100;0.5000000000;0.0018385140;2.9085531820;10000;4282.1799456250;4500000;8863;1137
train;4;8;100;0.5000000000;0.0028538340;54.2951536260;60000;4336.4750992510;4560000;;
train;4;8;100;0.5000000000;0.0019427400;53.8936866020;60000;4390.3687858530;4620000;;
train;4;8;100;0.5000000000;0.0019958590;53.8207242170;60000;4444.1895100700;4680000;;
train;4;8;100;0.5000000000;0.0020621840;61.1064608120;60000;4505.2959708820;4740000;;
train;4;8;100;0.5000000000;0.0025628430;56.3511319710;60000;4561.6471028530;4800000;;
train;4;8;100;0.5000000000;0.0019790730;54.3893672580;60000;4616.0364701110;4860000;;
train;4;8;100;0.5000000000;0.0018982930;53.3946962070;60000;4669.4311663180;4920000;;
train;4;8;100;0.5000000000;0.0020532680;54.5038239890;60000;4723.9349903070;4980000;;
train;4;8;100;0.5000000000;0.0019192080;55.0230432460;60000;4778.9580335530;5040000;;
train;4;8;100;0.5000000000;0.0019432310;53.7247835440;60000;4832.6828170970;5100000;;
train;4;8;100;0.5000000000;0.0019691640;56.3851823200;60000;4889.0679994170;5160000;;
train;4;8;100;0.5000000000;0.0019431760;54.0815646620;60000;4943.1495640790;5220000;;
train;4;8;100;0.5000000000;0.0025707780;57.4206534930;60000;5000.5702175720;5280000;;
train;4;8;100;0.5000000000;0.0019295400;55.2751965720;60000;5055.8454141440;5340000;;
train;4;8;100;0.5000000000;0.0020055360;54.8637951390;60000;5110.7092092830;5400000;;
train;4;8;100;0.5000000000;0.0021188810;54.3943154980;60000;5165.1035247810;5460000;;
train;4;8;100;0.5000000000;0.0019186710;56.6690381510;60000;5221.7725629320;5520000;;
train;4;8;100;0.5000000000;0.0019236950;53.8932453980;60000;5275.6658083300;5580000;;
train;4;8;100;0.5000000000;0.0020297460;53.7041219120;60000;5329.3699302420;5640000;;
train;4;8;100;0.5000000000;0.0020161780;56.1045932840;60000;5385.4745235260;5700000;;
train;4;8;100;0.5000000000;0.0022560260;55.9288621200;60000;5441.4033856460;5760000;;
train;4;8;100;0.5000000000;0.0020449730;57.6634470850;60000;5499.0668327310;5820000;;
train;4;8;100;0.5000000000;0.0018740360;58.4580039690;60000;5557.5248367000;5880000;;
train;4;8;100;0.5000000000;0.0019066920;55.9531734010;60000;5613.4780101010;5940000;;
train;4;8;100;0.5000000000;0.0019465930;53.5444669800;60000;5667.0224770810;6000000;;
test;4;8;100;0.5000000000;0.0021550120;20.2991312200;60000;5667.0224770810;6000000;54116;5884
test;4;8;100;0.5000000000;0.0018279890;3.4677122530;10000;5667.0224770810;6000000;9045;955
