Mode;CPUs;Parallel;WorkerBatch;LearningRate;WorkerSetupTime;EpochElapsedTime;EpochLines;TotalElapsedTime;TotalLines;Correct;Incorrect
train;4;6;100;0.5000000000;0.0011015690;58.1195317440;60000;58.1195317440;60000;;
train;4;6;100;0.5000000000;0.0015001860;57.6314665180;60000;115.7509982620;120000;;
train;4;6;100;0.5000000000;0.0014563610;57.3113384960;60000;173.0623367580;180000;;
train;4;6;100;0.5000000000;0.0014281070;59.5805857650;60000;232.6429225230;240000;;
train;4;6;100;0.5000000000;0.0014393970;58.1581122750;60000;290.8010347980;300000;;
train;4;6;100;0.5000000000;0.0011134550;59.5057998220;60000;350.3068346200;360000;;
train;4;6;100;0.5000000000;0.0014848040;57.6068960970;60000;407.9137307170;420000;;
train;4;6;100;0.5000000000;0.0014420490;57.6251005460;60000;465.5388312630;480000;;
train;4;6;100;0.5000000000;0.0014402850;58.1188817440;60000;523.6577130070;540000;;
train;4;6;100;0.5000000000;0.0014562290;57.2124386670;60000;580.8701516740;600000;;
train;4;6;100;0.5000000000;0.0014371220;56.8680482260;60000;637.7381999000;660000;;
train;4;6;100;0.5000000000;0.0014908370;57.8978658090;60000;695.6360657090;720000;;
train;4;6;100;0.5000000000;0.0014121510;58.2581203390;60000;753.8941860480;780000;;
train;4;6;100;0.5000000000;0.0014125450;59.9922664090;60000;813.8864524570;840000;;
train;4;6;100;0.5000000000;0.0014233310;58.8739981650;60000;872.7604506220;900000;;
train;4;6;100;0.5000000000;0.0023459150;58.6065201350;60000;931.3669707570;960000;;
train;4;6;100;0.5000000000;0.0014641250;57.2773248270;60000;988.6442955840;1020000;;
train;4;6;100;0.5000000000;0.0014814670;59.4687518550;60000;1048.1130474390;1080000;;
train;4;6;100;0.5000000000;0.0013856650;57.6749744960;60000;1105.7880219350;1140000;;
train;4;6;100;0.5000000000;0.0013750760;58.3637155660;60000;1164.1517375010;1200000;;
train;4;6;100;0.5000000000;0.0014701050;58.4753415090;60000;1222.6270790100;1260000;;
train;4;6;100;0.5000000000;0.0014222040;56.7275877200;60000;1279.3546667300;1320000;;
train;4;6;100;0.5000000000;0.0014689360;56.9028159830;60000;1336.2574827130;1380000;;
train;4;6;100;0.5000000000;0.0014040700;58.3009918110;60000;1394.5584745240;1440000;;
train;4;6;100;0.5000000000;0.0014859770;57.0033714550;60000;1451.5618459790;1500000;;
test;4;6;100;0.5000000000;0.0014202000;19.3294444550;60000;1451.5618459790;1500000;53595;6405
test;4;6;100;0.5000000000;0.0014527110;2.6545174950;10000;1451.5618459790;1500000;8988;1012
train;4;6;100;0.5000000000;0.0014096540;59.4846435270;60000;1511.0464895060;1560000;;
train;4;6;100;0.5000000000;0.0015342850;62.1703962500;60000;1573.2168857560;1620000;;
train;4;6;100;0.5000000000;0.0014978230;57.5044472760;60000;1630.7213330320;1680000;;
train;4;6;100;0.5000000000;0.0014399520;58.3786508460;60000;1689.0999838780;1740000;;
train;4;6;100;0.5000000000;0.0015322190;57.2355133130;60000;1746.3354971910;1800000;;
train;4;6;100;0.5000000000;0.0015018810;57.0697991530;60000;1803.4052963440;1860000;;
train;4;6;100;0.5000000000;0.0014910410;59.0380700250;60000;1862.4433663690;1920000;;
train;4;6;100;0.5000000000;0.0015080890;57.0819819480;60000;1919.5253483170;1980000;;
train;4;6;100;0.5000000000;0.0015682850;58.0290607870;60000;1977.5544091040;2040000;;
train;4;6;100;0.5000000000;0.0014818770;55.4517623400;60000;2033.0061714440;2100000;;
train;4;6;100;0.5000000000;0.0014856380;56.6678652450;60000;2089.6740366890;2160000;;
train;4;6;100;0.5000000000;0.0014881800;54.2514051780;60000;2143.9254418670;2220000;;
train;4;6;100;0.5000000000;0.0015076040;55.3416662560;60000;2199.2671081230;2280000;;
train;4;6;100;0.5000000000;0.0011562990;53.8535555500;60000;2253.1206636730;2340000;;
train;4;6;100;0.5000000000;0.0014443830;54.3219783180;60000;2307.4426419910;2400000;;
train;4;6;100;0.5000000000;0.0014490310;55.8663605090;60000;2363.3090025000;2460000;;
train;4;6;100;0.5000000000;0.0015061760;55.3431836740;60000;2418.6521861740;2520000;;
train;4;6;100;0.5000000000;0.0017320290;53.6700120230;60000;2472.3221981970;2580000;;
train;4;6;100;0.5000000000;0.0014935610;54.5651301730;60000;2526.8873283700;2640000;;
train;4;6;100;0.5000000000;0.0014953750;53.6987887310;60000;2580.5861171010;2700000;;
train;4;6;100;0.5000000000;0.0014969090;54.7311177160;60000;2635.3172348170;2760000;;
train;4;6;100;0.5000000000;0.0015473010;54.7601539580;60000;2690.0773887750;2820000;;
train;4;6;100;0.5000000000;0.0015378940;53.2683718310;60000;2743.3457606060;2880000;;
train;4;6;100;0.5000000000;0.0014671810;54.8719370910;60000;2798.2176976970;2940000;;
train;4;6;100;0.5000000000;0.0015507600;55.2087110430;60000;2853.4264087400;3000000;;
test;4;6;100;0.5000000000;0.0014497980;18.1362313740;60000;2853.4264087400;3000000;53926;6074
test;4;6;100;0.5000000000;0.0014183610;3.5367209910;10000;2853.4264087400;3000000;9057;943
train;4;6;100;0.5000000000;0.0031034690;55.4769991560;60000;2908.9034078960;3060000;;
train;4;6;100;0.5000000000;0.0017969980;54.1748289640;60000;2963.0782368600;3120000;;
train;4;6;100;0.5000000000;0.0023532960;54.8672066180;60000;3017.9454434780;3180000;;
train;4;6;100;0.5000000000;0.0014699510;53.0781117300;60000;3071.0235552080;3240000;;
train;4;6;100;0.5000000000;0.0013856380;55.3451144160;60000;3126.3686696240;3300000;;
train;4;6;100;0.5000000000;0.0014507740;54.7176893830;60000;3181.0863590070;3360000;;
train;4;6;100;0.5000000000;0.0014335420;55.8454258660;60000;3236.9317848730;3420000;;
train;4;6;100;0.5000000000;0.0014404810;54.5777632670;60000;3291.5095481400;3480000;;
train;4;6;100;0.5000000000;0.0014616480;61.2891712860;60000;3352.7987194260;3540000;;
train;4;6;100;0.5000000000;0.0014489010;57.1975297120;60000;3409.9962491380;3600000;;
train;4;6;100;0.5000000000;0.0014610680;64.7531116990;60000;3474.7493608370;3660000;;
train;4;6;100;0.5000000000;0.0014418120;53.7972562860;60000;3528.5466171230;3720000;;
train;4;6;100;0.5000000000;0.0014432520;59.0937402070;60000;3587.6403573300;3780000;;
train;4;6;100;0.5000000000;0.0014499260;53.3722657350;60000;3641.0126230650;3840000;;
train;4;6;100;0.5000000000;0.0014248160;57.8893786200;60000;3698.9020016850;3900000;;
train;4;6;100;0.5000000000;0.0014517580;61.3934895400;60000;3760.2954912250;3960000;;
train;4;6;100;0.5000000000;0.0014529140;54.8106910990;60000;3815.1061823240;4020000;;
train;4;6;100;0.5000000000;0.0014324430;53.9103789560;60000;3869.0165612800;4080000;;
train;4;6;100;0.5000000000;0.0014616240;56.4460926680;60000;3925.4626539480;4140000;;
train;4;6;100;0.5000000000;0.0014965220;54.1771934420;60000;3979.6398473900;4200000;;
train;4;6;100;0.5000000000;0.0014042750;54.7383470740;60000;4034.3781944640;4260000;;
train;4;6;100;0.5000000000;0.0014608930;53.4965241830;60000;4087.8747186470;4320000;;
train;4;6;100;0.5000000000;0.0013961090;65.0878943130;60000;4152.9626129600;4380000;;
train;4;6;100;0.5000000000;0.0011569590;53.8960309400;60000;4206.8586439000;4440000;;
train;4;6;100;0.5000000000;0.0014559530;53.2017670360;60000;4260.0604109360;4500000;;
test;4;6;100;0.5000000000;0.0014474120;20.0417560780;60000;4260.0604109360;4500000;53751;6249
test;4;6;100;0.5000000000;0.0014281210;2.7687970240;10000;4260.0604109360;4500000;9015;985
train;4;6;100;0.5000000000;0.0014784240;57.8583897840;60000;4317.9188007200;4560000;;
train;4;6;100;0.5000000000;0.0014957360;56.8943826770;60000;4374.8131833970;4620000;;
train;4;6;100;0.5000000000;0.0015278580;69.6636509610;60000;4444.4768343580;4680000;;
train;4;6;100;0.5000000000;0.0014925730;54.6176229320;60000;4499.0944572900;4740000;;
train;4;6;100;0.5000000000;0.0014940610;55.8145620080;60000;4554.9090192980;4800000;;
train;4;6;100;0.5000000000;0.0014703360;56.1289011620;60000;4611.0379204600;4860000;;
train;4;6;100;0.5000000000;0.0014828690;55.2186502660;60000;4666.2565707260;4920000;;
train;4;6;100;0.5000000000;0.0014782720;54.6534790820;60000;4720.9100498080;4980000;;
train;4;6;100;0.5000000000;0.0014825680;54.6514733070;60000;4775.5615231150;5040000;;
train;4;6;100;0.5000000000;0.0020551900;56.9102377590;60000;4832.4717608740;5100000;;
train;4;6;100;0.5000000000;0.0015366180;54.7477537490;60000;4887.2195146230;5160000;;
train;4;6;100;0.5000000000;0.0015424860;55.1774962250;60000;4942.3970108480;5220000;;
train;4;6;100;0.5000000000;0.0014796520;54.9133293270;60000;4997.3103401750;5280000;;
train;4;6;100;0.5000000000;0.0015181340;55.4219618700;60000;5052.7323020450;5340000;;
train;4;6;100;0.5000000000;0.0015353450;54.8217346560;60000;5107.5540367010;5400000;;
train;4;6;100;0.5000000000;0.0014672740;54.1450384430;60000;5161.6990751440;5460000;;
train;4;6;100;0.5000000000;0.0015618970;55.4082223540;60000;5217.1072974980;5520000;;
train;4;6;100;0.5000000000;0.0014621950;55.2670331920;60000;5272.3743306900;5580000;;
train;4;6;100;0.5000000000;0.0015239690;53.2036186370;60000;5325.5779493270;5640000;;
train;4;6;100;0.5000000000;0.0014883580;53.1862529900;60000;5378.7642023170;5700000;;
train;4;6;100;0.5000000000;0.0015037990;54.1712583960;60000;5432.9354607130;5760000;;
train;4;6;100;0.5000000000;0.0014788260;61.5862007410;60000;5494.5216614540;5820000;;
train;4;6;100;0.5000000000;0.0014966280;62.9027990620;60000;5557.4244605160;5880000;;
train;4;6;100;0.5000000000;0.0014844720;54.0932372940;60000;5611.5176978100;5940000;;
train;4;6;100;0.5000000000;0.0014362650;55.0524130300;60000;5666.5701108400;6000000;;
test;4;6;100;0.5000000000;0.0015455270;21.3819665870;60000;5666.5701108400;6000000;54160;5840
test;4;6;100;0.5000000000;0.0014615760;3.4102881420;10000;5666.5701108400;6000000;9068;932
