Mode;CPUs;Parallel;WorkerBatch;LearningRate;WorkerSetupTime;EpochElapsedTime;EpochLines;TotalElapsedTime;TotalLines;Correct;Incorrect
train;4;5;100;0.5000000000;0.0018519140;59.2614790050;60000;59.2614790050;60000;;
train;4;5;100;0.5000000000;0.0012781770;58.6236737690;60000;117.8851527740;120000;;
train;4;5;100;0.5000000000;0.0012323200;57.8710320910;60000;175.7561848650;180000;;
train;4;5;100;0.5000000000;0.0012418810;58.9693802000;60000;234.7255650650;240000;;
train;4;5;100;0.5000000000;0.0012830840;58.4420746900;60000;293.1676397550;300000;;
train;4;5;100;0.5000000000;0.0012366650;59.1336198710;60000;352.3012596260;360000;;
train;4;5;100;0.5000000000;0.0012940690;59.5936615860;60000;411.8949212120;420000;;
train;4;5;100;0.5000000000;0.0012282420;58.2357570270;60000;470.1306782390;480000;;
train;4;5;100;0.5000000000;0.0012424640;58.8748899850;60000;529.0055682240;540000;;
train;4;5;100;0.5000000000;0.0014120920;63.3407742630;60000;592.3463424870;600000;;
train;4;5;100;0.5000000000;0.0012299380;56.7907249640;60000;649.1370674510;660000;;
train;4;5;100;0.5000000000;0.0012122700;58.4286901030;60000;707.5657575540;720000;;
train;4;5;100;0.5000000000;0.0012459900;58.0707531420;60000;765.6365106960;780000;;
train;4;5;100;0.5000000000;0.0011901640;57.9987632470;60000;823.6352739430;840000;;
train;4;5;100;0.5000000000;0.0012817700;57.0034467720;60000;880.6387207150;900000;;
train;4;5;100;0.5000000000;0.0012280100;57.9568284340;60000;938.5955491490;960000;;
train;4;5;100;0.5000000000;0.0012476260;56.8418549560;60000;995.4374041050;1020000;;
train;4;5;100;0.5000000000;0.0011986850;57.7541618050;60000;1053.1915659100;1080000;;
train;4;5;100;0.5000000000;0.0009755980;57.9387469440;60000;1111.1303128540;1140000;;
train;4;5;100;0.5000000000;0.0012205420;57.4127330510;60000;1168.5430459050;1200000;;
train;4;5;100;0.5000000000;0.0012721370;57.6038384220;60000;1226.1468843270;1260000;;
train;4;5;100;0.5000000000;0.0012550500;59.8338494850;60000;1285.9807338120;1320000;;
train;4;5;100;0.5000000000;0.0012612660;59.1530567570;60000;1345.1337905690;1380000;;
train;4;5;100;0.5000000000;0.0012448750;57.9763047970;60000;1403.1100953660;1440000;;
train;4;5;100;0.5000000000;0.0009388360;57.4194132600;60000;1460.5295086260;1500000;;
test;4;5;100;0.5000000000;0.0019552590;21.2443269730;60000;1460.5295086260;1500000;54049;5951
test;4;5;100;0.5000000000;0.0012748320;2.6492872540;10000;1460.5295086260;1500000;9040;960
train;4;5;100;0.5000000000;0.0012378500;57.4618901620;60000;1517.9913987880;1560000;;
train;4;5;100;0.5000000000;0.0012356920;57.6582064130;60000;1575.6496052010;1620000;;
train;4;5;100;0.5000000000;0.0012316520;58.4828570170;60000;1634.1324622180;1680000;;
train;4;5;100;0.5000000000;0.0012666620;57.2222946290;60000;1691.3547568470;1740000;;
train;4;5;100;0.5000000000;0.0012563670;58.3409052580;60000;1749.6956621050;1800000;;
train;4;5;100;0.5000000000;0.0012296970;55.7253493830;60000;1805.4210114880;1860000;;
train;4;5;100;0.5000000000;0.0018316590;58.3010224950;60000;1863.7220339830;1920000;;
train;4;5;100;0.5000000000;0.0012713720;57.0822503830;60000;1920.8042843660;1980000;;
train;4;5;100;0.5000000000;0.0012511740;58.9299117550;60000;1979.7341961210;2040000;;
train;4;5;100;0.5000000000;0.0012119270;54.4594730090;60000;2034.1936691300;2100000;;
train;4;5;100;0.5000000000;0.0009480220;55.8608668030;60000;2090.0545359330;2160000;;
train;4;5;100;0.5000000000;0.0012488470;55.1066064710;60000;2145.1611424040;2220000;;
train;4;5;100;0.5000000000;0.0012526030;54.3717415700;60000;2199.5328839740;2280000;;
train;4;5;100;0.5000000000;0.0012715090;56.3533250660;60000;2255.8862090400;2340000;;
train;4;5;100;0.5000000000;0.0023560280;55.3794705300;60000;2311.2656795700;2400000;;
train;4;5;100;0.5000000000;0.0012461760;55.4443974840;60000;2366.7100770540;2460000;;
train;4;5;100;0.5000000000;0.0012618240;56.0300164970;60000;2422.7400935510;2520000;;
train;4;5;100;0.5000000000;0.0012581860;55.6573808250;60000;2478.3974743760;2580000;;
train;4;5;100;0.5000000000;0.0012792810;54.4962651140;60000;2532.8937394900;2640000;;
train;4;5;100;0.5000000000;0.0012328010;55.6269620480;60000;2588.5207015380;2700000;;
train;4;5;100;0.5000000000;0.0013105770;57.0952944650;60000;2645.6159960030;2760000;;
train;4;5;100;0.5000000000;0.0012404150;66.3326083270;60000;2711.9486043300;2820000;;
train;4;5;100;0.5000000000;0.0012809990;55.4356267300;60000;2767.3842310600;2880000;;
train;4;5;100;0.5000000000;0.0012591440;54.7750544330;60000;2822.1592854930;2940000;;
train;4;5;100;0.5000000000;0.0012517200;56.8285119900;60000;2878.9877974830;3000000;;
test;4;5;100;0.5000000000;0.0012666440;19.1184942380;60000;2878.9877974830;3000000;54061;5939
test;4;5;100;0.5000000000;0.0012923860;3.3827775280;10000;2878.9877974830;3000000;9032;968
train;4;5;100;0.5000000000;0.0009321530;56.1245451280;60000;2935.1123426110;3060000;;
train;4;5;100;0.5000000000;0.0012491720;54.3995757710;60000;2989.5119183820;3120000;;
train;4;5;100;0.5000000000;0.0012879370;56.0013915840;60000;3045.5133099660;3180000;;
train;4;5;100;0.5000000000;0.0012526700;56.3713373300;60000;3101.8846472960;3240000;;
train;4;5;100;0.5000000000;0.0012297850;55.1786066080;60000;3157.0632539040;3300000;;
train;4;5;100;0.5000000000;0.0012391460;54.2380579480;60000;3211.3013118520;3360000;;
train;4;5;100;0.5000000000;0.0011857050;53.9598426490;60000;3265.2611545010;3420000;;
train;4;5;100;0.5000000000;0.0012369750;56.9257268710;60000;3322.1868813720;3480000;;
train;4;5;100;0.5000000000;0.0012996650;55.0648207560;60000;3377.2517021280;3540000;;
train;4;5;100;0.5000000000;0.0012721850;55.9826235130;60000;3433.2343256410;3600000;;
train;4;5;100;0.5000000000;0.0012906780;53.8076424460;60000;3487.0419680870;3660000;;
train;4;5;100;0.5000000000;0.0012747850;53.8612459680;60000;3540.9032140550;3720000;;
train;4;5;100;0.5000000000;0.0012603030;54.6340871080;60000;3595.5373011630;3780000;;
train;4;5;100;0.5000000000;0.0012469500;53.8182104990;60000;3649.3555116620;3840000;;
train;4;5;100;0.5000000000;0.0012736670;53.9331110510;60000;3703.2886227130;3900000;;
train;4;5;100;0.5000000000;0.0013907230;55.9779480780;60000;3759.2665707910;3960000;;
train;4;5;100;0.5000000000;0.0012688010;60.2813248210;60000;3819.5478956120;4020000;;
train;4;5;100;0.5000000000;0.0012119840;55.5000027130;60000;3875.0478983250;4080000;;
train;4;5;100;0.5000000000;0.0012539650;59.2526618020;60000;3934.3005601270;4140000;;
train;4;5;100;0.5000000000;0.0012157230;53.5405933940;60000;3987.8411535210;4200000;;
train;4;5;100;0.5000000000;0.0012043890;54.8537918090;60000;4042.6949453300;4260000;;
train;4;5;100;0.5000000000;0.0012451250;53.8273634890;60000;4096.5223088190;4320000;;
train;4;5;100;0.5000000000;0.0013073850;54.7081524670;60000;4151.2304612860;4380000;;
train;4;5;100;0.5000000000;0.0012842330;55.0180306510;60000;4206.2484919370;4440000;;
train;4;5;100;0.5000000000;0.0012420990;53.5176407570;60000;4259.7661326940;4500000;;
test;4;5;100;0.5000000000;0.0009843620;18.6661439780;60000;4259.7661326940;4500000;53400;6600
test;4;5;100;0.5000000000;0.0011949020;2.9410685820;10000;4259.7661326940;4500000;8959;1041
train;4;5;100;0.5000000000;0.0013154270;56.2364591410;60000;4316.0025918350;4560000;;
train;4;5;100;0.5000000000;0.0013402070;55.5491886890;60000;4371.5517805240;4620000;;
train;4;5;100;0.5000000000;0.0012704370;56.3153996670;60000;4427.8671801910;4680000;;
train;4;5;100;0.5000000000;0.0013152900;54.2991027320;60000;4482.1662829230;4740000;;
train;4;5;100;0.5000000000;0.0012155690;61.2492586300;60000;4543.4155415530;4800000;;
train;4;5;100;0.5000000000;0.0012828150;55.4321921240;60000;4598.8477336770;4860000;;
train;4;5;100;0.5000000000;0.0013224250;56.0323361890;60000;4654.8800698660;4920000;;
train;4;5;100;0.5000000000;0.0012456770;54.3959858630;60000;4709.2760557290;4980000;;
train;4;5;100;0.5000000000;0.0012642670;55.2397162540;60000;4764.5157719830;5040000;;
train;4;5;100;0.5000000000;0.0012501480;55.4865512420;60000;4820.0023232250;5100000;;
train;4;5;100;0.5000000000;0.0012466120;54.0773847820;60000;4874.0797080070;5160000;;
train;4;5;100;0.5000000000;0.0012477870;56.3506213140;60000;4930.4303293210;5220000;;
train;4;5;100;0.5000000000;0.0012982880;53.8805881190;60000;4984.3109174400;5280000;;
train;4;5;100;0.5000000000;0.0012534200;53.6620532230;60000;5037.9729706630;5340000;;
train;4;5;100;0.5000000000;0.0012367920;54.5515076950;60000;5092.5244783580;5400000;;
train;4;5;100;0.5000000000;0.0012331650;56.6017711410;60000;5149.1262494990;5460000;;
train;4;5;100;0.5000000000;0.0012467030;53.4006437110;60000;5202.5268932100;5520000;;
train;4;5;100;0.5000000000;0.0012685940;58.5357385110;60000;5261.0626317210;5580000;;
train;4;5;100;0.5000000000;0.0012367080;54.0916243460;60000;5315.1542560670;5640000;;
train;4;5;100;0.5000000000;0.0012638850;53.6640236970;60000;5368.8182797640;5700000;;
train;4;5;100;0.5000000000;0.0012683050;54.6618447050;60000;5423.4801244690;5760000;;
train;4;5;100;0.5000000000;0.0012280260;57.0727434760;60000;5480.5528679450;5820000;;
train;4;5;100;0.5000000000;0.0013082450;53.4762578760;60000;5534.0291258210;5880000;;
train;4;5;100;0.5000000000;0.0012796820;54.3277592790;60000;5588.3568851000;5940000;;
train;4;5;100;0.5000000000;0.0012813040;53.3389228020;60000;5641.6958079020;6000000;;
test;4;5;100;0.5000000000;0.0013031040;21.5352777160;60000;5641.6958079020;6000000;53792;6208
test;4;5;100;0.5000000000;0.0013095910;3.5256632500;10000;5641.6958079020;6000000;9020;980
