Mode;CPUs;Parallel;WorkerBatch;LearningRate;WorkerSetupTime;EpochElapsedTime;EpochLines;TotalElapsedTime;TotalLines;Correct;Incorrect
train;4;7;100;0.8000000000;0.0016343980;55.8208267760;60000;55.8208267760;60000;;
train;4;7;100;0.8000000000;0.0017645810;56.3825866660;60000;112.2034134420;120000;;
train;4;7;100;0.8000000000;0.0017243460;56.7483383630;60000;168.9517518050;180000;;
train;4;7;100;0.8000000000;0.0017347860;55.7898109520;60000;224.7415627570;240000;;
train;4;7;100;0.8000000000;0.0018038930;55.9291208370;60000;280.6706835940;300000;;
train;4;7;100;0.8000000000;0.0017721210;57.8384201840;60000;338.5091037780;360000;;
train;4;7;100;0.8000000000;0.0017036780;56.3318888700;60000;394.8409926480;420000;;
train;4;7;100;0.8000000000;0.0016993910;56.3310796570;60000;451.1720723050;480000;;
train;4;7;100;0.8000000000;0.0017262590;57.0122357560;60000;508.1843080610;540000;;
train;4;7;100;0.8000000000;0.0017398910;57.9342240240;60000;566.1185320850;600000;;
test;4;7;100;0.8000000000;0.0017478490;20.0506892190;60000;566.1185320850;600000;58309;1691
test;4;7;100;0.8000000000;0.0017273600;3.4446170750;10000;566.1185320850;600000;9665;335
train;4;7;100;0.8000000000;0.0017261150;57.6908058160;60000;623.8093379010;660000;;
train;4;7;100;0.8000000000;0.0017624180;57.0418517240;60000;680.8511896250;720000;;
train;4;7;100;0.8000000000;0.0017518100;56.5385232980;60000;737.3897129230;780000;;
train;4;7;100;0.8000000000;0.0017676620;57.3238991450;60000;794.7136120680;840000;;
train;4;7;100;0.8000000000;0.0017783930;56.4343942590;60000;851.1480063270;900000;;
train;4;7;100;0.8000000000;0.0017388160;57.5065454200;60000;908.6545517470;960000;;
train;4;7;100;0.8000000000;0.0017242220;56.6197826450;60000;965.2743343920;1020000;;
train;4;7;100;0.8000000000;0.0016821710;58.2107322550;60000;1023.4850666470;1080000;;
train;4;7;100;0.8000000000;0.0016973390;56.2093831870;60000;1079.6944498340;1140000;;
train;4;7;100;0.8000000000;0.0017177860;57.2012320480;60000;1136.8956818820;1200000;;
test;4;7;100;0.8000000000;0.0017005460;20.2494233020;60000;1136.8956818820;1200000;59001;999
test;4;7;100;0.8000000000;0.0017398100;3.3841613130;10000;1136.8956818820;1200000;9714;286
train;4;7;100;0.8000000000;0.0016954750;58.2054203630;60000;1195.1011022450;1260000;;
train;4;7;100;0.8000000000;0.0016794090;57.2731261750;60000;1252.3742284200;1320000;;
train;4;7;100;0.8000000000;0.0017048830;56.5830873890;60000;1308.9573158090;1380000;;
train;4;7;100;0.8000000000;0.0017080770;56.6235478490;60000;1365.5808636580;1440000;;
train;4;7;100;0.8000000000;0.0017037320;58.3911202070;60000;1423.9719838650;1500000;;
train;4;7;100;0.8000000000;0.0017113480;57.3296955530;60000;1481.3016794180;1560000;;
train;4;7;100;0.8000000000;0.0018036380;56.9145109770;60000;1538.2161903950;1620000;;
train;4;7;100;0.8000000000;0.0017123760;57.2275031360;60000;1595.4436935310;1680000;;
train;4;7;100;0.8000000000;0.0017796410;56.9101266130;60000;1652.3538201440;1740000;;
train;4;7;100;0.8000000000;0.0017655330;57.3336284330;60000;1709.6874485770;1800000;;
test;4;7;100;0.8000000000;0.0017563450;20.1178262420;60000;1709.6874485770;1800000;59379;621
test;4;7;100;0.8000000000;0.0017235720;3.5075386140;10000;1709.6874485770;1800000;9746;254
train;4;7;100;0.8000000000;0.0017116290;57.3785896680;60000;1767.0660382450;1860000;;
train;4;7;100;0.8000000000;0.0017369970;57.0235232130;60000;1824.0895614580;1920000;;
train;4;7;100;0.8000000000;0.0017783710;57.0982303780;60000;1881.1877918360;1980000;;
train;4;7;100;0.8000000000;0.0016822930;56.8843951640;60000;1938.0721870000;2040000;;
train;4;7;100;0.8000000000;0.0016612130;57.6901629330;60000;1995.7623499330;2100000;;
train;4;7;100;0.8000000000;0.0016701410;58.1342422250;60000;2053.8965921580;2160000;;
train;4;7;100;0.8000000000;0.0017576360;57.2188060130;60000;2111.1153981710;2220000;;
train;4;7;100;0.8000000000;0.0017253800;57.0974522080;60000;2168.2128503790;2280000;;
train;4;7;100;0.8000000000;0.0043631900;57.8350301850;60000;2226.0478805640;2340000;;
train;4;7;100;0.8000000000;0.0018057100;57.0955989210;60000;2283.1434794850;2400000;;
test;4;7;100;0.8000000000;0.0017182890;20.6891290120;60000;2283.1434794850;2400000;59500;500
test;4;7;100;0.8000000000;0.0017323290;3.7002955960;10000;2283.1434794850;2400000;9737;263
train;4;7;100;0.8000000000;0.0017473240;57.1728490080;60000;2340.3163284930;2460000;;
train;4;7;100;0.8000000000;0.0017095350;57.3909165220;60000;2397.7072450150;2520000;;
train;4;7;100;0.8000000000;0.0017603970;57.5282831030;60000;2455.2355281180;2580000;;
train;4;7;100;0.8000000000;0.0017438910;57.5465855980;60000;2512.7821137160;2640000;;
train;4;7;100;0.8000000000;0.0017374310;57.4743335460;60000;2570.2564472620;2700000;;
train;4;7;100;0.8000000000;0.0017438340;57.2441765960;60000;2627.5006238580;2760000;;
train;4;7;100;0.8000000000;0.0017535360;57.3513730790;60000;2684.8519969370;2820000;;
train;4;7;100;0.8000000000;0.0016600920;56.4908083250;60000;2741.3428052620;2880000;;
train;4;7;100;0.8000000000;0.0017733820;58.1954400350;60000;2799.5382452970;2940000;;
train;4;7;100;0.8000000000;0.0017271590;57.3579991610;60000;2856.8962444580;3000000;;
test;4;7;100;0.8000000000;0.0017175810;19.9631618850;60000;2856.8962444580;3000000;59476;524
test;4;7;100;0.8000000000;0.0016570120;3.5283666830;10000;2856.8962444580;3000000;9734;266
train;4;7;100;0.8000000000;0.0017241230;56.6853606410;60000;2913.5816050990;3060000;;
train;4;7;100;0.8000000000;0.0017483900;57.2553779390;60000;2970.8369830380;3120000;;
train;4;7;100;0.8000000000;0.0017205650;58.5533437050;60000;3029.3903267430;3180000;;
train;4;7;100;0.8000000000;0.0017439690;56.9306413670;60000;3086.3209681100;3240000;;
train;4;7;100;0.8000000000;0.0017472210;58.6695488080;60000;3144.9905169180;3300000;;
train;4;7;100;0.8000000000;0.0017447700;57.2411532520;60000;3202.2316701700;3360000;;
train;4;7;100;0.8000000000;0.0017327730;57.2352260270;60000;3259.4668961970;3420000;;
train;4;7;100;0.8000000000;0.0016505920;57.8542547950;60000;3317.3211509920;3480000;;
train;4;7;100;0.8000000000;0.0017048770;58.2045042000;60000;3375.5256551920;3540000;;
train;4;7;100;0.8000000000;0.0017671830;57.7809086970;60000;3433.3065638890;3600000;;
test;4;7;100;0.8000000000;0.0017932710;20.5947468440;60000;3433.3065638890;3600000;59650;350
test;4;7;100;0.8000000000;0.0017067310;3.3748370980;10000;3433.3065638890;3600000;9733;267
train;4;7;100;0.8000000000;0.0017134220;57.8746069470;60000;3491.1811708360;3660000;;
train;4;7;100;0.8000000000;0.0016782830;58.4006892320;60000;3549.5818600680;3720000;;
train;4;7;100;0.8000000000;0.0019383030;57.9164437390;60000;3607.4983038070;3780000;;
train;4;7;100;0.8000000000;0.0016831620;57.3978779920;60000;3664.8961817990;3840000;;
train;4;7;100;0.8000000000;0.0017036440;58.2182842100;60000;3723.1144660090;3900000;;
train;4;7;100;0.8000000000;0.0017564860;57.6531287620;60000;3780.7675947710;3960000;;
train;4;7;100;0.8000000000;0.0017985120;57.5328007230;60000;3838.3003954940;4020000;;
train;4;7;100;0.8000000000;0.0017026380;56.9940140420;60000;3895.2944095360;4080000;;
train;4;7;100;0.8000000000;0.0017349300;56.8016058030;60000;3952.0960153390;4140000;;
train;4;7;100;0.8000000000;0.0041060160;58.0224910370;60000;4010.1185063760;4200000;;
test;4;7;100;0.8000000000;0.0017916550;20.2742387410;60000;4010.1185063760;4200000;59792;208
test;4;7;100;0.8000000000;0.0017539710;3.4247310210;10000;4010.1185063760;4200000;9758;242
train;4;7;100;0.8000000000;0.0017001590;57.7586105970;60000;4067.8771169730;4260000;;
train;4;7;100;0.8000000000;0.0017233590;56.8843176700;60000;4124.7614346430;4320000;;
train;4;7;100;0.8000000000;0.0017839110;57.9930161880;60000;4182.7544508310;4380000;;
train;4;7;100;0.8000000000;0.0017505120;57.8222363510;60000;4240.5766871820;4440000;;
train;4;7;100;0.8000000000;0.0017041870;56.8823545430;60000;4297.4590417250;4500000;;
train;4;7;100;0.8000000000;0.0017776520;56.8967533080;60000;4354.3557950330;4560000;;
train;4;7;100;0.8000000000;0.0017087930;57.0575538450;60000;4411.4133488780;4620000;;
train;4;7;100;0.8000000000;0.0017416550;56.8099661180;60000;4468.2233149960;4680000;;
train;4;7;100;0.8000000000;0.0017534180;59.4058560450;60000;4527.6291710410;4740000;;
train;4;7;100;0.8000000000;0.0017706880;57.8681204280;60000;4585.4972914690;4800000;;
test;4;7;100;0.8000000000;0.0018269970;20.6249799280;60000;4585.4972914690;4800000;59819;181
test;4;7;100;0.8000000000;0.0017142980;3.3800010870;10000;4585.4972914690;4800000;9748;252
train;4;7;100;0.8000000000;0.0016739840;56.9635554780;60000;4642.4608469470;4860000;;
train;4;7;100;0.8000000000;0.0016967900;57.0892502150;60000;4699.5500971620;4920000;;
train;4;7;100;0.8000000000;0.0017723040;57.2353381390;60000;4756.7854353010;4980000;;
train;4;7;100;0.8000000000;0.0017066610;57.3144629000;60000;4814.0998982010;5040000;;
train;4;7;100;0.8000000000;0.0017219160;59.0641014190;60000;4873.1639996200;5100000;;
train;4;7;100;0.8000000000;0.0017706770;57.4784892860;60000;4930.6424889060;5160000;;
train;4;7;100;0.8000000000;0.0017144420;58.4615714650;60000;4989.1040603710;5220000;;
train;4;7;100;0.8000000000;0.0017987930;57.4304204270;60000;5046.5344807980;5280000;;
train;4;7;100;0.8000000000;0.0018033360;57.6099291750;60000;5104.1444099730;5340000;;
train;4;7;100;0.8000000000;0.0017908100;56.6879695950;60000;5160.8323795680;5400000;;
test;4;7;100;0.8000000000;0.0016670950;19.8591699180;60000;5160.8323795680;5400000;59862;138
test;4;7;100;0.8000000000;0.0017251800;3.3480424330;10000;5160.8323795680;5400000;9753;247
train;4;7;100;0.8000000000;0.0017346530;58.0767497740;60000;5218.9091293420;5460000;;
train;4;7;100;0.8000000000;0.0016942100;57.5300250530;60000;5276.4391543950;5520000;;
train;4;7;100;0.8000000000;0.0017324260;58.4237871530;60000;5334.8629415480;5580000;;
train;4;7;100;0.8000000000;0.0017671300;57.6442488050;60000;5392.5071903530;5640000;;
train;4;7;100;0.8000000000;0.0017190250;57.3626826730;60000;5449.8698730260;5700000;;
train;4;7;100;0.8000000000;0.0017125150;57.0249167140;60000;5506.8947897400;5760000;;
train;4;7;100;0.8000000000;0.0017382140;57.6299673370;60000;5564.5247570770;5820000;;
train;4;7;100;0.8000000000;0.0017485740;56.8570022440;60000;5621.3817593210;5880000;;
train;4;7;100;0.8000000000;0.0017720990;58.2388658780;60000;5679.6206251990;5940000;;
train;4;7;100;0.8000000000;0.0017079270;58.7877951800;60000;5738.4084203790;6000000;;
test;4;7;100;0.8000000000;0.0017217000;19.9552452820;60000;5738.4084203790;6000000;59862;138
test;4;7;100;0.8000000000;0.0016852350;3.4157907690;10000;5738.4084203790;6000000;9753;247
