Mode;CPUs;Parallel;WorkerBatch;LearningRate;WorkerSetupTime;EpochElapsedTime;EpochLines;TotalElapsedTime;TotalLines;Correct;Incorrect
train;4;3;100;0.8000000000;0.0012254300;64.8108589260;60000;64.8108589260;60000;;
train;4;3;100;0.8000000000;0.0008607710;65.2511860790;60000;130.0620450050;120000;;
train;4;3;100;0.8000000000;0.0008943580;65.2367848140;60000;195.2988298190;180000;;
train;4;3;100;0.8000000000;0.0008537360;64.4469752030;60000;259.7458050220;240000;;
train;4;3;100;0.8000000000;0.0008772350;65.1885969360;60000;324.9344019580;300000;;
train;4;3;100;0.8000000000;0.0008726810;64.3887391350;60000;389.3231410930;360000;;
train;4;3;100;0.8000000000;0.0008783520;64.4960643220;60000;453.8192054150;420000;;
train;4;3;100;0.8000000000;0.0008692260;64.8715238860;60000;518.6907293010;480000;;
train;4;3;100;0.8000000000;0.0008764370;69.4590504150;60000;588.1497797160;540000;;
train;4;3;100;0.8000000000;0.0008506200;66.1262164370;60000;654.2759961530;600000;;
test;4;3;100;0.8000000000;0.0008837800;23.4084418980;60000;654.2759961530;600000;58711;1289
test;4;3;100;0.8000000000;0.0008957380;3.7994915180;10000;654.2759961530;600000;9689;311
train;4;3;100;0.8000000000;0.0008425500;66.4434247270;60000;720.7194208800;660000;;
train;4;3;100;0.8000000000;0.0008447030;64.8946882520;60000;785.6141091320;720000;;
train;4;3;100;0.8000000000;0.0008602350;64.9492140610;60000;850.5633231930;780000;;
train;4;3;100;0.8000000000;0.0008681350;65.4253655170;60000;915.9886887100;840000;;
train;4;3;100;0.8000000000;0.0008483640;65.7254912170;60000;981.7141799270;900000;;
train;4;3;100;0.8000000000;0.0008396110;68.5029200370;60000;1050.2170999640;960000;;
train;4;3;100;0.8000000000;0.0008844440;65.4534287060;60000;1115.6705286700;1020000;;
train;4;3;100;0.8000000000;0.0008751980;65.1935729610;60000;1180.8641016310;1080000;;
train;4;3;100;0.8000000000;0.0008955590;65.9984992270;60000;1246.8626008580;1140000;;
train;4;3;100;0.8000000000;0.0008960530;65.1804336350;60000;1312.0430344930;1200000;;
test;4;3;100;0.8000000000;0.0008651470;22.3297161540;60000;1312.0430344930;1200000;59365;635
test;4;3;100;0.8000000000;0.0008964960;3.8065780520;10000;1312.0430344930;1200000;9747;253
train;4;3;100;0.8000000000;0.0009222070;66.5051188480;60000;1378.5481533410;1260000;;
train;4;3;100;0.8000000000;0.0009080720;66.2979190410;60000;1444.8460723820;1320000;;
train;4;3;100;0.8000000000;0.0008602100;65.8045090770;60000;1510.6505814590;1380000;;
train;4;3;100;0.8000000000;0.0008827780;67.8148259370;60000;1578.4654073960;1440000;;
train;4;3;100;0.8000000000;0.0008797100;66.5195214890;60000;1644.9849288850;1500000;;
train;4;3;100;0.8000000000;0.0008635480;65.8195921160;60000;1710.8045210010;1560000;;
train;4;3;100;0.8000000000;0.0008804780;65.5093073550;60000;1776.3138283560;1620000;;
train;4;3;100;0.8000000000;0.0008790020;65.8113588640;60000;1842.1251872200;1680000;;
train;4;3;100;0.8000000000;0.0008870340;65.3668876250;60000;1907.4920748450;1740000;;
train;4;3;100;0.8000000000;0.0008587690;65.3341338920;60000;1972.8262087370;1800000;;
test;4;3;100;0.8000000000;0.0009108440;22.5061684380;60000;1972.8262087370;1800000;59647;353
test;4;3;100;0.8000000000;0.0009068410;3.7983359140;10000;1972.8262087370;1800000;9746;254
train;4;3;100;0.8000000000;0.0008816760;65.4045048590;60000;2038.2307135960;1860000;;
train;4;3;100;0.8000000000;0.0011270130;65.1650409650;60000;2103.3957545610;1920000;;
train;4;3;100;0.8000000000;0.0009074510;65.8620936800;60000;2169.2578482410;1980000;;
train;4;3;100;0.8000000000;0.0010183560;65.3065344100;60000;2234.5643826510;2040000;;
train;4;3;100;0.8000000000;0.0008890150;65.3477749720;60000;2299.9121576230;2100000;;
train;4;3;100;0.8000000000;0.0008664710;65.3851151500;60000;2365.2972727730;2160000;;
train;4;3;100;0.8000000000;0.0079951840;65.8992288850;60000;2431.1965016580;2220000;;
train;4;3;100;0.8000000000;0.0009103660;66.4510774080;60000;2497.6475790660;2280000;;
train;4;3;100;0.8000000000;0.0008824980;65.4943173620;60000;2563.1418964280;2340000;;
train;4;3;100;0.8000000000;0.0008732530;65.3432908350;60000;2628.4851872630;2400000;;
test;4;3;100;0.8000000000;0.0008894520;23.3517204510;60000;2628.4851872630;2400000;59701;299
test;4;3;100;0.8000000000;0.0008911720;3.8226691040;10000;2628.4851872630;2400000;9750;250
train;4;3;100;0.8000000000;0.0008680770;65.5796457960;60000;2694.0648330590;2460000;;
train;4;3;100;0.8000000000;0.0008906970;65.7649852280;60000;2759.8298182870;2520000;;
train;4;3;100;0.8000000000;0.0008874150;66.2060148580;60000;2826.0358331450;2580000;;
train;4;3;100;0.8000000000;0.0008510480;65.6053715620;60000;2891.6412047070;2640000;;
train;4;3;100;0.8000000000;0.0008489180;65.5150602210;60000;2957.1562649280;2700000;;
train;4;3;100;0.8000000000;0.0009233010;65.3086679610;60000;3022.4649328890;2760000;;
train;4;3;100;0.8000000000;0.0008360340;65.6132727600;60000;3088.0782056490;2820000;;
train;4;3;100;0.8000000000;0.0008611680;65.4648308580;60000;3153.5430365070;2880000;;
train;4;3;100;0.8000000000;0.0009109270;65.6949320920;60000;3219.2379685990;2940000;;
train;4;3;100;0.8000000000;0.0008729360;65.6733573010;60000;3284.9113259000;3000000;;
test;4;3;100;0.8000000000;0.0008761920;22.2420021830;60000;3284.9113259000;3000000;59788;212
test;4;3;100;0.8000000000;0.0008815010;3.7454518510;10000;3284.9113259000;3000000;9756;244
train;4;3;100;0.8000000000;0.0008942610;67.9216145760;60000;3352.8329404760;3060000;;
train;4;3;100;0.8000000000;0.0008665340;66.2947380530;60000;3419.1276785290;3120000;;
train;4;3;100;0.8000000000;0.0008516190;66.1958516350;60000;3485.3235301640;3180000;;
train;4;3;100;0.8000000000;0.0008632040;67.0450167820;60000;3552.3685469460;3240000;;
train;4;3;100;0.8000000000;0.0008868140;65.7020413690;60000;3618.0705883150;3300000;;
train;4;3;100;0.8000000000;0.0008822290;66.0919903580;60000;3684.1625786730;3360000;;
train;4;3;100;0.8000000000;0.0009214990;65.7979969470;60000;3749.9605756200;3420000;;
train;4;3;100;0.8000000000;0.0008463800;65.4911352530;60000;3815.4517108730;3480000;;
train;4;3;100;0.8000000000;0.0008616960;65.5430484820;60000;3880.9947593550;3540000;;
train;4;3;100;0.8000000000;0.0008958990;65.7296133030;60000;3946.7243726580;3600000;;
test;4;3;100;0.8000000000;0.0008754510;22.1165540350;60000;3946.7243726580;3600000;59605;395
test;4;3;100;0.8000000000;0.0008857280;4.0615063360;10000;3946.7243726580;3600000;9738;262
train;4;3;100;0.8000000000;0.0008895090;66.0043016330;60000;4012.7286742910;3660000;;
train;4;3;100;0.8000000000;0.0008524430;65.9911576360;60000;4078.7198319270;3720000;;
train;4;3;100;0.8000000000;0.0008630420;65.9733917780;60000;4144.6932237050;3780000;;
train;4;3;100;0.8000000000;0.0009231240;66.0918282600;60000;4210.7850519650;3840000;;
train;4;3;100;0.8000000000;0.0093683490;66.3929956310;60000;4277.1780475960;3900000;;
train;4;3;100;0.8000000000;0.0008885300;66.3792131500;60000;4343.5572607460;3960000;;
train;4;3;100;0.8000000000;0.0008598040;65.8169930020;60000;4409.3742537480;4020000;;
train;4;3;100;0.8000000000;0.0008834470;66.3486076570;60000;4475.7228614050;4080000;;
train;4;3;100;0.8000000000;0.0008788300;67.8457519770;60000;4543.5686133820;4140000;;
train;4;3;100;0.8000000000;0.0008752590;65.6301436280;60000;4609.1987570100;4200000;;
test;4;3;100;0.8000000000;0.0008798110;22.6647743880;60000;4609.1987570100;4200000;59783;217
test;4;3;100;0.8000000000;0.0008855930;3.7163432890;10000;4609.1987570100;4200000;9757;243
train;4;3;100;0.8000000000;0.0008303450;66.6705363080;60000;4675.8692933180;4260000;;
train;4;3;100;0.8000000000;0.0008735920;66.0756371310;60000;4741.9449304490;4320000;;
train;4;3;100;0.8000000000;0.0008514500;66.0146599590;60000;4807.9595904080;4380000;;
train;4;3;100;0.8000000000;0.0008446250;66.6339042980;60000;4874.5934947060;4440000;;
train;4;3;100;0.8000000000;0.0008433030;66.3769563520;60000;4940.9704510580;4500000;;
train;4;3;100;0.8000000000;0.0009058980;67.1123416830;60000;5008.0827927410;4560000;;
train;4;3;100;0.8000000000;0.0008535460;67.3992107990;60000;5075.4820035400;4620000;;
train;4;3;100;0.8000000000;0.0008484770;69.7150893390;60000;5145.1970928790;4680000;;
train;4;3;100;0.8000000000;0.0008989770;66.1385866690;60000;5211.3356795480;4740000;;
train;4;3;100;0.8000000000;0.0008968060;67.3461663940;60000;5278.6818459420;4800000;;
test;4;3;100;0.8000000000;0.0008838750;23.2871408550;60000;5278.6818459420;4800000;59728;272
test;4;3;100;0.8000000000;0.0008641170;3.7741842460;10000;5278.6818459420;4800000;9749;251
train;4;3;100;0.8000000000;0.0008386480;66.7061266820;60000;5345.3879726240;4860000;;
train;4;3;100;0.8000000000;0.0008876650;65.4473510730;60000;5410.8353236970;4920000;;
train;4;3;100;0.8000000000;0.0008769340;65.4854565870;60000;5476.3207802840;4980000;;
train;4;3;100;0.8000000000;0.0009060160;65.3799292750;60000;5541.7007095590;5040000;;
train;4;3;100;0.8000000000;0.0008692430;65.6372787580;60000;5607.3379883170;5100000;;
train;4;3;100;0.8000000000;0.0008443360;65.4626218550;60000;5672.8006101720;5160000;;
train;4;3;100;0.8000000000;0.0009265150;71.4327628740;60000;5744.2333730460;5220000;;
train;4;3;100;0.8000000000;0.0008891940;67.7928131250;60000;5812.0261861710;5280000;;
train;4;3;100;0.8000000000;0.0008757170;66.7579780560;60000;5878.7841642270;5340000;;
train;4;3;100;0.8000000000;0.0009148140;66.7137397730;60000;5945.4979040000;5400000;;
test;4;3;100;0.8000000000;0.0008848870;23.4983673640;60000;5945.4979040000;5400000;59896;104
test;4;3;100;0.8000000000;0.0008993610;3.8693864540;10000;5945.4979040000;5400000;9761;239
train;4;3;100;0.8000000000;0.0008603790;65.7253773120;60000;6011.2232813120;5460000;;
train;4;3;100;0.8000000000;0.0008810750;65.7840724040;60000;6077.0073537160;5520000;;
train;4;3;100;0.8000000000;0.0041616250;66.0183637810;60000;6143.0257174970;5580000;;
train;4;3;100;0.8000000000;0.0008907250;66.3395621720;60000;6209.3652796690;5640000;;
train;4;3;100;0.8000000000;0.0008824970;65.5515596000;60000;6274.9168392690;5700000;;
train;4;3;100;0.8000000000;0.0008842740;65.7063659190;60000;6340.6232051880;5760000;;
train;4;3;100;0.8000000000;0.0008656770;67.1748894440;60000;6407.7980946320;5820000;;
train;4;3;100;0.8000000000;0.0008811630;65.8483120460;60000;6473.6464066780;5880000;;
train;4;3;100;0.8000000000;0.0009001040;65.5154559230;60000;6539.1618626010;5940000;;
train;4;3;100;0.8000000000;0.0008894540;66.7509824780;60000;6605.9128450790;6000000;;
test;4;3;100;0.8000000000;0.0009198310;22.9880992990;60000;6605.9128450790;6000000;59735;265
test;4;3;100;0.8000000000;0.0008766350;3.9420295380;10000;6605.9128450790;6000000;9741;259
