Mode;CPUs;Parallel;WorkerBatch;LearningRate;WorkerSetupTime;EpochElapsedTime;EpochLines;TotalElapsedTime;TotalLines;Correct;Incorrect
train;4;8;100;0.8000000000;0.0019639690;56.5463155950;60000;56.5463155950;60000;;
train;4;8;100;0.8000000000;0.0020819430;57.0109383070;60000;113.5572539020;120000;;
train;4;8;100;0.8000000000;0.0022025950;56.5312043490;60000;170.0884582510;180000;;
train;4;8;100;0.8000000000;0.0020530680;55.7604303120;60000;225.8488885630;240000;;
train;4;8;100;0.8000000000;0.0021918690;56.8840859370;60000;282.7329745000;300000;;
train;4;8;100;0.8000000000;0.0023137960;55.7013125060;60000;338.4342870060;360000;;
train;4;8;100;0.8000000000;0.0020703620;57.2453581570;60000;395.6796451630;420000;;
train;4;8;100;0.8000000000;0.0022331780;56.9759958430;60000;452.6556410060;480000;;
train;4;8;100;0.8000000000;0.0020975750;56.9051602940;60000;509.5608013000;540000;;
train;4;8;100;0.8000000000;0.0022647980;56.6949584350;60000;566.2557597350;600000;;
test;4;8;100;0.8000000000;0.0023188850;21.0095561840;60000;566.2557597350;600000;58037;1963
test;4;8;100;0.8000000000;0.0020375140;3.3340717660;10000;566.2557597350;600000;9594;406
train;4;8;100;0.8000000000;0.0018949860;59.1239727030;60000;625.3797324380;660000;;
train;4;8;100;0.8000000000;0.0021113480;57.2491367600;60000;682.6288691980;720000;;
train;4;8;100;0.8000000000;0.0020999250;59.3157073480;60000;741.9445765460;780000;;
train;4;8;100;0.8000000000;0.0021439160;56.9963116730;60000;798.9408882190;840000;;
train;4;8;100;0.8000000000;0.0020464910;56.6526735840;60000;855.5935618030;900000;;
train;4;8;100;0.8000000000;0.0023016900;57.2918895920;60000;912.8854513950;960000;;
train;4;8;100;0.8000000000;0.0021401520;57.4041431750;60000;970.2895945700;1020000;;
train;4;8;100;0.8000000000;0.0022678090;57.8708617480;60000;1028.1604563180;1080000;;
train;4;8;100;0.8000000000;0.0038300180;57.0279666350;60000;1085.1884229530;1140000;;
train;4;8;100;0.8000000000;0.0021768260;59.3446116280;60000;1144.5330345810;1200000;;
test;4;8;100;0.8000000000;0.0021559380;20.3058841690;60000;1144.5330345810;1200000;58966;1034
test;4;8;100;0.8000000000;0.0019669230;3.8052798520;10000;1144.5330345810;1200000;9702;298
train;4;8;100;0.8000000000;0.0019987140;57.2899927380;60000;1201.8230273190;1260000;;
train;4;8;100;0.8000000000;0.0022962690;57.5663520320;60000;1259.3893793510;1320000;;
train;4;8;100;0.8000000000;0.0062931300;56.4923081600;60000;1315.8816875110;1380000;;
train;4;8;100;0.8000000000;0.0022770710;56.2372460720;60000;1372.1189335830;1440000;;
train;4;8;100;0.8000000000;0.0022960770;56.5259145220;60000;1428.6448481050;1500000;;
train;4;8;100;0.8000000000;0.0021919300;58.1325690160;60000;1486.7774171210;1560000;;
train;4;8;100;0.8000000000;0.0020757160;57.3320924470;60000;1544.1095095680;1620000;;
train;4;8;100;0.8000000000;0.0020359090;58.3917370810;60000;1602.5012466490;1680000;;
train;4;8;100;0.8000000000;0.0020350400;58.9083925060;60000;1661.4096391550;1740000;;
train;4;8;100;0.8000000000;0.0022210210;58.6226069180;60000;1720.0322460730;1800000;;
test;4;8;100;0.8000000000;0.0021422430;20.1675148650;60000;1720.0322460730;1800000;59061;939
test;4;8;100;0.8000000000;0.0019657630;3.4646910170;10000;1720.0322460730;1800000;9713;287
train;4;8;100;0.8000000000;0.0020004930;57.4479217870;60000;1777.4801678600;1860000;;
train;4;8;100;0.8000000000;0.0022713930;57.4867100510;60000;1834.9668779110;1920000;;
train;4;8;100;0.8000000000;0.0022034920;57.8013881820;60000;1892.7682660930;1980000;;
train;4;8;100;0.8000000000;0.0021120310;56.9117434870;60000;1949.6800095800;2040000;;
train;4;8;100;0.8000000000;0.0020727970;56.2792380680;60000;2005.9592476480;2100000;;
train;4;8;100;0.8000000000;0.0021531080;57.1410186370;60000;2063.1002662850;2160000;;
train;4;8;100;0.8000000000;0.0022481260;57.6167016090;60000;2120.7169678940;2220000;;
train;4;8;100;0.8000000000;0.0020689830;57.0637825500;60000;2177.7807504440;2280000;;
train;4;8;100;0.8000000000;0.0023400780;57.2421965290;60000;2235.0229469730;2340000;;
train;4;8;100;0.8000000000;0.0020749950;59.2252339420;60000;2294.2481809150;2400000;;
test;4;8;100;0.8000000000;0.0022490270;22.7196248840;60000;2294.2481809150;2400000;59534;466
test;4;8;100;0.8000000000;0.0018996520;3.4048483560;10000;2294.2481809150;2400000;9753;247
train;4;8;100;0.8000000000;0.0018537300;57.1836471220;60000;2351.4318280370;2460000;;
train;4;8;100;0.8000000000;0.0020855920;56.7262966020;60000;2408.1581246390;2520000;;
train;4;8;100;0.8000000000;0.0021019490;57.8682773100;60000;2466.0264019490;2580000;;
train;4;8;100;0.8000000000;0.0021097320;57.2450434310;60000;2523.2714453800;2640000;;
train;4;8;100;0.8000000000;0.0021215910;56.7149658430;60000;2579.9864112230;2700000;;
train;4;8;100;0.8000000000;0.0022425950;57.5815364990;60000;2637.5679477220;2760000;;
train;4;8;100;0.8000000000;0.0020646150;57.9924549940;60000;2695.5604027160;2820000;;
train;4;8;100;0.8000000000;0.0022515490;57.8183588650;60000;2753.3787615810;2880000;;
train;4;8;100;0.8000000000;0.0022740280;59.5943315790;60000;2812.9730931600;2940000;;
train;4;8;100;0.8000000000;0.0021226820;59.5766872230;60000;2872.5497803830;3000000;;
test;4;8;100;0.8000000000;0.0021802770;21.2295210500;60000;2872.5497803830;3000000;59556;444
test;4;8;100;0.8000000000;0.0019940380;3.5166027230;10000;2872.5497803830;3000000;9754;246
train;4;8;100;0.8000000000;0.0019593030;58.3140757970;60000;2930.8638561800;3060000;;
train;4;8;100;0.8000000000;0.0023647090;58.5083969530;60000;2989.3722531330;3120000;;
train;4;8;100;0.8000000000;0.0020975750;61.1228186930;60000;3050.4950718260;3180000;;
train;4;8;100;0.8000000000;0.0021242140;57.5995252010;60000;3108.0945970270;3240000;;
train;4;8;100;0.8000000000;0.0022751080;59.4004661380;60000;3167.4950631650;3300000;;
train;4;8;100;0.8000000000;0.0020396450;60.3427023950;60000;3227.8377655600;3360000;;
train;4;8;100;0.8000000000;0.0020554970;58.1835476970;60000;3286.0213132570;3420000;;
train;4;8;100;0.8000000000;0.0022825610;56.8099786040;60000;3342.8312918610;3480000;;
train;4;8;100;0.8000000000;0.0023023760;57.2886825280;60000;3400.1199743890;3540000;;
train;4;8;100;0.8000000000;0.0021050630;57.8743565290;60000;3457.9943309180;3600000;;
test;4;8;100;0.8000000000;0.0021019690;21.7687430080;60000;3457.9943309180;3600000;59558;442
test;4;8;100;0.8000000000;0.0019255160;3.5692555610;10000;3457.9943309180;3600000;9738;262
train;4;8;100;0.8000000000;0.0019012170;62.8556100320;60000;3520.8499409500;3660000;;
train;4;8;100;0.8000000000;0.0036484930;58.2615815310;60000;3579.1115224810;3720000;;
train;4;8;100;0.8000000000;0.0020405280;56.4063975380;60000;3635.5179200190;3780000;;
train;4;8;100;0.8000000000;0.0021014900;58.3834627790;60000;3693.9013827980;3840000;;
train;4;8;100;0.8000000000;0.0021325170;59.0332419340;60000;3752.9346247320;3900000;;
train;4;8;100;0.8000000000;0.0022956170;58.3239500740;60000;3811.2585748060;3960000;;
train;4;8;100;0.8000000000;0.0021118480;58.6215449340;60000;3869.8801197400;4020000;;
train;4;8;100;0.8000000000;0.0022499310;59.9253803200;60000;3929.8055000600;4080000;;
train;4;8;100;0.8000000000;0.0020828420;58.5086477940;60000;3988.3141478540;4140000;;
train;4;8;100;0.8000000000;0.0020908600;58.4102761280;60000;4046.7244239820;4200000;;
test;4;8;100;0.8000000000;0.0021177310;20.8831499320;60000;4046.7244239820;4200000;59745;255
test;4;8;100;0.8000000000;0.0019532540;3.3488330500;10000;4046.7244239820;4200000;9770;230
train;4;8;100;0.8000000000;0.0019631310;58.6453147490;60000;4105.3697387310;4260000;;
train;4;8;100;0.8000000000;0.0021531530;58.0376870030;60000;4163.4074257340;4320000;;
train;4;8;100;0.8000000000;0.0022981090;60.5818199410;60000;4223.9892456750;4380000;;
train;4;8;100;0.8000000000;0.0020957940;58.1888484990;60000;4282.1780941740;4440000;;
train;4;8;100;0.8000000000;0.0020826400;57.8257541550;60000;4340.0038483290;4500000;;
train;4;8;100;0.8000000000;0.0022801640;58.5033281510;60000;4398.5071764800;4560000;;
train;4;8;100;0.8000000000;0.0021488900;58.3847636270;60000;4456.8919401070;4620000;;
train;4;8;100;0.8000000000;0.0022531080;57.6905905000;60000;4514.5825306070;4680000;;
train;4;8;100;0.8000000000;0.0022403600;57.3756550820;60000;4571.9581856890;4740000;;
train;4;8;100;0.8000000000;0.0023165960;58.8296070850;60000;4630.7877927740;4800000;;
test;4;8;100;0.8000000000;0.0021206710;20.1037760310;60000;4630.7877927740;4800000;58802;1198
test;4;8;100;0.8000000000;0.0020054390;3.4431481410;10000;4630.7877927740;4800000;9629;371
train;4;8;100;0.8000000000;0.0019657750;59.8570233790;60000;4690.6448161530;4860000;;
train;4;8;100;0.8000000000;0.0022430960;57.0415935670;60000;4747.6864097200;4920000;;
train;4;8;100;0.8000000000;0.0022272380;57.5603741020;60000;4805.2467838220;4980000;;
train;4;8;100;0.8000000000;0.0021273900;57.6111822090;60000;4862.8579660310;5040000;;
train;4;8;100;0.8000000000;0.0020841360;58.1382477720;60000;4920.9962138030;5100000;;
train;4;8;100;0.8000000000;0.0022681870;57.7800840690;60000;4978.7762978720;5160000;;
train;4;8;100;0.8000000000;0.0021073920;56.8113937140;60000;5035.5876915860;5220000;;
train;4;8;100;0.8000000000;0.0022183260;56.6039677270;60000;5092.1916593130;5280000;;
train;4;8;100;0.8000000000;0.0020100130;57.4185419490;60000;5149.6102012620;5340000;;
train;4;8;100;0.8000000000;0.0020818230;58.1867027600;60000;5207.7969040220;5400000;;
test;4;8;100;0.8000000000;0.0021806410;20.4515772760;60000;5207.7969040220;5400000;59854;146
test;4;8;100;0.8000000000;0.0019111430;3.4796338980;10000;5207.7969040220;5400000;9771;229
train;4;8;100;0.8000000000;0.0019495950;58.5460540470;60000;5266.3429580690;5460000;;
train;4;8;100;0.8000000000;0.0020937030;58.8969176250;60000;5325.2398756940;5520000;;
train;4;8;100;0.8000000000;0.0176735540;61.5762580430;60000;5386.8161337370;5580000;;
train;4;8;100;0.8000000000;0.0021744900;58.5254357260;60000;5445.3415694630;5640000;;
train;4;8;100;0.8000000000;0.0023225760;58.7515769930;60000;5504.0931464560;5700000;;
train;4;8;100;0.8000000000;0.0020388360;60.9093551960;60000;5565.0025016520;5760000;;
train;4;8;100;0.8000000000;0.0020752420;60.6663022900;60000;5625.6688039420;5820000;;
train;4;8;100;0.8000000000;0.0022748220;61.0021086340;60000;5686.6709125760;5880000;;
train;4;8;100;0.8000000000;0.0020626140;57.9005227780;60000;5744.5714353540;5940000;;
train;4;8;100;0.8000000000;0.0022836380;58.3062436420;60000;5802.8776789960;6000000;;
test;4;8;100;0.8000000000;0.0021258070;20.4899372800;60000;5802.8776789960;6000000;59426;574
test;4;8;100;0.8000000000;0.0018785580;4.0708163750;10000;5802.8776789960;6000000;9710;290
