Mode;CPUs;Parallel;WorkerBatch;LearningRate;WorkerSetupTime;EpochElapsedTime;EpochLines;TotalElapsedTime;TotalLines;Correct;Incorrect
train;4;6;100;0.8000000000;0.0015596470;57.3843925950;60000;57.3843925950;60000;;
train;4;6;100;0.8000000000;0.0015861120;57.9633889850;60000;115.3477815800;120000;;
train;4;6;100;0.8000000000;0.0015815780;55.9056220240;60000;171.2534036040;180000;;
train;4;6;100;0.8000000000;0.0015002020;55.7068139290;60000;226.9602175330;240000;;
train;4;6;100;0.8000000000;0.0014991530;56.2190722350;60000;283.1792897680;300000;;
train;4;6;100;0.8000000000;0.0014905440;56.9283662970;60000;340.1076560650;360000;;
train;4;6;100;0.8000000000;0.0014698190;56.7753170140;60000;396.8829730790;420000;;
train;4;6;100;0.8000000000;0.0015703610;57.1139636190;60000;453.9969366980;480000;;
train;4;6;100;0.8000000000;0.0015683410;56.7784727430;60000;510.7754094410;540000;;
train;4;6;100;0.8000000000;0.0015048740;56.8733189510;60000;567.6487283920;600000;;
test;4;6;100;0.8000000000;0.0015170320;21.3873348400;60000;567.6487283920;600000;58313;1687
test;4;6;100;0.8000000000;0.0015355080;3.6301030860;10000;567.6487283920;600000;9645;355
train;4;6;100;0.8000000000;0.0015471710;57.2269137910;60000;624.8756421830;660000;;
train;4;6;100;0.8000000000;0.0015458090;58.1488811120;60000;683.0245232950;720000;;
train;4;6;100;0.8000000000;0.0015235130;57.7197152770;60000;740.7442385720;780000;;
train;4;6;100;0.8000000000;0.0015271280;58.0545911240;60000;798.7988296960;840000;;
train;4;6;100;0.8000000000;0.0015221880;57.1441225190;60000;855.9429522150;900000;;
train;4;6;100;0.8000000000;0.0015071530;57.7897686180;60000;913.7327208330;960000;;
train;4;6;100;0.8000000000;0.0015677690;57.1601615850;60000;970.8928824180;1020000;;
train;4;6;100;0.8000000000;0.0015583050;57.4963094200;60000;1028.3891918380;1080000;;
train;4;6;100;0.8000000000;0.0015376180;56.4256753220;60000;1084.8148671600;1140000;;
train;4;6;100;0.8000000000;0.0015062840;57.1122856560;60000;1141.9271528160;1200000;;
test;4;6;100;0.8000000000;0.0015697780;22.1635697360;60000;1141.9271528160;1200000;59101;899
test;4;6;100;0.8000000000;0.0015845550;3.4913338440;10000;1141.9271528160;1200000;9727;273
train;4;6;100;0.8000000000;0.0015149140;62.4809910840;60000;1204.4081439000;1260000;;
train;4;6;100;0.8000000000;0.0014650730;57.1600100160;60000;1261.5681539160;1320000;;
train;4;6;100;0.8000000000;0.0014886530;59.7822798120;60000;1321.3504337280;1380000;;
train;4;6;100;0.8000000000;0.0015060410;56.4535880460;60000;1377.8040217740;1440000;;
train;4;6;100;0.8000000000;0.0015068150;57.2963501640;60000;1435.1003719380;1500000;;
train;4;6;100;0.8000000000;0.0014778390;57.2782031430;60000;1492.3785750810;1560000;;
train;4;6;100;0.8000000000;0.0015077780;57.9875095290;60000;1550.3660846100;1620000;;
train;4;6;100;0.8000000000;0.0014734090;57.3818105850;60000;1607.7478951950;1680000;;
train;4;6;100;0.8000000000;0.0015259470;58.7376390250;60000;1666.4855342200;1740000;;
train;4;6;100;0.8000000000;0.0014775610;57.0891300840;60000;1723.5746643040;1800000;;
test;4;6;100;0.8000000000;0.0014991970;22.2557053200;60000;1723.5746643040;1800000;59430;570
test;4;6;100;0.8000000000;0.0015214030;3.3907102180;10000;1723.5746643040;1800000;9759;241
train;4;6;100;0.8000000000;0.0015274170;56.5362543280;60000;1780.1109186320;1860000;;
train;4;6;100;0.8000000000;0.0014931590;58.4233618020;60000;1838.5342804340;1920000;;
train;4;6;100;0.8000000000;0.0015651490;57.5655198040;60000;1896.0998002380;1980000;;
train;4;6;100;0.8000000000;0.0014796770;56.6620126660;60000;1952.7618129040;2040000;;
train;4;6;100;0.8000000000;0.0014780670;56.7428623640;60000;2009.5046752680;2100000;;
train;4;6;100;0.8000000000;0.0015263390;56.6895112990;60000;2066.1941865670;2160000;;
train;4;6;100;0.8000000000;0.0015263140;56.8474387910;60000;2123.0416253580;2220000;;
train;4;6;100;0.8000000000;0.0014803310;56.8873367360;60000;2179.9289620940;2280000;;
train;4;6;100;0.8000000000;0.0015219830;57.3265266330;60000;2237.2554887270;2340000;;
train;4;6;100;0.8000000000;0.0015679340;57.8750147350;60000;2295.1305034620;2400000;;
test;4;6;100;0.8000000000;0.0015755240;20.4392223470;60000;2295.1305034620;2400000;59563;437
test;4;6;100;0.8000000000;0.0015358010;3.4138825960;10000;2295.1305034620;2400000;9765;235
train;4;6;100;0.8000000000;0.0014593030;60.7449035440;60000;2355.8754070060;2460000;;
train;4;6;100;0.8000000000;0.0015463320;59.9830156230;60000;2415.8584226290;2520000;;
train;4;6;100;0.8000000000;0.0014654080;59.7501353650;60000;2475.6085579940;2580000;;
train;4;6;100;0.8000000000;0.0015158930;59.1812197500;60000;2534.7897777440;2640000;;
train;4;6;100;0.8000000000;0.0014920320;59.0828787490;60000;2593.8726564930;2700000;;
train;4;6;100;0.8000000000;0.0015432690;56.8705540050;60000;2650.7432104980;2760000;;
train;4;6;100;0.8000000000;0.0015052230;57.7861777780;60000;2708.5293882760;2820000;;
train;4;6;100;0.8000000000;0.0015552980;60.8783877060;60000;2769.4077759820;2880000;;
train;4;6;100;0.8000000000;0.0015134510;59.6661036190;60000;2829.0738796010;2940000;;
train;4;6;100;0.8000000000;0.0014863890;61.6464198450;60000;2890.7202994460;3000000;;
test;4;6;100;0.8000000000;0.0015392920;20.6179942290;60000;2890.7202994460;3000000;59712;288
test;4;6;100;0.8000000000;0.0015136150;3.3559133770;10000;2890.7202994460;3000000;9770;230
train;4;6;100;0.8000000000;0.0014696310;57.0118844450;60000;2947.7321838910;3060000;;
train;4;6;100;0.8000000000;0.0015462630;57.2956237820;60000;3005.0278076730;3120000;;
train;4;6;100;0.8000000000;0.0015062430;57.0581855410;60000;3062.0859932140;3180000;;
train;4;6;100;0.8000000000;0.0014988350;57.6483751190;60000;3119.7343683330;3240000;;
train;4;6;100;0.8000000000;0.0014696530;56.6839609430;60000;3176.4183292760;3300000;;
train;4;6;100;0.8000000000;0.0015132450;58.3812068550;60000;3234.7995361310;3360000;;
train;4;6;100;0.8000000000;0.0014918160;57.1190909830;60000;3291.9186271140;3420000;;
train;4;6;100;0.8000000000;0.0015368560;58.0435800730;60000;3349.9622071870;3480000;;
train;4;6;100;0.8000000000;0.0015935150;59.4596452630;60000;3409.4218524500;3540000;;
train;4;6;100;0.8000000000;0.0015258740;56.7587495960;60000;3466.1806020460;3600000;;
test;4;6;100;0.8000000000;0.0015070560;20.4249345980;60000;3466.1806020460;3600000;59644;356
test;4;6;100;0.8000000000;0.0015035850;3.4312062030;10000;3466.1806020460;3600000;9754;246
train;4;6;100;0.8000000000;0.0015453570;57.7812335600;60000;3523.9618356060;3660000;;
train;4;6;100;0.8000000000;0.0015191220;58.2165843160;60000;3582.1784199220;3720000;;
train;4;6;100;0.8000000000;0.0039417400;57.5155336800;60000;3639.6939536020;3780000;;
train;4;6;100;0.8000000000;0.0015355430;56.9113917330;60000;3696.6053453350;3840000;;
train;4;6;100;0.8000000000;0.0015328720;57.6013523070;60000;3754.2066976420;3900000;;
train;4;6;100;0.8000000000;0.0015459420;56.7915848160;60000;3810.9982824580;3960000;;
train;4;6;100;0.8000000000;0.0015164890;58.1342733370;60000;3869.1325557950;4020000;;
train;4;6;100;0.8000000000;0.0014899660;57.4312949650;60000;3926.5638507600;4080000;;
train;4;6;100;0.8000000000;0.0014769650;57.2840341080;60000;3983.8478848680;4140000;;
train;4;6;100;0.8000000000;0.0014842350;58.0822839210;60000;4041.9301687890;4200000;;
test;4;6;100;0.8000000000;0.0015276120;21.0060185440;60000;4041.9301687890;4200000;59795;205
test;4;6;100;0.8000000000;0.0015388700;3.3941866210;10000;4041.9301687890;4200000;9765;235
train;4;6;100;0.8000000000;0.0014406700;56.8131135030;60000;4098.7432822920;4260000;;
train;4;6;100;0.8000000000;0.0015121320;57.8906819420;60000;4156.6339642340;4320000;;
train;4;6;100;0.8000000000;0.0015395400;57.5264288500;60000;4214.1603930840;4380000;;
train;4;6;100;0.8000000000;0.0015468920;57.9674217180;60000;4272.1278148020;4440000;;
train;4;6;100;0.8000000000;0.0014970520;57.3661828280;60000;4329.4939976300;4500000;;
train;4;6;100;0.8000000000;0.0014715580;58.7508844990;60000;4388.2448821290;4560000;;
train;4;6;100;0.8000000000;0.0014903450;56.6642680850;60000;4444.9091502140;4620000;;
train;4;6;100;0.8000000000;0.0014853300;56.9962789210;60000;4501.9054291350;4680000;;
train;4;6;100;0.8000000000;0.0015342070;60.6099932750;60000;4562.5154224100;4740000;;
train;4;6;100;0.8000000000;0.0015076220;58.0480769510;60000;4620.5634993610;4800000;;
test;4;6;100;0.8000000000;0.0015082340;21.2978541540;60000;4620.5634993610;4800000;59832;168
test;4;6;100;0.8000000000;0.0015732830;3.6850139960;10000;4620.5634993610;4800000;9754;246
train;4;6;100;0.8000000000;0.0015374780;58.4212218760;60000;4678.9847212370;4860000;;
train;4;6;100;0.8000000000;0.0015657100;57.7716111350;60000;4736.7563323720;4920000;;
train;4;6;100;0.8000000000;0.0015432350;57.3383901700;60000;4794.0947225420;4980000;;
train;4;6;100;0.8000000000;0.0015414050;57.7564656370;60000;4851.8511881790;5040000;;
train;4;6;100;0.8000000000;0.0014701980;57.1204977430;60000;4908.9716859220;5100000;;
train;4;6;100;0.8000000000;0.0015027720;58.4911292480;60000;4967.4628151700;5160000;;
train;4;6;100;0.8000000000;0.0014998180;57.5422707970;60000;5025.0050859670;5220000;;
train;4;6;100;0.8000000000;0.0015026960;57.2626110420;60000;5082.2676970090;5280000;;
train;4;6;100;0.8000000000;0.0015214960;58.3887486990;60000;5140.6564457080;5340000;;
train;4;6;100;0.8000000000;0.0014691520;57.6052965100;60000;5198.2617422180;5400000;;
test;4;6;100;0.8000000000;0.0014990870;19.8513889260;60000;5198.2617422180;5400000;59877;123
test;4;6;100;0.8000000000;0.0014918210;3.4351682390;10000;5198.2617422180;5400000;9752;248
train;4;6;100;0.8000000000;0.0015047620;57.0011107240;60000;5255.2628529420;5460000;;
train;4;6;100;0.8000000000;0.0014977310;57.9069562420;60000;5313.1698091840;5520000;;
train;4;6;100;0.8000000000;0.0015578110;56.8750575800;60000;5370.0448667640;5580000;;
train;4;6;100;0.8000000000;0.0015021970;58.3965941300;60000;5428.4414608940;5640000;;
train;4;6;100;0.8000000000;0.0015719060;59.6534434310;60000;5488.0949043250;5700000;;
train;4;6;100;0.8000000000;0.0015405420;58.1186308290;60000;5546.2135351540;5760000;;
train;4;6;100;0.8000000000;0.0015113170;61.0111089190;60000;5607.2246440730;5820000;;
train;4;6;100;0.8000000000;0.0014706080;58.0598431010;60000;5665.2844871740;5880000;;
train;4;6;100;0.8000000000;0.0015143780;56.7504823300;60000;5722.0349695040;5940000;;
train;4;6;100;0.8000000000;0.0014623560;57.4197390390;60000;5779.4547085430;6000000;;
test;4;6;100;0.8000000000;0.0015464930;19.9477732600;60000;5779.4547085430;6000000;59717;283
test;4;6;100;0.8000000000;0.0014953340;3.4026137720;10000;5779.4547085430;6000000;9723;277
