Mode;CPUs;Parallel;WorkerBatch;LearningRate;WorkerSetupTime;EpochElapsedTime;EpochLines;TotalElapsedTime;TotalLines;Correct;Incorrect
train;4;5;100;0.8000000000;0.0025535290;37.3985868290;60000;37.3985868290;60000;;
train;4;5;100;0.8000000000;0.0016246720;45.8425521900;60000;83.2411390190;120000;;
train;4;5;100;0.8000000000;0.0013546620;47.5024657590;60000;130.7436047780;180000;;
train;4;5;100;0.8000000000;0.0010167610;48.8146486020;60000;179.5582533800;240000;;
train;4;5;100;0.8000000000;0.0012248690;50.5583131780;60000;230.1165665580;300000;;
train;4;5;100;0.8000000000;0.0012025310;51.3426811480;60000;281.4592477060;360000;;
train;4;5;100;0.8000000000;0.0012781840;51.3965113110;60000;332.8557590170;420000;;
train;4;5;100;0.8000000000;0.0012908230;52.1003755440;60000;384.9561345610;480000;;
train;4;5;100;0.8000000000;0.0009921960;53.6074146860;60000;438.5635492470;540000;;
train;4;5;100;0.8000000000;0.0013019230;52.8225795340;60000;491.3861287810;600000;;
test;4;5;100;0.8000000000;0.0012939040;17.9030194390;60000;491.3861287810;600000;58565;1435
test;4;5;100;0.8000000000;0.0012997230;3.1640942000;10000;491.3861287810;600000;9682;318
train;4;5;100;0.8000000000;0.0012264960;52.8274106090;60000;544.2135393900;660000;;
train;4;5;100;0.8000000000;0.0012738800;51.4674334810;60000;595.6809728710;720000;;
train;4;5;100;0.8000000000;0.0012856270;51.5190624410;60000;647.2000353120;780000;;
train;4;5;100;0.8000000000;0.0012947780;52.9448030990;60000;700.1448384110;840000;;
train;4;5;100;0.8000000000;0.0012276410;52.1114978610;60000;752.2563362720;900000;;
train;4;5;100;0.8000000000;0.0010286930;52.0786884160;60000;804.3350246880;960000;;
train;4;5;100;0.8000000000;0.0010286110;51.9879853000;60000;856.3230099880;1020000;;
train;4;5;100;0.8000000000;0.0012491280;52.9158429980;60000;909.2388529860;1080000;;
train;4;5;100;0.8000000000;0.0012690120;53.6913852420;60000;962.9302382280;1140000;;
train;4;5;100;0.8000000000;0.0012516440;52.5823263220;60000;1015.5125645500;1200000;;
test;4;5;100;0.8000000000;0.0012961310;17.5627107370;60000;1015.5125645500;1200000;59270;730
test;4;5;100;0.8000000000;0.0010033170;2.8044828340;10000;1015.5125645500;1200000;9749;251
train;4;5;100;0.8000000000;0.0012763760;53.0333974650;60000;1068.5459620150;1260000;;
train;4;5;100;0.8000000000;0.0012517840;52.1661239170;60000;1120.7120859320;1320000;;
train;4;5;100;0.8000000000;0.0012524800;51.9581982650;60000;1172.6702841970;1380000;;
train;4;5;100;0.8000000000;0.0012365600;51.4393533140;60000;1224.1096375110;1440000;;
train;4;5;100;0.8000000000;0.0009978410;52.7208099290;60000;1276.8304474400;1500000;;
train;4;5;100;0.8000000000;0.0010710540;51.9124822690;60000;1328.7429297090;1560000;;
train;4;5;100;0.8000000000;0.0012250810;52.6950495430;60000;1381.4379792520;1620000;;
train;4;5;100;0.8000000000;0.0013119880;52.8396269240;60000;1434.2776061760;1680000;;
train;4;5;100;0.8000000000;0.0012451410;52.6130657320;60000;1486.8906719080;1740000;;
train;4;5;100;0.8000000000;0.0012447350;51.7085397360;60000;1538.5992116440;1800000;;
test;4;5;100;0.8000000000;0.0012749810;16.4789009270;60000;1538.5992116440;1800000;59554;446
test;4;5;100;0.8000000000;0.0012732600;3.3775389350;10000;1538.5992116440;1800000;9758;242
train;4;5;100;0.8000000000;0.0012799700;53.1022930790;60000;1591.7015047230;1860000;;
train;4;5;100;0.8000000000;0.0012530180;52.7056755430;60000;1644.4071802660;1920000;;
train;4;5;100;0.8000000000;0.0012398190;52.8154717250;60000;1697.2226519910;1980000;;
train;4;5;100;0.8000000000;0.0012543760;51.8817658040;60000;1749.1044177950;2040000;;
train;4;5;100;0.8000000000;0.0012462240;52.0485116640;60000;1801.1529294590;2100000;;
train;4;5;100;0.8000000000;0.0012581540;53.3272046900;60000;1854.4801341490;2160000;;
train;4;5;100;0.8000000000;0.0012705930;52.1341225770;60000;1906.6142567260;2220000;;
train;4;5;100;0.8000000000;0.0012476110;52.1814370090;60000;1958.7956937350;2280000;;
train;4;5;100;0.8000000000;0.0013049560;51.5840908780;60000;2010.3797846130;2340000;;
train;4;5;100;0.8000000000;0.0012654080;51.8953262740;60000;2062.2751108870;2400000;;
test;4;5;100;0.8000000000;0.0012258370;17.9157989470;60000;2062.2751108870;2400000;59606;394
test;4;5;100;0.8000000000;0.0108329530;3.1847017670;10000;2062.2751108870;2400000;9749;251
train;4;5;100;0.8000000000;0.0012296590;52.8402034460;60000;2115.1153143330;2460000;;
train;4;5;100;0.8000000000;0.0009708730;51.6355748240;60000;2166.7508891570;2520000;;
train;4;5;100;0.8000000000;0.0012294320;52.7406264160;60000;2219.4915155730;2580000;;
train;4;5;100;0.8000000000;0.0012469650;52.1176003030;60000;2271.6091158760;2640000;;
train;4;5;100;0.8000000000;0.0009962350;52.1540064100;60000;2323.7631222860;2700000;;
train;4;5;100;0.8000000000;0.0012631150;53.6826550020;60000;2377.4457772880;2760000;;
train;4;5;100;0.8000000000;0.0012566560;52.0536898710;60000;2429.4994671590;2820000;;
train;4;5;100;0.8000000000;0.0016561750;52.8532176200;60000;2482.3526847790;2880000;;
train;4;5;100;0.8000000000;0.0012538680;51.5638864220;60000;2533.9165712010;2940000;;
train;4;5;100;0.8000000000;0.0012570530;53.7695600610;60000;2587.6861312620;3000000;;
test;4;5;100;0.8000000000;0.0012305860;17.3394732400;60000;2587.6861312620;3000000;59641;359
test;4;5;100;0.8000000000;0.0012449870;3.2771597940;10000;2587.6861312620;3000000;9748;252
train;4;5;100;0.8000000000;0.0012012450;58.4407977190;60000;2646.1269289810;3060000;;
train;4;5;100;0.8000000000;0.0012299340;54.6066304780;60000;2700.7335594590;3120000;;
train;4;5;100;0.8000000000;0.0012790560;53.9836553510;60000;2754.7172148100;3180000;;
train;4;5;100;0.8000000000;0.0012357980;53.8618177150;60000;2808.5790325250;3240000;;
train;4;5;100;0.8000000000;0.0012147800;53.4108536690;60000;2861.9898861940;3300000;;
train;4;5;100;0.8000000000;0.0012649530;53.8804296050;60000;2915.8703157990;3360000;;
train;4;5;100;0.8000000000;0.0010422600;54.4747629330;60000;2970.3450787320;3420000;;
train;4;5;100;0.8000000000;0.0012594430;54.1843751910;60000;3024.5294539230;3480000;;
train;4;5;100;0.8000000000;0.0012674690;52.9435341590;60000;3077.4729880820;3540000;;
train;4;5;100;0.8000000000;0.0012525580;52.5141433680;60000;3129.9871314500;3600000;;
test;4;5;100;0.8000000000;0.0012244970;17.0322710220;60000;3129.9871314500;3600000;59754;246
test;4;5;100;0.8000000000;0.0012466670;3.2535464720;10000;3129.9871314500;3600000;9764;236
train;4;5;100;0.8000000000;0.0013011710;52.9907252840;60000;3182.9778567340;3660000;;
train;4;5;100;0.8000000000;0.0011997470;52.2779304420;60000;3235.2557871760;3720000;;
train;4;5;100;0.8000000000;0.0013020730;55.3482128710;60000;3290.6040000470;3780000;;
train;4;5;100;0.8000000000;0.0012099460;52.2464253890;60000;3342.8504254360;3840000;;
train;4;5;100;0.8000000000;0.0012088510;51.8317877620;60000;3394.6822131980;3900000;;
train;4;5;100;0.8000000000;0.0012276710;53.1920178760;60000;3447.8742310740;3960000;;
train;4;5;100;0.8000000000;0.0012199190;54.1530831150;60000;3502.0273141890;4020000;;
train;4;5;100;0.8000000000;0.0012389030;53.4960842060;60000;3555.5233983950;4080000;;
train;4;5;100;0.8000000000;0.0012965220;52.6752509400;60000;3608.1986493350;4140000;;
train;4;5;100;0.8000000000;0.0012821910;52.8952838240;60000;3661.0939331590;4200000;;
test;4;5;100;0.8000000000;0.0010571790;18.0757728570;60000;3661.0939331590;4200000;59834;166
test;4;5;100;0.8000000000;0.0010393200;2.5790764290;10000;3661.0939331590;4200000;9762;238
train;4;5;100;0.8000000000;0.0012304350;53.3016909520;60000;3714.3956241110;4260000;;
train;4;5;100;0.8000000000;0.0012416610;51.8200687030;60000;3766.2156928140;4320000;;
train;4;5;100;0.8000000000;0.0012657650;51.9621403930;60000;3818.1778332070;4380000;;
train;4;5;100;0.8000000000;0.0012551240;52.4289070610;60000;3870.6067402680;4440000;;
train;4;5;100;0.8000000000;0.0012629740;52.2659444980;60000;3922.8726847660;4500000;;
train;4;5;100;0.8000000000;0.0011908890;51.9462368670;60000;3974.8189216330;4560000;;
train;4;5;100;0.8000000000;0.0012379540;54.6562767730;60000;4029.4751984060;4620000;;
train;4;5;100;0.8000000000;0.0012586020;52.5870777900;60000;4082.0622761960;4680000;;
train;4;5;100;0.8000000000;0.0012735670;51.8559190670;60000;4133.9181952630;4740000;;
train;4;5;100;0.8000000000;0.0010091980;52.1408996030;60000;4186.0590948660;4800000;;
test;4;5;100;0.8000000000;0.0012621110;16.6611851430;60000;4186.0590948660;4800000;59864;136
test;4;5;100;0.8000000000;0.0012221060;3.1431067450;10000;4186.0590948660;4800000;9775;225
train;4;5;100;0.8000000000;0.0012210850;54.6071302740;60000;4240.6662251400;4860000;;
train;4;5;100;0.8000000000;0.0012291020;54.2691847500;60000;4294.9354098900;4920000;;
train;4;5;100;0.8000000000;0.0012956260;55.0228878360;60000;4349.9582977260;4980000;;
train;4;5;100;0.8000000000;0.0012202270;53.9761795340;60000;4403.9344772600;5040000;;
train;4;5;100;0.8000000000;0.0020179150;53.3864582780;60000;4457.3209355380;5100000;;
train;4;5;100;0.8000000000;0.0012136760;57.3767478390;60000;4514.6976833770;5160000;;
train;4;5;100;0.8000000000;0.0012291920;55.6820505890;60000;4570.3797339660;5220000;;
train;4;5;100;0.8000000000;0.0013029420;54.2015063730;60000;4624.5812403390;5280000;;
train;4;5;100;0.8000000000;0.0012134020;53.1999022160;60000;4677.7811425550;5340000;;
train;4;5;100;0.8000000000;0.0012319750;53.2456599990;60000;4731.0268025540;5400000;;
test;4;5;100;0.8000000000;0.0012559060;18.8061065530;60000;4731.0268025540;5400000;59529;471
test;4;5;100;0.8000000000;0.0012103470;3.1870321880;10000;4731.0268025540;5400000;9705;295
train;4;5;100;0.8000000000;0.0012312210;54.6749630850;60000;4785.7017656390;5460000;;
train;4;5;100;0.8000000000;0.0012578490;53.8273532390;60000;4839.5291188780;5520000;;
train;4;5;100;0.8000000000;0.0012389980;53.1435191390;60000;4892.6726380170;5580000;;
train;4;5;100;0.8000000000;0.0012347490;53.6602360810;60000;4946.3328740980;5640000;;
train;4;5;100;0.8000000000;0.0013233650;56.0326079510;60000;5002.3654820490;5700000;;
train;4;5;100;0.8000000000;0.0013399090;57.9810189050;60000;5060.3465009540;5760000;;
train;4;5;100;0.8000000000;0.0013624100;58.2080689690;60000;5118.5545699230;5820000;;
train;4;5;100;0.8000000000;0.0122571680;58.1187952200;60000;5176.6733651430;5880000;;
train;4;5;100;0.8000000000;0.0012814450;57.5359929090;60000;5234.2093580520;5940000;;
train;4;5;100;0.8000000000;0.0012911420;57.4374671620;60000;5291.6468252140;6000000;;
test;4;5;100;0.8000000000;0.0012764840;20.6344349880;60000;5291.6468252140;6000000;59890;110
test;4;5;100;0.8000000000;0.0012966890;3.5223470690;10000;5291.6468252140;6000000;9773;227
