Mode;CPUs;Parallel;WorkerBatch;LearningRate;WorkerSetupTime;EpochElapsedTime;EpochLines;TotalElapsedTime;TotalLines;Correct;Incorrect
train;4;1;100;0.8000000000;0.0005684680;137.2924232390;60000;137.2924232390;60000;;
train;4;1;100;0.8000000000;0.0004770430;139.1663712850;60000;276.4587945240;120000;;
train;4;1;100;0.8000000000;0.0010224450;139.6954284810;60000;416.1542230050;180000;;
train;4;1;100;0.8000000000;0.0004416680;140.4484058990;60000;556.6026289040;240000;;
train;4;1;100;0.8000000000;0.0004199000;139.3908647860;60000;695.9934936900;300000;;
train;4;1;100;0.8000000000;0.0004423230;139.0465114070;60000;835.0400050970;360000;;
train;4;1;100;0.8000000000;0.0004646040;139.5400977860;60000;974.5801028830;420000;;
train;4;1;100;0.8000000000;0.0004412100;139.8346584990;60000;1114.4147613820;480000;;
train;4;1;100;0.8000000000;0.0004387180;139.7843566380;60000;1254.1991180200;540000;;
train;4;1;100;0.8000000000;0.0004771970;139.3730650750;60000;1393.5721830950;600000;;
test;4;1;100;0.8000000000;0.0004708620;42.6208502750;60000;1393.5721830950;600000;59089;911
test;4;1;100;0.8000000000;0.0004452070;7.1315519050;10000;1393.5721830950;600000;9702;298
train;4;1;100;0.8000000000;0.0004491530;140.3959280780;60000;1533.9681111730;660000;;
train;4;1;100;0.8000000000;0.0004332740;141.1523602700;60000;1675.1204714430;720000;;
train;4;1;100;0.8000000000;0.0004237540;140.1396745890;60000;1815.2601460320;780000;;
train;4;1;100;0.8000000000;0.0004185900;141.0962965930;60000;1956.3564426250;840000;;
train;4;1;100;0.8000000000;0.0004451860;140.9614271490;60000;2097.3178697740;900000;;
train;4;1;100;0.8000000000;0.0004482430;140.0911148750;60000;2237.4089846490;960000;;
train;4;1;100;0.8000000000;0.0004682980;139.9338461510;60000;2377.3428308000;1020000;;
train;4;1;100;0.8000000000;0.0004561900;141.9035461690;60000;2519.2463769690;1080000;;
train;4;1;100;0.8000000000;0.0004478660;141.1324754580;60000;2660.3788524270;1140000;;
train;4;1;100;0.8000000000;0.0004444260;140.5504687280;60000;2800.9293211550;1200000;;
test;4;1;100;0.8000000000;0.0004543610;41.9579194710;60000;2800.9293211550;1200000;59665;335
test;4;1;100;0.8000000000;0.0004421010;6.9796717760;10000;2800.9293211550;1200000;9756;244
train;4;1;100;0.8000000000;0.0004273830;141.3770964230;60000;2942.3064175780;1260000;;
train;4;1;100;0.8000000000;0.0004553280;141.3961120320;60000;3083.7025296100;1320000;;
train;4;1;100;0.8000000000;0.0004683170;140.8959839330;60000;3224.5985135430;1380000;;
train;4;1;100;0.8000000000;0.0004436690;140.5516434880;60000;3365.1501570310;1440000;;
train;4;1;100;0.8000000000;0.0004742300;140.8179159500;60000;3505.9680729810;1500000;;
train;4;1;100;0.8000000000;0.0004335040;140.8672239800;60000;3646.8352969610;1560000;;
train;4;1;100;0.8000000000;0.0004408120;141.7310473690;60000;3788.5663443300;1620000;;
train;4;1;100;0.8000000000;0.0004349310;141.5425850300;60000;3930.1089293600;1680000;;
train;4;1;100;0.8000000000;0.0004175370;142.4394067070;60000;4072.5483360670;1740000;;
train;4;1;100;0.8000000000;0.0004465550;140.8845769250;60000;4213.4329129920;1800000;;
test;4;1;100;0.8000000000;0.0004336990;42.6053315790;60000;4213.4329129920;1800000;59757;243
test;4;1;100;0.8000000000;0.0004285850;7.1181894720;10000;4213.4329129920;1800000;9759;241
train;4;1;100;0.8000000000;0.0004739090;142.4533132320;60000;4355.8862262240;1860000;;
train;4;1;100;0.8000000000;0.0004346550;141.9133709140;60000;4497.7995971380;1920000;;
train;4;1;100;0.8000000000;0.0004261380;142.3684848310;60000;4640.1680819690;1980000;;
train;4;1;100;0.8000000000;0.0004270180;141.4835226500;60000;4781.6516046190;2040000;;
train;4;1;100;0.8000000000;0.0004940360;140.8234086190;60000;4922.4750132380;2100000;;
train;4;1;100;0.8000000000;0.0004637660;142.6482516480;60000;5065.1232648860;2160000;;
train;4;1;100;0.8000000000;0.0004539400;142.7841659250;60000;5207.9074308110;2220000;;
train;4;1;100;0.8000000000;0.0004605900;142.7475872300;60000;5350.6550180410;2280000;;
train;4;1;100;0.8000000000;0.0004462870;141.7031228220;60000;5492.3581408630;2340000;;
train;4;1;100;0.8000000000;0.0004418080;142.9254477630;60000;5635.2835886260;2400000;;
test;4;1;100;0.8000000000;0.0004622280;42.5464974610;60000;5635.2835886260;2400000;59776;224
test;4;1;100;0.8000000000;0.0004434750;7.1138415620;10000;5635.2835886260;2400000;9739;261
train;4;1;100;0.8000000000;0.0004421010;142.6974248820;60000;5777.9810135080;2460000;;
train;4;1;100;0.8000000000;0.0004232000;141.7339233170;60000;5919.7149368250;2520000;;
train;4;1;100;0.8000000000;0.0004169440;142.2906212690;60000;6062.0055580940;2580000;;
train;4;1;100;0.8000000000;0.0004382540;141.9100940150;60000;6203.9156521090;2640000;;
train;4;1;100;0.8000000000;0.0004419960;142.8099160060;60000;6346.7255681150;2700000;;
train;4;1;100;0.8000000000;0.0004468210;144.1716054690;60000;6490.8971735840;2760000;;
train;4;1;100;0.8000000000;0.0004488890;141.6118110280;60000;6632.5089846120;2820000;;
train;4;1;100;0.8000000000;0.0004468360;142.9177169510;60000;6775.4267015630;2880000;;
train;4;1;100;0.8000000000;0.0004558330;143.5425683640;60000;6918.9692699270;2940000;;
train;4;1;100;0.8000000000;0.0004350460;142.8993816760;60000;7061.8686516030;3000000;;
test;4;1;100;0.8000000000;0.0004520710;42.6826243180;60000;7061.8686516030;3000000;59678;322
test;4;1;100;0.8000000000;0.0004670510;6.9952867210;10000;7061.8686516030;3000000;9731;269
train;4;1;100;0.8000000000;0.0004697990;141.6270015190;60000;7203.4956531220;3060000;;
train;4;1;100;0.8000000000;0.0004434620;142.2275679680;60000;7345.7232210900;3120000;;
train;4;1;100;0.8000000000;0.0004500790;141.6971663270;60000;7487.4203874170;3180000;;
train;4;1;100;0.8000000000;0.0004394550;141.8318710640;60000;7629.2522584810;3240000;;
train;4;1;100;0.8000000000;0.0004427150;142.9373999310;60000;7772.1896584120;3300000;;
train;4;1;100;0.8000000000;0.0004716490;143.9880770790;60000;7916.1777354910;3360000;;
train;4;1;100;0.8000000000;0.0004504090;142.2838041000;60000;8058.4615395910;3420000;;
train;4;1;100;0.8000000000;0.0004447740;142.1006892190;60000;8200.5622288100;3480000;;
train;4;1;100;0.8000000000;0.0004467220;143.1428050420;60000;8343.7050338520;3540000;;
train;4;1;100;0.8000000000;0.0004675330;142.4944589780;60000;8486.1994928300;3600000;;
test;4;1;100;0.8000000000;0.0004348690;42.7009751920;60000;8486.1994928300;3600000;59807;193
test;4;1;100;0.8000000000;0.0004538440;7.0316710380;10000;8486.1994928300;3600000;9767;233
train;4;1;100;0.8000000000;0.0004323400;142.3479824760;60000;8628.5474753060;3660000;;
train;4;1;100;0.8000000000;0.0004395840;143.3488514190;60000;8771.8963267250;3720000;;
train;4;1;100;0.8000000000;0.0005929620;142.7546899150;60000;8914.6510166400;3780000;;
train;4;1;100;0.8000000000;0.0004428460;142.6378452180;60000;9057.2888618580;3840000;;
train;4;1;100;0.8000000000;0.0004515310;142.4226228540;60000;9199.7114847120;3900000;;
train;4;1;100;0.8000000000;0.0004413940;142.1821851510;60000;9341.8936698630;3960000;;
train;4;1;100;0.8000000000;0.0004729740;143.0769094050;60000;9484.9705792680;4020000;;
train;4;1;100;0.8000000000;0.0004314050;142.3237335250;60000;9627.2943127930;4080000;;
train;4;1;100;0.8000000000;0.0004564610;142.6869907250;60000;9769.9813035180;4140000;;
train;4;1;100;0.8000000000;0.0004563700;142.4695261830;60000;9912.4508297010;4200000;;
test;4;1;100;0.8000000000;0.0004295920;41.9660022090;60000;9912.4508297010;4200000;59853;147
test;4;1;100;0.8000000000;0.0004748030;7.0151637580;10000;9912.4508297010;4200000;9756;244
train;4;1;100;0.8000000000;0.0004378250;142.5675845960;60000;10055.0184142970;4260000;;
train;4;1;100;0.8000000000;0.0004225190;141.6879359170;60000;10196.7063502140;4320000;;
train;4;1;100;0.8000000000;0.0004268130;142.7893718370;60000;10339.4957220510;4380000;;
train;4;1;100;0.8000000000;0.0004328960;142.6068494350;60000;10482.1025714860;4440000;;
train;4;1;100;0.8000000000;0.0004286070;142.1528407830;60000;10624.2554122690;4500000;;
train;4;1;100;0.8000000000;0.0004440050;142.4754544360;60000;10766.7308667050;4560000;;
train;4;1;100;0.8000000000;0.0004510480;142.3560947800;60000;10909.0869614850;4620000;;
train;4;1;100;0.8000000000;0.0004393280;142.4247405530;60000;11051.5117020380;4680000;;
train;4;1;100;0.8000000000;0.0004222790;142.7166109130;60000;11194.2283129510;4740000;;
train;4;1;100;0.8000000000;0.0004470580;142.4397107900;60000;11336.6680237410;4800000;;
test;4;1;100;0.8000000000;0.0004471550;42.7839948430;60000;11336.6680237410;4800000;59749;251
test;4;1;100;0.8000000000;0.0004365960;7.2525194620;10000;11336.6680237410;4800000;9749;251
train;4;1;100;0.8000000000;0.0004368980;142.9748836350;60000;11479.6429073760;4860000;;
train;4;1;100;0.8000000000;0.0004306960;142.0678381790;60000;11621.7107455550;4920000;;
train;4;1;100;0.8000000000;0.0004458530;144.1052747190;60000;11765.8160202740;4980000;;
train;4;1;100;0.8000000000;0.0004280920;145.5263634160;60000;11911.3423836900;5040000;;
train;4;1;100;0.8000000000;0.0004444840;146.0132524060;60000;12057.3556360960;5100000;;
train;4;1;100;0.8000000000;0.0004594170;144.0754267360;60000;12201.4310628320;5160000;;
train;4;1;100;0.8000000000;0.0004527740;143.0866474650;60000;12344.5177102970;5220000;;
train;4;1;100;0.8000000000;0.0004412780;142.5500901200;60000;12487.0678004170;5280000;;
train;4;1;100;0.8000000000;0.0004593640;142.3376792490;60000;12629.4054796660;5340000;;
train;4;1;100;0.8000000000;0.0004635800;142.5861951800;60000;12771.9916748460;5400000;;
test;4;1;100;0.8000000000;0.0004672690;41.9101258860;60000;12771.9916748460;5400000;59927;73
test;4;1;100;0.8000000000;0.0004399700;7.0549053520;10000;12771.9916748460;5400000;9777;223
train;4;1;100;0.8000000000;0.0004574670;142.9628155200;60000;12914.9544903660;5460000;;
train;4;1;100;0.8000000000;0.0004446920;142.2221872110;60000;13057.1766775770;5520000;;
train;4;1;100;0.8000000000;0.0004452890;142.7504534390;60000;13199.9271310160;5580000;;
train;4;1;100;0.8000000000;0.0004344390;142.6780416350;60000;13342.6051726510;5640000;;
train;4;1;100;0.8000000000;0.0004581870;142.8353718280;60000;13485.4405444790;5700000;;
train;4;1;100;0.8000000000;0.0004419020;142.6616155540;60000;13628.1021600330;5760000;;
train;4;1;100;0.8000000000;0.0004135060;142.3284148610;60000;13770.4305748940;5820000;;
train;4;1;100;0.8000000000;0.0004523500;143.0809914570;60000;13913.5115663510;5880000;;
train;4;1;100;0.8000000000;0.0004444750;142.5703063140;60000;14056.0818726650;5940000;;
train;4;1;100;0.8000000000;0.0004435650;142.7894455910;60000;14198.8713182560;6000000;;
test;4;1;100;0.8000000000;0.0004749150;42.6724717170;60000;14198.8713182560;6000000;59932;68
test;4;1;100;0.8000000000;0.0004659580;7.0450071400;10000;14198.8713182560;6000000;9780;220
