Mode;CPUs;Parallel;WorkerBatch;LearningRate;WorkerSetupTime;EpochElapsedTime;EpochLines;TotalElapsedTime;TotalLines;Correct;Incorrect
train;4;2;100;0.8000000000;0.0009502050;69.9680698910;60000;69.9680698910;60000;;
train;4;2;100;0.8000000000;0.0006618800;69.4938573790;60000;139.4619272700;120000;;
train;4;2;100;0.8000000000;0.0006522320;69.8389123530;60000;209.3008396230;180000;;
train;4;2;100;0.8000000000;0.0006364320;70.1389424240;60000;279.4397820470;240000;;
train;4;2;100;0.8000000000;0.0006638040;70.1891239710;60000;349.6289060180;300000;;
train;4;2;100;0.8000000000;0.0007068340;69.7236359300;60000;419.3525419480;360000;;
train;4;2;100;0.8000000000;0.0006672470;69.9947900760;60000;489.3473320240;420000;;
train;4;2;100;0.8000000000;0.0006593060;70.2296811410;60000;559.5770131650;480000;;
train;4;2;100;0.8000000000;0.0006607010;70.4893427510;60000;630.0663559160;540000;;
train;4;2;100;0.8000000000;0.0006350540;70.8001273020;60000;700.8664832180;600000;;
test;4;2;100;0.8000000000;0.0006721760;21.8540896700;60000;700.8664832180;600000;59025;975
test;4;2;100;0.8000000000;0.0006789640;3.9476375900;10000;700.8664832180;600000;9719;281
train;4;2;100;0.8000000000;0.0006579780;71.1270950970;60000;771.9935783150;660000;;
train;4;2;100;0.8000000000;0.0006710060;70.9556968070;60000;842.9492751220;720000;;
train;4;2;100;0.8000000000;0.0006440340;70.2909002480;60000;913.2401753700;780000;;
train;4;2;100;0.8000000000;0.0006595880;71.1330193570;60000;984.3731947270;840000;;
train;4;2;100;0.8000000000;0.0006274510;70.6377060500;60000;1055.0109007770;900000;;
train;4;2;100;0.8000000000;0.0006728930;70.2845473740;60000;1125.2954481510;960000;;
train;4;2;100;0.8000000000;0.0006567040;70.9903777680;60000;1196.2858259190;1020000;;
train;4;2;100;0.8000000000;0.0006369320;71.0833623290;60000;1267.3691882480;1080000;;
train;4;2;100;0.8000000000;0.0006525680;70.5596238120;60000;1337.9288120600;1140000;;
train;4;2;100;0.8000000000;0.0006670250;71.0547115700;60000;1408.9835236300;1200000;;
test;4;2;100;0.8000000000;0.0006548130;21.9257235110;60000;1408.9835236300;1200000;59416;584
test;4;2;100;0.8000000000;0.0006803710;3.6424854440;10000;1408.9835236300;1200000;9739;261
train;4;2;100;0.8000000000;0.0006147170;71.3705733480;60000;1480.3540969780;1260000;;
train;4;2;100;0.8000000000;0.0006731230;71.1457449150;60000;1551.4998418930;1320000;;
train;4;2;100;0.8000000000;0.0006608710;70.7885843230;60000;1622.2884262160;1380000;;
train;4;2;100;0.8000000000;0.0006660900;70.9641967300;60000;1693.2526229460;1440000;;
train;4;2;100;0.8000000000;0.0006662440;71.4621107140;60000;1764.7147336600;1500000;;
train;4;2;100;0.8000000000;0.0006613880;70.8310199200;60000;1835.5457535800;1560000;;
train;4;2;100;0.8000000000;0.0006469860;71.2109459890;60000;1906.7566995690;1620000;;
train;4;2;100;0.8000000000;0.0006919960;71.2441251380;60000;1978.0008247070;1680000;;
train;4;2;100;0.8000000000;0.0006593670;71.4647136970;60000;2049.4655384040;1740000;;
train;4;2;100;0.8000000000;0.0006412480;71.0928862170;60000;2120.5584246210;1800000;;
test;4;2;100;0.8000000000;0.0006651550;23.4923686420;60000;2120.5584246210;1800000;59590;410
test;4;2;100;0.8000000000;0.0006578160;3.9657634610;10000;2120.5584246210;1800000;9742;258
train;4;2;100;0.8000000000;0.0006630560;71.3793029510;60000;2191.9377275720;1860000;;
train;4;2;100;0.8000000000;0.0006517160;71.5252257930;60000;2263.4629533650;1920000;;
train;4;2;100;0.8000000000;0.0006623270;70.9692403540;60000;2334.4321937190;1980000;;
train;4;2;100;0.8000000000;0.0006748440;71.1979385330;60000;2405.6301322520;2040000;;
train;4;2;100;0.8000000000;0.0006549020;71.2491506530;60000;2476.8792829050;2100000;;
train;4;2;100;0.8000000000;0.0006607550;71.6261270810;60000;2548.5054099860;2160000;;
train;4;2;100;0.8000000000;0.0006782990;70.9953281910;60000;2619.5007381770;2220000;;
train;4;2;100;0.8000000000;0.0006404860;71.1201336960;60000;2690.6208718730;2280000;;
train;4;2;100;0.8000000000;0.0006369490;71.6171384400;60000;2762.2380103130;2340000;;
train;4;2;100;0.8000000000;0.0006571260;70.8532124200;60000;2833.0912227330;2400000;;
test;4;2;100;0.8000000000;0.0006570480;23.8741950610;60000;2833.0912227330;2400000;59621;379
test;4;2;100;0.8000000000;0.0006522070;3.5966583530;10000;2833.0912227330;2400000;9742;258
train;4;2;100;0.8000000000;0.0006460670;71.1716434740;60000;2904.2628662070;2460000;;
train;4;2;100;0.8000000000;0.0006454670;71.5868715420;60000;2975.8497377490;2520000;;
train;4;2;100;0.8000000000;0.0006839430;71.5649206210;60000;3047.4146583700;2580000;;
train;4;2;100;0.8000000000;0.0006604140;71.6606939780;60000;3119.0753523480;2640000;;
train;4;2;100;0.8000000000;0.0006417680;71.5658107930;60000;3190.6411631410;2700000;;
train;4;2;100;0.8000000000;0.0006800090;71.7838862440;60000;3262.4250493850;2760000;;
train;4;2;100;0.8000000000;0.0006582290;71.6429308000;60000;3334.0679801850;2820000;;
train;4;2;100;0.8000000000;0.0006773920;71.2180913340;60000;3405.2860715190;2880000;;
train;4;2;100;0.8000000000;0.0006430190;71.0166212120;60000;3476.3026927310;2940000;;
train;4;2;100;0.8000000000;0.0006773390;71.5530608040;60000;3547.8557535350;3000000;;
test;4;2;100;0.8000000000;0.0006549370;23.6813608010;60000;3547.8557535350;3000000;59833;167
test;4;2;100;0.8000000000;0.0006724500;3.6868170110;10000;3547.8557535350;3000000;9743;257
train;4;2;100;0.8000000000;0.0006794490;71.3079500850;60000;3619.1637036200;3060000;;
train;4;2;100;0.8000000000;0.0006616460;71.2490532000;60000;3690.4127568200;3120000;;
train;4;2;100;0.8000000000;0.0006627560;71.7628333260;60000;3762.1755901460;3180000;;
train;4;2;100;0.8000000000;0.0006605060;71.5391054490;60000;3833.7146955950;3240000;;
train;4;2;100;0.8000000000;0.0006365170;71.4327888470;60000;3905.1474844420;3300000;;
train;4;2;100;0.8000000000;0.0006796050;71.4823655000;60000;3976.6298499420;3360000;;
train;4;2;100;0.8000000000;0.0006677880;71.4278770160;60000;4048.0577269580;3420000;;
train;4;2;100;0.8000000000;0.0006522680;71.7644995560;60000;4119.8222265140;3480000;;
train;4;2;100;0.8000000000;0.0006678010;71.2866153140;60000;4191.1088418280;3540000;;
train;4;2;100;0.8000000000;0.0006404960;71.9150711020;60000;4263.0239129300;3600000;;
test;4;2;100;0.8000000000;0.0006391960;23.9674931380;60000;4263.0239129300;3600000;59875;125
test;4;2;100;0.8000000000;0.0006723710;4.0180249740;10000;4263.0239129300;3600000;9768;232
train;4;2;100;0.8000000000;0.0006680720;72.0381312640;60000;4335.0620441940;3660000;;
train;4;2;100;0.8000000000;0.0006508430;71.3982896390;60000;4406.4603338330;3720000;;
train;4;2;100;0.8000000000;0.0006649730;71.2355374080;60000;4477.6958712410;3780000;;
train;4;2;100;0.8000000000;0.0006551700;71.7695896480;60000;4549.4654608890;3840000;;
train;4;2;100;0.8000000000;0.0006598610;71.2057690660;60000;4620.6712299550;3900000;;
train;4;2;100;0.8000000000;0.0006683750;71.4632357910;60000;4692.1344657460;3960000;;
train;4;2;100;0.8000000000;0.0006738300;78.5662810940;60000;4770.7007468400;4020000;;
train;4;2;100;0.8000000000;0.0006738530;71.1666443880;60000;4841.8673912280;4080000;;
train;4;2;100;0.8000000000;0.0006499740;71.5112399350;60000;4913.3786311630;4140000;;
train;4;2;100;0.8000000000;0.0006768880;71.6310392180;60000;4985.0096703810;4200000;;
test;4;2;100;0.8000000000;0.0006720300;24.1169410840;60000;4985.0096703810;4200000;59855;145
test;4;2;100;0.8000000000;0.0006462060;4.0153956630;10000;4985.0096703810;4200000;9748;252
train;4;2;100;0.8000000000;0.0006515340;71.4194206760;60000;5056.4290910570;4260000;;
train;4;2;100;0.8000000000;0.0006641720;72.1621147400;60000;5128.5912057970;4320000;;
train;4;2;100;0.8000000000;0.0006545240;71.8404792700;60000;5200.4316850670;4380000;;
train;4;2;100;0.8000000000;0.0006530490;71.5947594570;60000;5272.0264445240;4440000;;
train;4;2;100;0.8000000000;0.0006527620;71.1019902470;60000;5343.1284347710;4500000;;
train;4;2;100;0.8000000000;0.0006352750;71.5346735190;60000;5414.6631082900;4560000;;
train;4;2;100;0.8000000000;0.0006851970;71.6043541920;60000;5486.2674624820;4620000;;
train;4;2;100;0.8000000000;0.0006905060;71.5960380940;60000;5557.8635005760;4680000;;
train;4;2;100;0.8000000000;0.0006710400;71.4870581030;60000;5629.3505586790;4740000;;
train;4;2;100;0.8000000000;0.0006602550;71.7681396120;60000;5701.1186982910;4800000;;
test;4;2;100;0.8000000000;0.0006600810;21.7811534750;60000;5701.1186982910;4800000;59799;201
test;4;2;100;0.8000000000;0.0006426290;4.0295855310;10000;5701.1186982910;4800000;9738;262
train;4;2;100;0.8000000000;0.0006427770;71.6044099090;60000;5772.7231082000;4860000;;
train;4;2;100;0.8000000000;0.0006635190;71.5766710470;60000;5844.2997792470;4920000;;
train;4;2;100;0.8000000000;0.0006739010;72.1191566150;60000;5916.4189358620;4980000;;
train;4;2;100;0.8000000000;0.0006552640;72.0189506880;60000;5988.4378865500;5040000;;
train;4;2;100;0.8000000000;0.0006839040;72.0773339750;60000;6060.5152205250;5100000;;
train;4;2;100;0.8000000000;0.0006654580;71.6648414570;60000;6132.1800619820;5160000;;
train;4;2;100;0.8000000000;0.0006676620;71.7232121420;60000;6203.9032741240;5220000;;
train;4;2;100;0.8000000000;0.0006631630;71.9958452130;60000;6275.8991193370;5280000;;
train;4;2;100;0.8000000000;0.0006430320;71.6429846130;60000;6347.5421039500;5340000;;
train;4;2;100;0.8000000000;0.0006602190;71.6170835350;60000;6419.1591874850;5400000;;
test;4;2;100;0.8000000000;0.0006899070;22.1357565750;60000;6419.1591874850;5400000;59913;87
test;4;2;100;0.8000000000;0.0006578690;3.6202681760;10000;6419.1591874850;5400000;9767;233
train;4;2;100;0.8000000000;0.0006360100;71.9045758930;60000;6491.0637633780;5460000;;
train;4;2;100;0.8000000000;0.0006647990;72.2252209980;60000;6563.2889843760;5520000;;
train;4;2;100;0.8000000000;0.0006633840;71.9236378640;60000;6635.2126222400;5580000;;
train;4;2;100;0.8000000000;0.0006268570;71.7816206190;60000;6706.9942428590;5640000;;
train;4;2;100;0.8000000000;0.0006724260;72.3003015180;60000;6779.2945443770;5700000;;
train;4;2;100;0.8000000000;0.0006701060;71.3811946860;60000;6850.6757390630;5760000;;
train;4;2;100;0.8000000000;0.0006870250;72.0377242580;60000;6922.7134633210;5820000;;
train;4;2;100;0.8000000000;0.0006967670;71.6011977760;60000;6994.3146610970;5880000;;
train;4;2;100;0.8000000000;0.0006589470;72.0599514080;60000;7066.3746125050;5940000;;
train;4;2;100;0.8000000000;0.0006529280;71.2034283170;60000;7137.5780408220;6000000;;
test;4;2;100;0.8000000000;0.0006556170;22.2738040050;60000;7137.5780408220;6000000;59921;79
test;4;2;100;0.8000000000;0.0006765080;3.9420546460;10000;7137.5780408220;6000000;9768;232
