Mode;CPUs;Parallel;WorkerBatch;LearningRate;WorkerSetupTime;EpochElapsedTime;EpochLines;TotalElapsedTime;TotalLines;Correct;Incorrect
train;4;4;100;0.8000000000;0.0025934270;56.3336510550;60000;56.3336510550;60000;;
train;4;4;100;0.8000000000;0.0011303850;55.1433258320;60000;111.4769768870;120000;;
train;4;4;100;0.8000000000;0.0010969010;55.1721058390;60000;166.6490827260;180000;;
train;4;4;100;0.8000000000;0.0011541810;55.0996758870;60000;221.7487586130;240000;;
train;4;4;100;0.8000000000;0.0010753420;55.4410097860;60000;277.1897683990;300000;;
train;4;4;100;0.8000000000;0.0011012400;55.7683187930;60000;332.9580871920;360000;;
train;4;4;100;0.8000000000;0.0011475740;55.3566946590;60000;388.3147818510;420000;;
train;4;4;100;0.8000000000;0.0011367720;56.7464974280;60000;445.0612792790;480000;;
train;4;4;100;0.8000000000;0.0011122100;55.6393258220;60000;500.7006051010;540000;;
train;4;4;100;0.8000000000;0.0010969730;55.4554934790;60000;556.1560985800;600000;;
test;4;4;100;0.8000000000;0.0011537590;20.0979058410;60000;556.1560985800;600000;58729;1271
test;4;4;100;0.8000000000;0.0011555340;3.2703767050;10000;556.1560985800;600000;9695;305
train;4;4;100;0.8000000000;0.0010520740;55.5627757410;60000;611.7188743210;660000;;
train;4;4;100;0.8000000000;0.0010749960;56.7910191950;60000;668.5098935160;720000;;
train;4;4;100;0.8000000000;0.0010949230;55.2327244250;60000;723.7426179410;780000;;
train;4;4;100;0.8000000000;0.0011375710;55.8941694480;60000;779.6367873890;840000;;
train;4;4;100;0.8000000000;0.0010836840;55.5002536560;60000;835.1370410450;900000;;
train;4;4;100;0.8000000000;0.0010953150;56.2557595430;60000;891.3928005880;960000;;
train;4;4;100;0.8000000000;0.0011057640;55.2292713800;60000;946.6220719680;1020000;;
train;4;4;100;0.8000000000;0.0010979840;57.4327726430;60000;1004.0548446110;1080000;;
train;4;4;100;0.8000000000;0.0010515780;59.5930500940;60000;1063.6478947050;1140000;;
train;4;4;100;0.8000000000;0.0010924830;60.2304781420;60000;1123.8783728470;1200000;;
test;4;4;100;0.8000000000;0.0010498050;20.7569793820;60000;1123.8783728470;1200000;59257;743
test;4;4;100;0.8000000000;0.0011429010;3.3927118270;10000;1123.8783728470;1200000;9727;273
train;4;4;100;0.8000000000;0.0011121280;64.6219293280;60000;1188.5003021750;1260000;;
train;4;4;100;0.8000000000;0.0010871000;63.2756012290;60000;1251.7759034040;1320000;;
train;4;4;100;0.8000000000;0.0011222710;60.5965485350;60000;1312.3724519390;1380000;;
train;4;4;100;0.8000000000;0.0011117970;58.6494838210;60000;1371.0219357600;1440000;;
train;4;4;100;0.8000000000;0.0011185370;61.1875649860;60000;1432.2095007460;1500000;;
train;4;4;100;0.8000000000;0.0010803600;58.9055754350;60000;1491.1150761810;1560000;;
train;4;4;100;0.8000000000;0.0011012700;55.7455402830;60000;1546.8606164640;1620000;;
train;4;4;100;0.8000000000;0.0011044820;56.3620487390;60000;1603.2226652030;1680000;;
train;4;4;100;0.8000000000;0.0011289590;56.9512263880;60000;1660.1738915910;1740000;;
train;4;4;100;0.8000000000;0.0011023880;56.6107802320;60000;1716.7846718230;1800000;;
test;4;4;100;0.8000000000;0.0010667900;20.7895482980;60000;1716.7846718230;1800000;59594;406
test;4;4;100;0.8000000000;0.0010845590;3.3845014150;10000;1716.7846718230;1800000;9767;233
train;4;4;100;0.8000000000;0.0010846630;56.3351782100;60000;1773.1198500330;1860000;;
train;4;4;100;0.8000000000;0.0011345850;56.0621268120;60000;1829.1819768450;1920000;;
train;4;4;100;0.8000000000;0.0011083980;57.2497873540;60000;1886.4317641990;1980000;;
train;4;4;100;0.8000000000;0.0010803460;58.9755269580;60000;1945.4072911570;2040000;;
train;4;4;100;0.8000000000;0.0010828230;57.2918272500;60000;2002.6991184070;2100000;;
train;4;4;100;0.8000000000;0.0011153160;56.0796656790;60000;2058.7787840860;2160000;;
train;4;4;100;0.8000000000;0.0011278660;56.4457841420;60000;2115.2245682280;2220000;;
train;4;4;100;0.8000000000;0.0010717440;56.4111875320;60000;2171.6357557600;2280000;;
train;4;4;100;0.8000000000;0.0010769120;55.5638802140;60000;2227.1996359740;2340000;;
train;4;4;100;0.8000000000;0.0011109480;59.0065250120;60000;2286.2061609860;2400000;;
test;4;4;100;0.8000000000;0.0010923800;21.4709830670;60000;2286.2061609860;2400000;59692;308
test;4;4;100;0.8000000000;0.0011054900;3.4047776100;10000;2286.2061609860;2400000;9741;259
train;4;4;100;0.8000000000;0.0011535600;56.8015831130;60000;2343.0077440990;2460000;;
train;4;4;100;0.8000000000;0.0011039520;56.3224704760;60000;2399.3302145750;2520000;;
train;4;4;100;0.8000000000;0.0011660610;56.1806948510;60000;2455.5109094260;2580000;;
train;4;4;100;0.8000000000;0.0011158650;58.0016722690;60000;2513.5125816950;2640000;;
train;4;4;100;0.8000000000;0.0011310590;55.8364145590;60000;2569.3489962540;2700000;;
train;4;4;100;0.8000000000;0.0010893520;55.8552376710;60000;2625.2042339250;2760000;;
train;4;4;100;0.8000000000;0.0011098580;56.4509129970;60000;2681.6551469220;2820000;;
train;4;4;100;0.8000000000;0.0011061570;57.8099831810;60000;2739.4651301030;2880000;;
train;4;4;100;0.8000000000;0.0011204630;56.3353339820;60000;2795.8004640850;2940000;;
train;4;4;100;0.8000000000;0.0010441250;56.7347758840;60000;2852.5352399690;3000000;;
test;4;4;100;0.8000000000;0.0011229070;21.5795778540;60000;2852.5352399690;3000000;59758;242
test;4;4;100;0.8000000000;0.0010868610;3.6023334990;10000;2852.5352399690;3000000;9757;243
train;4;4;100;0.8000000000;0.0011298980;58.8780143990;60000;2911.4132543680;3060000;;
train;4;4;100;0.8000000000;0.0011379760;60.4609142810;60000;2971.8741686490;3120000;;
train;4;4;100;0.8000000000;0.0011570050;57.4339258770;60000;3029.3080945260;3180000;;
train;4;4;100;0.8000000000;0.0010745550;57.4933636160;60000;3086.8014581420;3240000;;
train;4;4;100;0.8000000000;0.0011147810;56.4339080060;60000;3143.2353661480;3300000;;
train;4;4;100;0.8000000000;0.0011101510;55.9917436050;60000;3199.2271097530;3360000;;
train;4;4;100;0.8000000000;0.0011311630;56.1039206360;60000;3255.3310303890;3420000;;
train;4;4;100;0.8000000000;0.0010987550;55.9822214780;60000;3311.3132518670;3480000;;
train;4;4;100;0.8000000000;0.0011205600;56.1795094750;60000;3367.4927613420;3540000;;
train;4;4;100;0.8000000000;0.0010983450;57.5713476030;60000;3425.0641089450;3600000;;
test;4;4;100;0.8000000000;0.0010649360;20.2197902110;60000;3425.0641089450;3600000;59238;762
test;4;4;100;0.8000000000;0.0011398190;3.4909817400;10000;3425.0641089450;3600000;9681;319
train;4;4;100;0.8000000000;0.0011010630;60.0355821630;60000;3485.0996911080;3660000;;
train;4;4;100;0.8000000000;0.0010915440;58.4775652260;60000;3543.5772563340;3720000;;
train;4;4;100;0.8000000000;0.0011388010;62.3471471410;60000;3605.9244034750;3780000;;
train;4;4;100;0.8000000000;0.0011280730;58.6030830640;60000;3664.5274865390;3840000;;
train;4;4;100;0.8000000000;0.0011160430;57.6257230020;60000;3722.1532095410;3900000;;
train;4;4;100;0.8000000000;0.0010803600;56.8184621410;60000;3778.9716716820;3960000;;
train;4;4;100;0.8000000000;0.0023511770;56.1736101140;60000;3835.1452817960;4020000;;
train;4;4;100;0.8000000000;0.0010803560;60.0107045280;60000;3895.1559863240;4080000;;
train;4;4;100;0.8000000000;0.0010911970;56.3382991890;60000;3951.4942855130;4140000;;
train;4;4;100;0.8000000000;0.0011568700;55.8599231330;60000;4007.3542086460;4200000;;
test;4;4;100;0.8000000000;0.0011606610;19.4996235320;60000;4007.3542086460;4200000;59712;288
test;4;4;100;0.8000000000;0.0010535510;3.4623432940;10000;4007.3542086460;4200000;9747;253
train;4;4;100;0.8000000000;0.0011257320;56.4235439290;60000;4063.7777525750;4260000;;
train;4;4;100;0.8000000000;0.0011176080;55.7613555720;60000;4119.5391081470;4320000;;
train;4;4;100;0.8000000000;0.0010872350;56.2743704990;60000;4175.8134786460;4380000;;
train;4;4;100;0.8000000000;0.0010947640;56.6894327040;60000;4232.5029113500;4440000;;
train;4;4;100;0.8000000000;0.0010827120;57.6998545300;60000;4290.2027658800;4500000;;
train;4;4;100;0.8000000000;0.0011150260;56.3994372240;60000;4346.6022031040;4560000;;
train;4;4;100;0.8000000000;0.0010833460;57.0033004250;60000;4403.6055035290;4620000;;
train;4;4;100;0.8000000000;0.0011461530;56.0656887070;60000;4459.6711922360;4680000;;
train;4;4;100;0.8000000000;0.0010532220;56.0626947060;60000;4515.7338869420;4740000;;
train;4;4;100;0.8000000000;0.0011297460;56.9474815750;60000;4572.6813685170;4800000;;
test;4;4;100;0.8000000000;0.0011619550;21.1887470190;60000;4572.6813685170;4800000;59325;675
test;4;4;100;0.8000000000;0.0011416650;3.3457897840;10000;4572.6813685170;4800000;9666;334
train;4;4;100;0.8000000000;0.0011135490;57.7185626080;60000;4630.3999311250;4860000;;
train;4;4;100;0.8000000000;0.0011282670;56.3369803510;60000;4686.7369114760;4920000;;
train;4;4;100;0.8000000000;0.0011204870;56.7368366170;60000;4743.4737480930;4980000;;
train;4;4;100;0.8000000000;0.0010904980;56.0861021190;60000;4799.5598502120;5040000;;
train;4;4;100;0.8000000000;0.0010990100;57.1799757230;60000;4856.7398259350;5100000;;
train;4;4;100;0.8000000000;0.0011014060;58.5325567030;60000;4915.2723826380;5160000;;
train;4;4;100;0.8000000000;0.0011374140;58.9885448380;60000;4974.2609274760;5220000;;
train;4;4;100;0.8000000000;0.0010968740;58.7246672560;60000;5032.9855947320;5280000;;
train;4;4;100;0.8000000000;0.0010668170;58.0085775030;60000;5090.9941722350;5340000;;
train;4;4;100;0.8000000000;0.0010668400;55.9294830780;60000;5146.9236553130;5400000;;
test;4;4;100;0.8000000000;0.0011221660;19.6510673800;60000;5146.9236553130;5400000;59682;318
test;4;4;100;0.8000000000;0.0011493780;3.2283402050;10000;5146.9236553130;5400000;9740;260
train;4;4;100;0.8000000000;0.0010774520;56.4628495830;60000;5203.3865048960;5460000;;
train;4;4;100;0.8000000000;0.0010769460;56.3611074830;60000;5259.7476123790;5520000;;
train;4;4;100;0.8000000000;0.0011326580;56.5647239840;60000;5316.3123363630;5580000;;
train;4;4;100;0.8000000000;0.0011008810;56.9043760970;60000;5373.2167124600;5640000;;
train;4;4;100;0.8000000000;0.0011087960;56.8741721880;60000;5430.0908846480;5700000;;
train;4;4;100;0.8000000000;0.0010864170;55.8894665250;60000;5485.9803511730;5760000;;
train;4;4;100;0.8000000000;0.0011135530;56.8937611750;60000;5542.8741123480;5820000;;
train;4;4;100;0.8000000000;0.0011296380;56.4442208220;60000;5599.3183331700;5880000;;
train;4;4;100;0.8000000000;0.0011142710;56.5256242520;60000;5655.8439574220;5940000;;
train;4;4;100;0.8000000000;0.0011032050;56.7579072380;60000;5712.6018646600;6000000;;
test;4;4;100;0.8000000000;0.0010789280;19.8507472320;60000;5712.6018646600;6000000;59905;95
test;4;4;100;0.8000000000;0.0011265470;3.2318474800;10000;5712.6018646600;6000000;9775;225
