Mode;CPUs;Parallel;WorkerBatch;LearningRate;WorkerSetupTime;EpochElapsedTime;EpochLines;TotalElapsedTime;TotalLines;Correct;Incorrect
train;8;16;100;0.8000000000;0.0390218750;196.6570895400;60000;196.6570895400;60000;;
test;8;16;100;0.8000000000;0.0411219490;115.8313472800;60000;196.6570895400;60000;51116;8884
test;8;16;100;0.8000000000;0.0395372700;18.2834478170;10000;196.6570895400;60000;8628;1372
train;8;16;100;0.8000000000;0.0336537710;195.4326140810;60000;392.0897036210;120000;;
test;8;16;100;0.8000000000;0.0404000230;107.6590012800;60000;392.0897036210;120000;54107;5893
test;8;16;100;0.8000000000;0.0441559460;18.1387424180;10000;392.0897036210;120000;9073;927
train;8;16;100;0.8000000000;0.0323909500;195.6172210300;60000;587.7069246510;180000;;
test;8;16;100;0.8000000000;0.0392387820;108.8026301590;60000;587.7069246510;180000;55270;4730
test;8;16;100;0.8000000000;0.0487479170;19.0772673940;10000;587.7069246510;180000;9261;739
train;8;16;100;0.8000000000;0.0380852480;202.0188649460;60000;789.7257895970;240000;;
test;8;16;100;0.8000000000;0.0399185870;108.5229066480;60000;789.7257895970;240000;55600;4400
test;8;16;100;0.8000000000;0.0439088330;19.2518168910;10000;789.7257895970;240000;9266;734
train;8;16;100;0.8000000000;0.0372080750;196.7942523010;60000;986.5200418980;300000;;
test;8;16;100;0.8000000000;0.0449374570;111.4082277270;60000;986.5200418980;300000;56248;3752
test;8;16;100;0.8000000000;0.0926698720;19.1428219250;10000;986.5200418980;300000;9363;637
train;8;16;100;0.8000000000;0.0340497520;198.7318403350;60000;1185.2518822330;360000;;
test;8;16;100;0.8000000000;0.0414930190;109.1598152620;60000;1185.2518822330;360000;56566;3434
test;8;16;100;0.8000000000;0.0451046570;18.8322547790;10000;1185.2518822330;360000;9399;601
train;8;16;100;0.8000000000;0.0356162300;199.9015303480;60000;1385.1534125810;420000;;
test;8;16;100;0.8000000000;0.0403262340;114.6156327310;60000;1385.1534125810;420000;56851;3149
test;8;16;100;0.8000000000;0.0388403830;18.9597796640;10000;1385.1534125810;420000;9446;554
train;8;16;100;0.8000000000;0.0330866700;197.9457176770;60000;1583.0991302580;480000;;
test;8;16;100;0.8000000000;0.0411311980;111.6504002080;60000;1583.0991302580;480000;57072;2928
test;8;16;100;0.8000000000;0.0491069010;19.9558993040;10000;1583.0991302580;480000;9491;509
train;8;16;100;0.8000000000;0.0326048570;196.4758201650;60000;1779.5749504230;540000;;
test;8;16;100;0.8000000000;0.0406883030;111.0270563420;60000;1779.5749504230;540000;57146;2854
test;8;16;100;0.8000000000;0.0414772690;19.9053890430;10000;1779.5749504230;540000;9481;519
train;8;16;100;0.8000000000;0.0362064100;181.7368117460;60000;1961.3117621690;600000;;
test;8;16;100;0.8000000000;0.0392545300;104.3551699280;60000;1961.3117621690;600000;57493;2507
test;8;16;100;0.8000000000;0.0416573440;17.8821303810;10000;1961.3117621690;600000;9556;444
train;8;16;100;0.8000000000;0.0379208810;177.3104277920;60000;2138.6221899610;660000;;
test;8;16;100;0.8000000000;0.0418333370;101.8917691640;60000;2138.6221899610;660000;57477;2523
test;8;16;100;0.8000000000;0.0379378360;17.8600829940;10000;2138.6221899610;660000;9521;479
train;8;16;100;0.8000000000;0.0333784080;176.7986835310;60000;2315.4208734920;720000;;
test;8;16;100;0.8000000000;0.0468206250;107.4677171210;60000;2315.4208734920;720000;57872;2128
test;8;16;100;0.8000000000;0.0410823690;18.7875579830;10000;2315.4208734920;720000;9597;403
train;8;16;100;0.8000000000;0.0343576580;201.6248671590;60000;2517.0457406510;780000;;
test;8;16;100;0.8000000000;0.0394303570;116.3788207610;60000;2517.0457406510;780000;57996;2004
test;8;16;100;0.8000000000;0.0324069490;18.4034807730;10000;2517.0457406510;780000;9621;379
train;8;16;100;0.8000000000;0.0361307450;185.0654639110;60000;2702.1112045620;840000;;
test;8;16;100;0.8000000000;0.0390689970;105.0742441540;60000;2702.1112045620;840000;58092;1908
test;8;16;100;0.8000000000;0.0358372180;19.6056616880;10000;2702.1112045620;840000;9618;382
train;8;16;100;0.8000000000;0.0338060130;196.3596252160;60000;2898.4708297780;900000;;
test;8;16;100;0.8000000000;0.0390492070;109.3336900920;60000;2898.4708297780;900000;58190;1810
test;8;16;100;0.8000000000;0.0399400010;18.5807635690;10000;2898.4708297780;900000;9628;372
train;8;16;100;0.8000000000;0.0372424920;195.0084549970;60000;3093.4792847750;960000;;
test;8;16;100;0.8000000000;0.0338456380;111.4446979580;60000;3093.4792847750;960000;58242;1758
test;8;16;100;0.8000000000;0.0392223230;19.9584512780;10000;3093.4792847750;960000;9635;365
train;8;16;100;0.8000000000;0.0337453080;196.8192046160;60000;3290.2984893910;1020000;;
test;8;16;100;0.8000000000;0.0503477660;110.5153752090;60000;3290.2984893910;1020000;58380;1620
test;8;16;100;0.8000000000;0.0423384390;18.9489190020;10000;3290.2984893910;1020000;9663;337
train;8;16;100;0.8000000000;0.0388708410;199.2616199480;60000;3489.5601093390;1080000;;
test;8;16;100;0.8000000000;0.0343482830;109.7059028090;60000;3489.5601093390;1080000;58457;1543
test;8;16;100;0.8000000000;0.0442786930;19.9327959980;10000;3489.5601093390;1080000;9676;324
train;8;16;100;0.8000000000;0.0334205300;178.3419321240;60000;3667.9020414630;1140000;;
test;8;16;100;0.8000000000;0.0439130410;104.5058180380;60000;3667.9020414630;1140000;58283;1717
test;8;16;100;0.8000000000;0.0408872120;17.6046949920;10000;3667.9020414630;1140000;9642;358
train;8;16;100;0.8000000000;0.0323336590;176.9019588700;60000;3844.8040003330;1200000;;
test;8;16;100;0.8000000000;0.0435316390;99.1319747260;60000;3844.8040003330;1200000;58526;1474
test;8;16;100;0.8000000000;0.0387706360;17.3534373550;10000;3844.8040003330;1200000;9678;322
train;8;16;100;0.8000000000;0.0335762320;191.0761439200;60000;4035.8801442530;1260000;;
test;8;16;100;0.8000000000;0.0337298090;110.7365448000;60000;4035.8801442530;1260000;58577;1423
test;8;16;100;0.8000000000;0.0406561370;19.2955431900;10000;4035.8801442530;1260000;9671;329
train;8;16;100;0.8000000000;0.0391225370;188.2456678780;60000;4224.1258121310;1320000;;
test;8;16;100;0.8000000000;0.0386051850;113.1580340630;60000;4224.1258121310;1320000;58533;1467
test;8;16;100;0.8000000000;0.0342312440;20.1826486960;10000;4224.1258121310;1320000;9659;341
train;8;16;100;0.8000000000;0.0356488520;193.9348726670;60000;4418.0606847980;1380000;;
test;8;16;100;0.8000000000;0.0384497740;104.5022152690;60000;4418.0606847980;1380000;58678;1322
test;8;16;100;0.8000000000;0.0358337590;17.7379602940;10000;4418.0606847980;1380000;9680;320
train;8;16;100;0.8000000000;0.0339522990;178.2418822700;60000;4596.3025670680;1440000;;
test;8;16;100;0.8000000000;0.0398374220;99.8341155970;60000;4596.3025670680;1440000;58744;1256
test;8;16;100;0.8000000000;0.0368370510;17.5141485280;10000;4596.3025670680;1440000;9712;288
train;8;16;100;0.8000000000;0.0331573730;193.8367775690;60000;4790.1393446370;1500000;;
test;8;16;100;0.8000000000;0.0387553010;108.7206123260;60000;4790.1393446370;1500000;58732;1268
test;8;16;100;0.8000000000;0.0374590240;18.5391328890;10000;4790.1393446370;1500000;9704;296
train;8;16;100;0.8000000000;0.0367599720;191.5801745470;60000;4981.7195191840;1560000;;
test;8;16;100;0.8000000000;0.0338368470;105.4139548960;60000;4981.7195191840;1560000;58739;1261
test;8;16;100;0.8000000000;0.0427737560;19.5704726100;10000;4981.7195191840;1560000;9687;313
train;8;16;100;0.8000000000;0.0384226500;194.9294741210;60000;5176.6489933050;1620000;;
test;8;16;100;0.8000000000;0.0468072490;108.3364257040;60000;5176.6489933050;1620000;58848;1152
test;8;16;100;0.8000000000;0.0483362670;17.9228967660;10000;5176.6489933050;1620000;9716;284
train;8;16;100;0.8000000000;0.0370886650;188.1858401070;60000;5364.8348334120;1680000;;
test;8;16;100;0.8000000000;0.0412456550;104.5855109590;60000;5364.8348334120;1680000;58950;1050
test;8;16;100;0.8000000000;0.0401023700;17.9748477120;10000;5364.8348334120;1680000;9733;267
train;8;16;100;0.8000000000;0.0369354630;191.9176664590;60000;5556.7524998710;1740000;;
test;8;16;100;0.8000000000;0.0417418820;104.0078933070;60000;5556.7524998710;1740000;58904;1096
test;8;16;100;0.8000000000;0.0499608230;19.5009078290;10000;5556.7524998710;1740000;9723;277
train;8;16;100;0.8000000000;0.0331486250;179.9806416720;60000;5736.7331415430;1800000;;
test;8;16;100;0.8000000000;0.0404929370;100.7478343830;60000;5736.7331415430;1800000;58867;1133
test;8;16;100;0.8000000000;0.0374001100;17.6489931000;10000;5736.7331415430;1800000;9726;274
train;8;16;100;0.8000000000;0.0348322190;191.8162004590;60000;5928.5493420020;1860000;;
test;8;16;100;0.8000000000;0.0443999770;105.3199538610;60000;5928.5493420020;1860000;58641;1359
test;8;16;100;0.8000000000;0.0372436190;17.3929355430;10000;5928.5493420020;1860000;9689;311
train;8;16;100;0.8000000000;0.0339920040;171.4966172840;60000;6100.0459592860;1920000;;
test;8;16;100;0.8000000000;0.0441304060;99.4490956770;60000;6100.0459592860;1920000;59005;995
test;8;16;100;0.8000000000;0.0418514600;17.9753310690;10000;6100.0459592860;1920000;9720;280
train;8;16;100;0.8000000000;0.0320745460;173.5833546060;60000;6273.6293138920;1980000;;
test;8;16;100;0.8000000000;0.0361998290;103.5405039100;60000;6273.6293138920;1980000;59083;917
test;8;16;100;0.8000000000;0.0378888410;17.4736697150;10000;6273.6293138920;1980000;9736;264
train;8;16;100;0.8000000000;0.0352632840;188.1827363660;60000;6461.8120502580;2040000;;
test;8;16;100;0.8000000000;0.0444897640;110.2204497710;60000;6461.8120502580;2040000;59083;917
test;8;16;100;0.8000000000;0.0452733570;19.5075085070;10000;6461.8120502580;2040000;9729;271
train;8;16;100;0.8000000000;0.0357264300;194.3556258940;60000;6656.1676761520;2100000;;
test;8;16;100;0.8000000000;0.0403752740;117.6767111330;60000;6656.1676761520;2100000;59126;874
test;8;16;100;0.8000000000;0.0412107370;20.0960452300;10000;6656.1676761520;2100000;9729;271
train;8;16;100;0.8000000000;0.0387562180;206.7529855040;60000;6862.9206616560;2160000;;
test;8;16;100;0.8000000000;0.0414911440;116.2617260960;60000;6862.9206616560;2160000;59175;825
test;8;16;100;0.8000000000;0.0420242450;20.7490876990;10000;6862.9206616560;2160000;9742;258
train;8;16;100;0.8000000000;0.0399795430;215.9344644660;60000;7078.8551261220;2220000;;
test;8;16;100;0.8000000000;0.0458981230;117.0876608880;60000;7078.8551261220;2220000;59055;945
test;8;16;100;0.8000000000;0.0452963140;20.9083328490;10000;7078.8551261220;2220000;9727;273
train;8;16;100;0.8000000000;0.0417782560;210.6927713840;60000;7289.5478975060;2280000;;
test;8;16;100;0.8000000000;0.0395134370;119.3243783800;60000;7289.5478975060;2280000;59009;991
test;8;16;100;0.8000000000;0.0450801560;20.8487837290;10000;7289.5478975060;2280000;9721;279
train;8;16;100;0.8000000000;0.0418394610;203.8911748080;60000;7493.4390723140;2340000;;
test;8;16;100;0.8000000000;0.0401583260;123.8560571320;60000;7493.4390723140;2340000;59178;822
test;8;16;100;0.8000000000;0.0458487080;19.8961068590;10000;7493.4390723140;2340000;9737;263
train;8;16;100;0.8000000000;0.0421285320;220.0961024490;60000;7713.5351747630;2400000;;
test;8;16;100;0.8000000000;0.0488522880;120.8549214330;60000;7713.5351747630;2400000;59214;786
test;8;16;100;0.8000000000;0.0391187440;19.3103843480;10000;7713.5351747630;2400000;9726;274
train;8;16;100;0.8000000000;0.0407557990;221.3780751690;60000;7934.9132499320;2460000;;
test;8;16;100;0.8000000000;0.0442929820;120.0757986030;60000;7934.9132499320;2460000;59254;746
test;8;16;100;0.8000000000;0.0475871330;20.2670412140;10000;7934.9132499320;2460000;9729;271
train;8;16;100;0.8000000000;0.0428057130;214.9455334790;60000;8149.8587834110;2520000;;
test;8;16;100;0.8000000000;0.0448337930;116.7662024590;60000;8149.8587834110;2520000;59162;838
test;8;16;100;0.8000000000;0.0387994260;18.8526764500;10000;8149.8587834110;2520000;9723;277
train;8;16;100;0.8000000000;0.0403039850;199.4291941580;60000;8349.2879775690;2580000;;
test;8;16;100;0.8000000000;0.0467784170;116.6436405320;60000;8349.2879775690;2580000;58735;1265
test;8;16;100;0.8000000000;0.0433026070;21.2990059890;10000;8349.2879775690;2580000;9668;332
train;8;16;100;0.8000000000;0.0408026720;217.2881330360;60000;8566.5761106050;2640000;;
test;8;16;100;0.8000000000;0.0452613160;123.4991574280;60000;8566.5761106050;2640000;59029;971
test;8;16;100;0.8000000000;0.0481050290;21.8073683910;10000;8566.5761106050;2640000;9709;291
train;8;16;100;0.8000000000;0.0404956850;214.7218473740;60000;8781.2979579790;2700000;;
test;8;16;100;0.8000000000;0.0398540480;119.5293006680;60000;8781.2979579790;2700000;59157;843
test;8;16;100;0.8000000000;0.0422242770;21.5312918950;10000;8781.2979579790;2700000;9727;273
train;8;16;100;0.8000000000;0.0391219110;215.2111760020;60000;8996.5091339810;2760000;;
test;8;16;100;0.8000000000;0.0446470510;113.3190044810;60000;8996.5091339810;2760000;59337;663
test;8;16;100;0.8000000000;0.0476436720;18.9426505600;10000;8996.5091339810;2760000;9751;249
train;8;16;100;0.8000000000;0.0382735320;197.7855022370;60000;9194.2946362180;2820000;;
test;8;16;100;0.8000000000;0.0441085310;110.8481310310;60000;9194.2946362180;2820000;59201;799
test;8;16;100;0.8000000000;0.0422154050;20.3835489440;10000;9194.2946362180;2820000;9743;257
train;8;16;100;0.8000000000;0.0386545560;216.9889678210;60000;9411.2836040390;2880000;;
test;8;16;100;0.8000000000;0.0393048620;119.4745385050;60000;9411.2836040390;2880000;59151;849
test;8;16;100;0.8000000000;0.0468901650;20.3538994610;10000;9411.2836040390;2880000;9721;279
train;8;16;100;0.8000000000;0.0422798190;217.3969755500;60000;9628.6805795890;2940000;;
test;8;16;100;0.8000000000;0.0462391480;117.8005018810;60000;9628.6805795890;2940000;59414;586
test;8;16;100;0.8000000000;0.0472554810;20.0799466670;10000;9628.6805795890;2940000;9764;236
train;8;16;100;0.8000000000;0.0420387030;214.1738367530;60000;9842.8544163420;3000000;;
test;8;16;100;0.8000000000;0.0459885780;112.1843697620;60000;9842.8544163420;3000000;59443;557
test;8;16;100;0.8000000000;0.0931376030;18.8467984070;10000;9842.8544163420;3000000;9756;244
train;8;16;100;0.8000000000;0.0383861950;196.1677608690;60000;10039.0221772110;3060000;;
test;8;16;100;0.8000000000;0.0450606580;109.6602579670;60000;10039.0221772110;3060000;59380;620
test;8;16;100;0.8000000000;0.0449906200;18.7805346130;10000;10039.0221772110;3060000;9750;250
train;8;16;100;0.8000000000;0.0412240720;206.2509592970;60000;10245.2731365080;3120000;;
test;8;16;100;0.8000000000;0.0399878340;119.6666902120;60000;10245.2731365080;3120000;59241;759
test;8;16;100;0.8000000000;0.0543566780;20.8125663580;10000;10245.2731365080;3120000;9725;275
train;8;16;100;0.8000000000;0.0390640380;212.4135573880;60000;10457.6866938960;3180000;;
test;8;16;100;0.8000000000;0.0428781690;121.5186215220;60000;10457.6866938960;3180000;59429;571
test;8;16;100;0.8000000000;0.0450414500;20.4158138540;10000;10457.6866938960;3180000;9752;248
train;8;16;100;0.8000000000;0.0420914110;212.6442438240;60000;10670.3309377200;3240000;;
test;8;16;100;0.8000000000;0.0410111650;121.4001906260;60000;10670.3309377200;3240000;59477;523
test;8;16;100;0.8000000000;0.0446479270;21.5491335910;10000;10670.3309377200;3240000;9757;243
train;8;16;100;0.8000000000;0.0385197300;214.0933703540;60000;10884.4243080740;3300000;;
test;8;16;100;0.8000000000;0.0484012630;121.9345622120;60000;10884.4243080740;3300000;59475;525
test;8;16;100;0.8000000000;0.0815920140;20.9245451980;10000;10884.4243080740;3300000;9755;245
train;8;16;100;0.8000000000;0.0757825940;214.5533179840;60000;11098.9776260580;3360000;;
test;8;16;100;0.8000000000;0.0466017150;122.3591081520;60000;11098.9776260580;3360000;59483;517
test;8;16;100;0.8000000000;0.0400183730;21.2122839840;10000;11098.9776260580;3360000;9758;242
train;8;16;100;0.8000000000;0.0422299450;218.2727357470;60000;11317.2503618050;3420000;;
test;8;16;100;0.8000000000;0.0392644060;113.7190316770;60000;11317.2503618050;3420000;59482;518
test;8;16;100;0.8000000000;0.0466453410;19.1142864350;10000;11317.2503618050;3420000;9747;253
train;8;16;100;0.8000000000;0.0378588830;214.7862232890;60000;11532.0365850940;3480000;;
test;8;16;100;0.8000000000;0.0430849930;122.3134534010;60000;11532.0365850940;3480000;59216;784
test;8;16;100;0.8000000000;0.0531578940;20.3396944820;10000;11532.0365850940;3480000;9712;288
train;8;16;100;0.8000000000;0.0412607800;221.0761989390;60000;11753.1127840330;3540000;;
test;8;16;100;0.8000000000;0.0406695530;119.1307187810;60000;11753.1127840330;3540000;59391;609
test;8;16;100;0.8000000000;0.0448243350;19.8950052400;10000;11753.1127840330;3540000;9749;251
train;8;16;100;0.8000000000;0.0427591720;213.6733881410;60000;11966.7861721740;3600000;;
test;8;16;100;0.8000000000;0.0489392820;108.5902836060;60000;11966.7861721740;3600000;59450;550
test;8;16;100;0.8000000000;0.0448196260;18.6300368370;10000;11966.7861721740;3600000;9749;251
train;8;16;100;0.8000000000;0.0411156600;218.9081340970;60000;12185.6943062710;3660000;;
test;8;16;100;0.8000000000;0.0474684290;120.8409830270;60000;12185.6943062710;3660000;59541;459
test;8;16;100;0.8000000000;0.0445695530;19.9461204310;10000;12185.6943062710;3660000;9759;241
train;8;16;100;0.8000000000;0.0398833780;211.0621131450;60000;12396.7564194160;3720000;;
test;8;16;100;0.8000000000;0.0475108020;122.7349583420;60000;12396.7564194160;3720000;59214;786
test;8;16;100;0.8000000000;0.0437395480;20.5974272640;10000;12396.7564194160;3720000;9741;259
train;8;16;100;0.8000000000;0.0401939080;214.0160807830;60000;12610.7725001990;3780000;;
test;8;16;100;0.8000000000;0.0445695950;120.8640876230;60000;12610.7725001990;3780000;59546;454
test;8;16;100;0.8000000000;0.0438327910;20.4455587940;10000;12610.7725001990;3780000;9763;237
train;8;16;100;0.8000000000;0.0385519370;213.4501677160;60000;12824.2226679150;3840000;;
test;8;16;100;0.8000000000;0.0431731130;118.2531503680;60000;12824.2226679150;3840000;59475;525
test;8;16;100;0.8000000000;0.0469033300;19.1266037850;10000;12824.2226679150;3840000;9751;249
train;8;16;100;0.8000000000;0.0420561600;213.9808202070;60000;13038.2034881220;3900000;;
test;8;16;100;0.8000000000;0.0451601520;120.2134582220;60000;13038.2034881220;3900000;59558;442
test;8;16;100;0.8000000000;0.0415099340;22.4020709320;10000;13038.2034881220;3900000;9767;233
train;8;16;100;0.8000000000;0.0391171210;219.5869439600;60000;13257.7904320820;3960000;;
test;8;16;100;0.8000000000;0.0463712260;118.6768806370;60000;13257.7904320820;3960000;59542;458
test;8;16;100;0.8000000000;0.0456685060;21.3403490550;10000;13257.7904320820;3960000;9750;250
train;8;16;100;0.8000000000;0.0405558920;216.2503513030;60000;13474.0407833850;4020000;;
test;8;16;100;0.8000000000;0.0472016500;114.7937909580;60000;13474.0407833850;4020000;59584;416
test;8;16;100;0.8000000000;0.0465023460;21.4641605540;10000;13474.0407833850;4020000;9763;237
train;8;16;100;0.8000000000;0.0396812200;217.5128001020;60000;13691.5535834870;4080000;;
test;8;16;100;0.8000000000;0.0416493860;118.6700677630;60000;13691.5535834870;4080000;59595;405
test;8;16;100;0.8000000000;0.0477445440;21.1904649170;10000;13691.5535834870;4080000;9777;223
train;8;16;100;0.8000000000;0.0389654600;212.3832709740;60000;13903.9368544610;4140000;;
test;8;16;100;0.8000000000;0.0471472360;119.5674083700;60000;13903.9368544610;4140000;59596;404
test;8;16;100;0.8000000000;0.0510808590;20.5149963250;10000;13903.9368544610;4140000;9766;234
train;8;16;100;0.8000000000;0.0404783970;210.3835508550;60000;14114.3204053160;4200000;;
test;8;16;100;0.8000000000;0.0452241100;119.8873484090;60000;14114.3204053160;4200000;59506;494
test;8;16;100;0.8000000000;0.0398600060;21.2815365690;10000;14114.3204053160;4200000;9763;237
train;8;16;100;0.8000000000;0.0408573800;218.6825891880;60000;14333.0029945040;4260000;;
test;8;16;100;0.8000000000;0.0428140850;123.1979649280;60000;14333.0029945040;4260000;59518;482
test;8;16;100;0.8000000000;0.0401734510;21.5119468880;10000;14333.0029945040;4260000;9760;240
train;8;16;100;0.8000000000;0.0388667130;210.2578070180;60000;14543.2608015220;4320000;;
test;8;16;100;0.8000000000;0.0458190400;110.4662856860;60000;14543.2608015220;4320000;59596;404
test;8;16;100;0.8000000000;0.0425313920;18.8905002090;10000;14543.2608015220;4320000;9770;230
train;8;16;100;0.8000000000;0.0377030140;210.8510851220;60000;14754.1118866440;4380000;;
test;8;16;100;0.8000000000;0.0412594440;122.9964413750;60000;14754.1118866440;4380000;59600;400
test;8;16;100;0.8000000000;0.0566487020;19.5355486010;10000;14754.1118866440;4380000;9767;233
train;8;16;100;0.8000000000;0.0423784370;206.2474366980;60000;14960.3593233420;4440000;;
test;8;16;100;0.8000000000;0.0429714130;120.8062985980;60000;14960.3593233420;4440000;58491;1509
test;8;16;100;0.8000000000;0.0384531480;20.1594560200;10000;14960.3593233420;4440000;9642;358
train;8;16;100;0.8000000000;0.0415290980;212.1014218970;60000;15172.4607452390;4500000;;
test;8;16;100;0.8000000000;0.0404516460;117.7324936200;60000;15172.4607452390;4500000;59217;783
test;8;16;100;0.8000000000;0.0433873950;20.0062341910;10000;15172.4607452390;4500000;9701;299
train;8;16;100;0.8000000000;0.0386971390;214.6316699750;60000;15387.0924152140;4560000;;
test;8;16;100;0.8000000000;0.0446481760;120.7163600160;60000;15387.0924152140;4560000;59480;520
test;8;16;100;0.8000000000;0.0393566080;21.9925455560;10000;15387.0924152140;4560000;9750;250
train;8;16;100;0.8000000000;0.0382113240;209.7252539400;60000;15596.8176691540;4620000;;
test;8;16;100;0.8000000000;0.0488236230;116.4499876400;60000;15596.8176691540;4620000;59422;578
test;8;16;100;0.8000000000;0.0446650490;22.0387637080;10000;15596.8176691540;4620000;9724;276
train;8;16;100;0.8000000000;0.0385219800;219.2288547650;60000;15816.0465239190;4680000;;
test;8;16;100;0.8000000000;0.0440771160;116.4329841550;60000;15816.0465239190;4680000;59652;348
test;8;16;100;0.8000000000;0.0393294860;20.2745849330;10000;15816.0465239190;4680000;9772;228
train;8;16;100;0.8000000000;0.0410441630;212.3349242960;60000;16028.3814482150;4740000;;
test;8;16;100;0.8000000000;0.0443970600;120.8608850480;60000;16028.3814482150;4740000;59601;399
test;8;16;100;0.8000000000;0.0447956260;18.9598914920;10000;16028.3814482150;4740000;9763;237
train;8;16;100;0.8000000000;0.0379913360;195.1759060100;60000;16223.5573542250;4800000;;
test;8;16;100;0.8000000000;0.0435375160;110.3464012640;60000;16223.5573542250;4800000;59169;831
test;8;16;100;0.8000000000;0.0424125210;19.0209713000;10000;16223.5573542250;4800000;9724;276
train;8;16;100;0.8000000000;0.0395975150;195.3767165500;60000;16418.9340707750;4860000;;
test;8;16;100;0.8000000000;0.0436031800;110.6059582570;60000;16418.9340707750;4860000;59572;428
test;8;16;100;0.8000000000;0.0419320010;20.9548114900;10000;16418.9340707750;4860000;9759;241
train;8;16;100;0.8000000000;0.0434063540;221.1543413920;60000;16640.0884121670;4920000;;
test;8;16;100;0.8000000000;0.0398460870;120.1703406400;60000;16640.0884121670;4920000;59517;483
test;8;16;100;0.8000000000;0.0422775690;20.0452533590;10000;16640.0884121670;4920000;9744;256
train;8;16;100;0.8000000000;0.0393322770;213.5911722770;60000;16853.6795844440;4980000;;
test;8;16;100;0.8000000000;0.0426637180;116.3137840010;60000;16853.6795844440;4980000;59648;352
test;8;16;100;0.8000000000;0.0441674030;19.8747743940;10000;16853.6795844440;4980000;9760;240
train;8;16;100;0.8000000000;0.0393504420;213.1267051310;60000;17066.8062895750;5040000;;
test;8;16;100;0.8000000000;0.0441058240;119.8381370950;60000;17066.8062895750;5040000;59576;424
test;8;16;100;0.8000000000;0.0411812000;20.8219198750;10000;17066.8062895750;5040000;9750;250
train;8;16;100;0.8000000000;0.0392401990;219.9285854020;60000;17286.7348749770;5100000;;
test;8;16;100;0.8000000000;0.0394841030;115.0850816770;60000;17286.7348749770;5100000;59547;453
test;8;16;100;0.8000000000;0.0455392210;21.6381997430;10000;17286.7348749770;5100000;9764;236
train;8;16;100;0.8000000000;0.0386375580;217.9145163880;60000;17504.6493913650;5160000;;
test;8;16;100;0.8000000000;0.0472268150;118.9679928250;60000;17504.6493913650;5160000;59693;307
test;8;16;100;0.8000000000;0.0394173160;21.6874153880;10000;17504.6493913650;5160000;9762;238
train;8;16;100;0.8000000000;0.0403445260;217.5857185680;60000;17722.2351099330;5220000;;
test;8;16;100;0.8000000000;0.0438440010;119.4350071940;60000;17722.2351099330;5220000;59477;523
test;8;16;100;0.8000000000;0.0455237630;21.5635644320;10000;17722.2351099330;5220000;9744;256
train;8;16;100;0.8000000000;0.0399505010;211.0217039580;60000;17933.2568138910;5280000;;
test;8;16;100;0.8000000000;0.0451466540;111.6909904300;60000;17933.2568138910;5280000;59351;649
test;8;16;100;0.8000000000;0.0478947040;21.5250096620;10000;17933.2568138910;5280000;9735;265
train;8;16;100;0.8000000000;0.0430949080;213.9083820970;60000;18147.1651959880;5340000;;
test;8;16;100;0.8000000000;0.0442195700;115.1482078080;60000;18147.1651959880;5340000;59697;303
test;8;16;100;0.8000000000;0.0630944300;18.8538354410;10000;18147.1651959880;5340000;9767;233
train;8;16;100;0.8000000000;0.0420835350;193.2959096830;60000;18340.4611056710;5400000;;
test;8;16;100;0.8000000000;0.0484970950;108.6472439650;60000;18340.4611056710;5400000;59419;581
test;8;16;100;0.8000000000;0.0415451820;19.1264023350;10000;18340.4611056710;5400000;9729;271
train;8;16;100;0.8000000000;0.0417908400;188.2733689430;60000;18528.7344746140;5460000;;
test;8;16;100;0.8000000000;0.0400357460;111.9927713240;60000;18528.7344746140;5460000;59574;426
test;8;16;100;0.8000000000;0.0325029440;19.7031274370;10000;18528.7344746140;5460000;9762;238
train;8;16;100;0.8000000000;0.0326884370;185.4617211520;60000;18714.1961957660;5520000;;
test;8;16;100;0.8000000000;0.0347891810;108.5304202940;60000;18714.1961957660;5520000;59606;394
test;8;16;100;0.8000000000;0.0389750430;18.0271180640;10000;18714.1961957660;5520000;9743;257
train;8;16;100;0.8000000000;0.0322299560;187.8618697830;60000;18902.0580655490;5580000;;
test;8;16;100;0.8000000000;0.0425093500;107.5456057530;60000;18902.0580655490;5580000;59664;336
test;8;16;100;0.8000000000;0.1068847660;18.7472904540;10000;18902.0580655490;5580000;9767;233
train;8;16;100;0.8000000000;0.0357616800;187.8180671560;60000;19089.8761327050;5640000;;
test;8;16;100;0.8000000000;0.0330771290;111.7128305810;60000;19089.8761327050;5640000;59721;279
test;8;16;100;0.8000000000;0.0359643390;19.9601230400;10000;19089.8761327050;5640000;9763;237
train;8;16;100;0.8000000000;0.0360482510;193.0291917470;60000;19282.9053244520;5700000;;
test;8;16;100;0.8000000000;0.0423034000;112.0079028860;60000;19282.9053244520;5700000;59615;385
test;8;16;100;0.8000000000;0.0584344190;19.5824819270;10000;19282.9053244520;5700000;9763;237
train;8;16;100;0.8000000000;0.0328391390;189.9169389570;60000;19472.8222634090;5760000;;
test;8;16;100;0.8000000000;0.0414693530;109.8282371990;60000;19472.8222634090;5760000;59675;325
test;8;16;100;0.8000000000;0.1371158470;19.9515164470;10000;19472.8222634090;5760000;9756;244
train;8;16;100;0.8000000000;0.0366873090;188.4107659100;60000;19661.2330293190;5820000;;
test;8;16;100;0.8000000000;0.0331261690;104.7483929190;60000;19661.2330293190;5820000;59708;292
test;8;16;100;0.8000000000;0.0515406310;18.3047792370;10000;19661.2330293190;5820000;9766;234
train;8;16;100;0.8000000000;0.0371977030;188.1034309130;60000;19849.3364602320;5880000;;
test;8;16;100;0.8000000000;0.0340030870;115.7831748880;60000;19849.3364602320;5880000;59453;547
test;8;16;100;0.8000000000;0.0344046950;18.6102321850;10000;19849.3364602320;5880000;9739;261
train;8;16;100;0.8000000000;0.0329356350;181.8477766280;60000;20031.1842368600;5940000;;
test;8;16;100;0.8000000000;0.0435230560;106.7215170090;60000;20031.1842368600;5940000;59662;338
test;8;16;100;0.8000000000;0.0402660710;17.1224158520;10000;20031.1842368600;5940000;9756;244
train;8;16;100;0.8000000000;0.0319053880;191.1827493660;60000;20222.3669862260;6000000;;
test;8;16;100;0.8000000000;0.0393546520;108.4545499900;60000;20222.3669862260;6000000;59620;380
test;8;16;100;0.8000000000;0.0351162470;17.5951400620;10000;20222.3669862260;6000000;9737;263
