Mode;CPUs;Parallel;WorkerBatch;LearningRate;WorkerSetupTime;EpochElapsedTime;EpochLines;TotalElapsedTime;TotalLines;Correct;Incorrect
train;8;1;100;0.8000000000;0.0066635490;1039.9758512810;60000;1039.9758512810;60000;;
test;8;1;100;0.8000000000;0.0037442150;425.0859811470;60000;1039.9758512810;60000;55946;4054
test;8;1;100;0.8000000000;0.0115291730;68.1364584180;10000;1039.9758512810;60000;9307;693
train;8;1;100;0.8000000000;0.0037406320;966.5250270180;60000;2006.5008782990;120000;;
test;8;1;100;0.8000000000;0.0083057710;465.9943239950;60000;2006.5008782990;120000;57129;2871
test;8;1;100;0.8000000000;0.0173420100;78.9848806350;10000;2006.5008782990;120000;9483;517
train;8;1;100;0.8000000000;0.0095525920;1260.6068757390;60000;3267.1077540380;180000;;
test;8;1;100;0.8000000000;0.0159202770;369.5901111860;60000;3267.1077540380;180000;57804;2196
test;8;1;100;0.8000000000;0.0083387280;68.2433889250;10000;3267.1077540380;180000;9558;442
train;8;1;100;0.8000000000;0.0037660900;1054.5166011720;60000;4321.6243552100;240000;;
test;8;1;100;0.8000000000;0.0065813850;405.6063423190;60000;4321.6243552100;240000;58234;1766
test;8;1;100;0.8000000000;0.0105022180;67.8966543670;10000;4321.6243552100;240000;9637;363
train;8;1;100;0.8000000000;0.0040084110;1050.3264022380;60000;5371.9507574480;300000;;
test;8;1;100;0.8000000000;0.0040409520;521.9988468760;60000;5371.9507574480;300000;58563;1437
test;8;1;100;0.8000000000;0.0134832990;64.7400481450;10000;5371.9507574480;300000;9688;312
train;8;1;100;0.8000000000;0.0037625050;1007.9351287030;60000;6379.8858861510;360000;;
test;8;1;100;0.8000000000;0.0057190480;461.4967268740;60000;6379.8858861510;360000;58698;1302
test;8;1;100;0.8000000000;0.0171628070;72.5997278030;10000;6379.8858861510;360000;9699;301
train;8;1;100;0.8000000000;0.0051714460;1080.0074083910;60000;7459.8932945420;420000;;
test;8;1;100;0.8000000000;0.0074955970;448.3814968860;60000;7459.8932945420;420000;58847;1153
test;8;1;100;0.8000000000;0.0164652560;66.4550219350;10000;7459.8932945420;420000;9702;298
train;8;1;100;0.8000000000;0.0038784590;987.4217593180;60000;8447.3150538600;480000;;
test;8;1;100;0.8000000000;0.0072403580;419.2083951340;60000;8447.3150538600;480000;59053;947
test;8;1;100;0.8000000000;0.0121456480;69.2696211570;10000;8447.3150538600;480000;9727;273
train;8;1;100;0.8000000000;0.0087701680;985.9034534660;60000;9433.2185073260;540000;;
test;8;1;100;0.8000000000;0.0084730120;420.6558487570;60000;9433.2185073260;540000;58988;1012
test;8;1;100;0.8000000000;0.0040051630;66.1990262560;10000;9433.2185073260;540000;9699;301
train;8;1;100;0.8000000000;0.0050982830;1026.3343348450;60000;10459.5528421710;600000;;
test;8;1;100;0.8000000000;0.0052405680;386.7083271030;60000;10459.5528421710;600000;59157;843
test;8;1;100;0.8000000000;0.0037181750;70.9734376680;10000;10459.5528421710;600000;9715;285
train;8;1;100;0.8000000000;0.0088362470;1003.0921626110;60000;11462.6450047820;660000;;
test;8;1;100;0.8000000000;0.0047520460;422.6258195520;60000;11462.6450047820;660000;59272;728
test;8;1;100;0.8000000000;0.0153798020;64.5482501760;10000;11462.6450047820;660000;9740;260
train;8;1;100;0.8000000000;0.0038232940;1077.2219902910;60000;12539.8669950730;720000;;
test;8;1;100;0.8000000000;0.0037325910;435.2030685480;60000;12539.8669950730;720000;59265;735
test;8;1;100;0.8000000000;0.0137621190;72.4898941160;10000;12539.8669950730;720000;9724;276
train;8;1;100;0.8000000000;0.0067966670;989.7860727030;60000;13529.6530677760;780000;;
test;8;1;100;0.8000000000;0.0060979060;427.0925146040;60000;13529.6530677760;780000;59384;616
test;8;1;100;0.8000000000;0.0126523350;61.7704294740;10000;13529.6530677760;780000;9736;264
train;8;1;100;0.8000000000;0.0072197340;1037.5653634550;60000;14567.2184312310;840000;;
test;8;1;100;0.8000000000;0.0045619710;405.1588908750;60000;14567.2184312310;840000;59378;622
test;8;1;100;0.8000000000;0.0119498640;67.7476220240;10000;14567.2184312310;840000;9735;265
train;8;1;100;0.8000000000;0.0068196670;1041.3035746570;60000;15608.5220058880;900000;;
test;8;1;100;0.8000000000;0.0043800210;440.7523343670;60000;15608.5220058880;900000;59418;582
test;8;1;100;0.8000000000;0.0039045410;69.8370425640;10000;15608.5220058880;900000;9737;263
train;8;1;100;0.8000000000;0.0060402410;1069.1411143900;60000;16677.6631202780;960000;;
test;8;1;100;0.8000000000;0.0098449550;401.2520816010;60000;16677.6631202780;960000;59497;503
test;8;1;100;0.8000000000;0.0217026980;105.3336809060;10000;16677.6631202780;960000;9762;238
train;8;1;100;0.8000000000;0.0070139920;1165.0155813890;60000;17842.6787016670;1020000;;
test;8;1;100;0.8000000000;0.0058110440;556.4303283760;60000;17842.6787016670;1020000;59450;550
test;8;1;100;0.8000000000;0.0087136690;67.4868698820;10000;17842.6787016670;1020000;9755;245
train;8;1;100;0.8000000000;0.0094714290;1014.9876231060;60000;18857.6663247730;1080000;;
test;8;1;100;0.8000000000;0.0040912000;424.9957714130;60000;18857.6663247730;1080000;59541;459
test;8;1;100;0.8000000000;0.0192094710;75.2945831410;10000;18857.6663247730;1080000;9750;250
train;8;1;100;0.8000000000;0.0039747470;967.0165033850;60000;19824.6828281580;1140000;;
test;8;1;100;0.8000000000;0.0093056850;442.6813878360;60000;19824.6828281580;1140000;59532;468
test;8;1;100;0.8000000000;0.0041474070;76.2964837690;10000;19824.6828281580;1140000;9739;261
train;8;1;100;0.8000000000;0.0034537690;856.5676084910;60000;20681.2504366490;1200000;;
test;8;1;100;0.8000000000;0.0129198630;395.9509185260;60000;20681.2504366490;1200000;59566;434
test;8;1;100;0.8000000000;0.0128868250;66.1573076540;10000;20681.2504366490;1200000;9739;261
train;8;1;100;0.8000000000;0.0040034550;930.4172578910;60000;21611.6676945400;1260000;;
test;8;1;100;0.8000000000;0.0038031720;424.9498627940;60000;21611.6676945400;1260000;59634;366
test;8;1;100;0.8000000000;0.0040002460;66.6241209650;10000;21611.6676945400;1260000;9753;247
train;8;1;100;0.8000000000;0.0058789160;921.5620316560;60000;22533.2297261960;1320000;;
test;8;1;100;0.8000000000;0.0035979710;392.9757455540;60000;22533.2297261960;1320000;59537;463
test;8;1;100;0.8000000000;0.0132040600;72.3534712800;10000;22533.2297261960;1320000;9740;260
train;8;1;100;0.8000000000;0.0046980080;928.7558951760;60000;23461.9856213720;1380000;;
test;8;1;100;0.8000000000;0.0039134570;435.0101366470;60000;23461.9856213720;1380000;59607;393
test;8;1;100;0.8000000000;0.0058887480;64.2080630820;10000;23461.9856213720;1380000;9741;259
train;8;1;100;0.8000000000;0.0108530780;879.1710338190;60000;24341.1566551910;1440000;;
test;8;1;100;0.8000000000;0.0038945430;404.1819194330;60000;24341.1566551910;1440000;59716;284
test;8;1;100;0.8000000000;0.0068248750;66.5497245980;10000;24341.1566551910;1440000;9764;236
train;8;1;100;0.8000000000;0.0126075030;919.7819950570;60000;25260.9386502480;1500000;;
test;8;1;100;0.8000000000;0.0041715300;395.4552664130;60000;25260.9386502480;1500000;59691;309
test;8;1;100;0.8000000000;0.0228518990;73.9412277650;10000;25260.9386502480;1500000;9736;264
train;8;1;100;0.8000000000;0.0102204380;902.5411597890;60000;26163.4798100370;1560000;;
test;8;1;100;0.8000000000;0.0037520890;422.5705199830;60000;26163.4798100370;1560000;59721;279
test;8;1;100;0.8000000000;0.0084567630;61.2279975650;10000;26163.4798100370;1560000;9745;255
train;8;1;100;0.8000000000;0.0137664540;922.2514458170;60000;27085.7312558540;1620000;;
test;8;1;100;0.8000000000;0.0038428350;396.2503075720;60000;27085.7312558540;1620000;59596;404
test;8;1;100;0.8000000000;0.0035959710;58.8036563320;10000;27085.7312558540;1620000;9736;264
train;8;1;100;0.8000000000;0.0035683470;1028.3820351640;60000;28114.1132910180;1680000;;
test;8;1;100;0.8000000000;0.0060387420;445.4606822140;60000;28114.1132910180;1680000;59751;249
test;8;1;100;0.8000000000;0.0203435070;60.2210006520;10000;28114.1132910180;1680000;9738;262
train;8;1;100;0.8000000000;0.0076539230;1205.9288893070;60000;29320.0421803250;1740000;;
test;8;1;100;0.8000000000;0.0041479490;397.9623245010;60000;29320.0421803250;1740000;59659;341
test;8;1;100;0.8000000000;0.0237871920;72.7125702690;10000;29320.0421803250;1740000;9735;265
train;8;1;100;0.8000000000;0.0081454440;963.5425519810;60000;30283.5847323060;1800000;;
test;8;1;100;0.8000000000;0.0132073100;416.4388077580;60000;30283.5847323060;1800000;59689;311
test;8;1;100;0.8000000000;0.0073824340;74.9945233340;10000;30283.5847323060;1800000;9735;265
train;8;1;100;0.8000000000;0.0285097410;1003.8383763650;60000;31287.4231086710;1860000;;
test;8;1;100;0.8000000000;0.0062286100;425.3088237750;60000;31287.4231086710;1860000;59759;241
test;8;1;100;0.8000000000;0.0039151660;80.9642906750;10000;31287.4231086710;1860000;9754;246
train;8;1;100;0.8000000000;0.0039399980;945.1368987110;60000;32232.5600073820;1920000;;
test;8;1;100;0.8000000000;0.0037237160;466.5129569180;60000;32232.5600073820;1920000;59707;293
test;8;1;100;0.8000000000;0.0265968210;70.9519652530;10000;32232.5600073820;1920000;9744;256
train;8;1;100;0.8000000000;0.0126660000;1164.7593906010;60000;33397.3193979830;1980000;;
test;8;1;100;0.8000000000;0.0116911670;473.3632959130;60000;33397.3193979830;1980000;59688;312
test;8;1;100;0.8000000000;0.0118908240;66.7853977320;10000;33397.3193979830;1980000;9731;269
train;8;1;100;0.8000000000;0.0053854370;1004.6129362760;60000;34401.9323342590;2040000;;
test;8;1;100;0.8000000000;0.0040212460;493.4155702080;60000;34401.9323342590;2040000;59793;207
test;8;1;100;0.8000000000;0.0099520330;68.1706669120;10000;34401.9323342590;2040000;9764;236
train;8;1;100;0.8000000000;0.0038857920;1062.1355845600;60000;35464.0679188190;2100000;;
test;8;1;100;0.8000000000;0.0051701120;411.4005357360;60000;35464.0679188190;2100000;59782;218
test;8;1;100;0.8000000000;0.0187899450;60.5077673450;10000;35464.0679188190;2100000;9756;244
train;8;1;100;0.8000000000;0.0037501310;1032.7967936160;60000;36496.8647124350;2160000;;
test;8;1;100;0.8000000000;0.0093173940;390.6461301070;60000;36496.8647124350;2160000;59797;203
test;8;1;100;0.8000000000;0.0142221000;84.6747814410;10000;36496.8647124350;2160000;9763;237
train;8;1;100;0.8000000000;0.0069801190;986.6252648150;60000;37483.4899772500;2220000;;
test;8;1;100;0.8000000000;0.0111028180;483.3603688960;60000;37483.4899772500;2220000;59832;168
test;8;1;100;0.8000000000;0.0212424670;72.2820598790;10000;37483.4899772500;2220000;9758;242
train;8;1;100;0.8000000000;0.0117448320;1003.3122233350;60000;38486.8022005850;2280000;;
test;8;1;100;0.8000000000;0.0083041450;433.4986810360;60000;38486.8022005850;2280000;59735;265
test;8;1;100;0.8000000000;0.0040019960;74.8767393660;10000;38486.8022005850;2280000;9741;259
train;8;1;100;0.8000000000;0.0108705760;1030.6453035970;60000;39517.4475041820;2340000;;
test;8;1;100;0.8000000000;0.0057762530;455.0488389220;60000;39517.4475041820;2340000;59840;160
test;8;1;100;0.8000000000;0.0077727930;74.6691588640;10000;39517.4475041820;2340000;9769;231
train;8;1;100;0.8000000000;0.0079081620;956.6894250650;60000;40474.1369292470;2400000;;
test;8;1;100;0.8000000000;0.0047595050;456.3417203680;60000;40474.1369292470;2400000;59848;152
test;8;1;100;0.8000000000;0.0130866910;81.6650710110;10000;40474.1369292470;2400000;9756;244
train;8;1;100;0.8000000000;0.0084949280;1036.6267855180;60000;41510.7637147650;2460000;;
test;8;1;100;0.8000000000;0.0112288110;403.4767563650;60000;41510.7637147650;2460000;59835;165
test;8;1;100;0.8000000000;0.0038441690;71.4255022730;10000;41510.7637147650;2460000;9749;251
train;8;1;100;0.8000000000;0.0076125910;1066.7427084540;60000;42577.5064232190;2520000;;
test;8;1;100;0.8000000000;0.0038965000;416.6649826390;60000;42577.5064232190;2520000;59623;377
test;8;1;100;0.8000000000;0.0103141850;67.8031961570;10000;42577.5064232190;2520000;9713;287
train;8;1;100;0.8000000000;0.0045830960;997.9327907230;60000;43575.4392139420;2580000;;
test;8;1;100;0.8000000000;0.0076735460;443.8696084960;60000;43575.4392139420;2580000;59783;217
test;8;1;100;0.8000000000;0.0387466350;70.6572218630;10000;43575.4392139420;2580000;9748;252
train;8;1;100;0.8000000000;0.0040967420;1028.2245316490;60000;44603.6637455910;2640000;;
test;8;1;100;0.8000000000;0.0038511270;430.9520708740;60000;44603.6637455910;2640000;59817;183
test;8;1;100;0.8000000000;0.0074237660;72.7284577140;10000;44603.6637455910;2640000;9750;250
train;8;1;100;0.8000000000;0.0082694380;985.1946005900;60000;45588.8583461810;2700000;;
test;8;1;100;0.8000000000;0.0107459990;423.7886171610;60000;45588.8583461810;2700000;59807;193
test;8;1;100;0.8000000000;0.0104507610;76.1115411490;10000;45588.8583461810;2700000;9764;236
train;8;1;100;0.8000000000;0.0040014120;1015.4733833390;60000;46604.3317295200;2760000;;
test;8;1;100;0.8000000000;0.0039652890;378.8084187210;60000;46604.3317295200;2760000;59861;139
test;8;1;100;0.8000000000;0.0039819960;97.4490436890;10000;46604.3317295200;2760000;9752;248
train;8;1;100;0.8000000000;0.0039783300;997.5464882740;60000;47601.8782177940;2820000;;
test;8;1;100;0.8000000000;0.0078547060;428.6157198920;60000;47601.8782177940;2820000;59850;150
test;8;1;100;0.8000000000;0.0105398830;82.9032769720;10000;47601.8782177940;2820000;9755;245
train;8;1;100;0.8000000000;0.0047286730;1006.9827585930;60000;48608.8609763870;2880000;;
test;8;1;100;0.8000000000;0.0037724220;438.4832543440;60000;48608.8609763870;2880000;59725;275
test;8;1;100;0.8000000000;0.0147237040;93.1431129570;10000;48608.8609763870;2880000;9734;266
train;8;1;100;0.8000000000;0.0066975050;1035.1815784540;60000;49644.0425548410;2940000;;
test;8;1;100;0.8000000000;0.0088099570;431.5308945420;60000;49644.0425548410;2940000;59766;234
test;8;1;100;0.8000000000;0.0113911800;115.4640122250;10000;49644.0425548410;2940000;9748;252
train;8;1;100;0.8000000000;0.0047810050;1040.5452716860;60000;50684.5878265270;3000000;;
test;8;1;100;0.8000000000;0.0114813440;443.4742246720;60000;50684.5878265270;3000000;59436;564
test;8;1;100;0.8000000000;0.0048360020;104.6688279450;10000;50684.5878265270;3000000;9711;289
train;8;1;100;0.8000000000;0.0116360030;1012.7485531380;60000;51697.3363796650;3060000;;
test;8;1;100;0.8000000000;0.0044967250;445.3767259110;60000;51697.3363796650;3060000;59737;263
test;8;1;100;0.8000000000;0.0130591090;95.0877958850;10000;51697.3363796650;3060000;9749;251
train;8;1;100;0.8000000000;0.0059346210;994.9604941310;60000;52692.2968737960;3120000;;
test;8;1;100;0.8000000000;0.0060885730;405.6061548090;60000;52692.2968737960;3120000;59866;134
test;8;1;100;0.8000000000;0.0069592870;74.7747430990;10000;52692.2968737960;3120000;9765;235
train;8;1;100;0.8000000000;0.0124465930;961.6733416840;60000;53653.9702154800;3180000;;
test;8;1;100;0.8000000000;0.0038115040;410.5269748980;60000;53653.9702154800;3180000;59827;173
test;8;1;100;0.8000000000;0.0059751610;86.8169330550;10000;53653.9702154800;3180000;9761;239
train;8;1;100;0.8000000000;0.0040629510;936.0883135760;60000;54590.0585290560;3240000;;
test;8;1;100;0.8000000000;0.0037429230;504.1505130150;60000;54590.0585290560;3240000;59845;155
test;8;1;100;0.8000000000;0.0103403080;124.2409008520;10000;54590.0585290560;3240000;9747;253
train;8;1;100;0.8000000000;0.0049237470;1192.0817166070;60000;55782.1402456630;3300000;;
test;8;1;100;0.8000000000;0.0037567980;429.9734141930;60000;55782.1402456630;3300000;59822;178
test;8;1;100;0.8000000000;0.0092968520;73.4679737420;10000;55782.1402456630;3300000;9730;270
train;8;1;100;0.8000000000;0.0047114660;962.7061399440;60000;56744.8463856070;3360000;;
test;8;1;100;0.8000000000;0.0045339720;431.5567821790;60000;56744.8463856070;3360000;59630;370
test;8;1;100;0.8000000000;0.0093970140;79.2227756410;10000;56744.8463856070;3360000;9725;275
train;8;1;100;0.8000000000;0.0049292490;989.2188205580;60000;57734.0652061650;3420000;;
test;8;1;100;0.8000000000;0.0154377970;432.6641461100;60000;57734.0652061650;3420000;59854;146
test;8;1;100;0.8000000000;0.0131474800;82.2802675190;10000;57734.0652061650;3420000;9755;245
train;8;1;100;0.8000000000;0.0039074580;993.6009284930;60000;58727.6661346580;3480000;;
test;8;1;100;0.8000000000;0.0062479830;423.0033657630;60000;58727.6661346580;3480000;59848;152
test;8;1;100;0.8000000000;0.0106226710;66.1706139750;10000;58727.6661346580;3480000;9754;246
train;8;1;100;0.8000000000;0.0084563050;988.0022459710;60000;59715.6683806290;3540000;;
test;8;1;100;0.8000000000;0.0103033520;457.6821972250;60000;59715.6683806290;3540000;59851;149
test;8;1;100;0.8000000000;0.0159736500;76.5691308760;10000;59715.6683806290;3540000;9759;241
train;8;1;100;0.8000000000;0.0074338500;1033.4116378930;60000;60749.0800185220;3600000;;
test;8;1;100;0.8000000000;0.0045023080;430.0818116420;60000;60749.0800185220;3600000;59849;151
test;8;1;100;0.8000000000;0.0075385950;85.8764607100;10000;60749.0800185220;3600000;9749;251
train;8;1;100;0.8000000000;0.0059114140;1031.5990435470;60000;61780.6790620690;3660000;;
test;8;1;100;0.8000000000;0.0045445140;475.8521761780;60000;61780.6790620690;3660000;59797;203
test;8;1;100;0.8000000000;0.0145675440;76.1014647360;10000;61780.6790620690;3660000;9739;261
train;8;1;100;0.8000000000;0.0106182130;1257.5017481090;60000;63038.1808101780;3720000;;
test;8;1;100;0.8000000000;0.0129149070;465.5658887030;60000;63038.1808101780;3720000;59822;178
test;8;1;100;0.8000000000;0.0130967740;76.6573554010;10000;63038.1808101780;3720000;9742;258
train;8;1;100;0.8000000000;0.0084193480;1267.3411230770;60000;64305.5219332550;3780000;;
test;8;1;100;0.8000000000;0.0038264210;413.6565546520;60000;64305.5219332550;3780000;59696;304
test;8;1;100;0.8000000000;0.0062550660;78.9684760430;10000;64305.5219332550;3780000;9734;266
train;8;1;100;0.8000000000;0.2286559790;1038.8136669820;60000;65344.3356002370;3840000;;
test;8;1;100;0.8000000000;0.0038691690;449.6571984630;60000;65344.3356002370;3840000;59816;184
test;8;1;100;0.8000000000;0.0125863800;91.4645711460;10000;65344.3356002370;3840000;9754;246
train;8;1;100;0.8000000000;0.0045888050;983.4381011100;60000;66327.7737013470;3900000;;
test;8;1;100;0.8000000000;0.0081364440;430.7335788410;60000;66327.7737013470;3900000;59807;193
test;8;1;100;0.8000000000;0.0106723360;64.7453968270;10000;66327.7737013470;3900000;9741;259
train;8;1;100;0.8000000000;0.0049127900;1008.4158274450;60000;67336.1895287920;3960000;;
test;8;1;100;0.8000000000;0.0046016370;390.2158758200;60000;67336.1895287920;3960000;59755;245
test;8;1;100;0.8000000000;0.0044143530;100.0876754350;10000;67336.1895287920;3960000;9735;265
train;8;1;100;0.8000000000;0.0036741760;1114.8826428210;60000;68451.0721716130;4020000;;
test;8;1;100;0.8000000000;0.0082969370;445.4491442570;60000;68451.0721716130;4020000;59596;404
test;8;1;100;0.8000000000;0.0037445890;73.3465854330;10000;68451.0721716130;4020000;9709;291
train;8;1;100;0.8000000000;0.0088639550;986.7911597550;60000;69437.8633313680;4080000;;
test;8;1;100;0.8000000000;0.0091064870;418.4268840820;60000;69437.8633313680;4080000;59745;255
test;8;1;100;0.8000000000;0.0083385600;124.3145002130;10000;69437.8633313680;4080000;9745;255
train;8;1;100;0.8000000000;0.0036081370;1096.4244975070;60000;70534.2878288750;4140000;;
test;8;1;100;0.8000000000;0.0115853810;388.5527023180;60000;70534.2878288750;4140000;59676;324
test;8;1;100;0.8000000000;0.0046227610;107.2071588020;10000;70534.2878288750;4140000;9731;269
train;8;1;100;0.8000000000;0.0049284150;1016.4397259790;60000;71550.7275548540;4200000;;
test;8;1;100;0.8000000000;0.0037678390;437.4557229710;60000;71550.7275548540;4200000;59846;154
test;8;1;100;0.8000000000;0.0064041840;114.7520732740;10000;71550.7275548540;4200000;9743;257
train;8;1;100;0.8000000000;0.0047006330;1058.5751273930;60000;72609.3026822470;4260000;;
test;8;1;100;0.8000000000;0.0037302580;497.1797911900;60000;72609.3026822470;4260000;59898;102
test;8;1;100;0.8000000000;0.0141526030;101.1363097790;10000;72609.3026822470;4260000;9766;234
train;8;1;100;0.8000000000;0.0038914590;961.9844888660;60000;73571.2871711130;4320000;;
test;8;1;100;0.8000000000;0.0037224240;401.7081252000;60000;73571.2871711130;4320000;59807;193
test;8;1;100;0.8000000000;0.0079512440;66.8887843590;10000;73571.2871711130;4320000;9756;244
train;8;1;100;0.8000000000;0.0039824130;901.9893313330;60000;74473.2765024460;4380000;;
test;8;1;100;0.8000000000;0.0073191450;437.0239924980;60000;74473.2765024460;4380000;59275;725
test;8;1;100;0.8000000000;0.0103917650;84.9321333950;10000;74473.2765024460;4380000;9664;336
train;8;1;100;0.8000000000;0.0040058700;885.1937521470;60000;75358.4702545930;4440000;;
test;8;1;100;0.8000000000;0.0068732060;406.9291610690;60000;75358.4702545930;4440000;59872;128
test;8;1;100;0.8000000000;0.0039549970;63.5922973260;10000;75358.4702545930;4440000;9765;235
train;8;1;100;0.8000000000;0.0079236610;967.0444044590;60000;76325.5146590520;4500000;;
test;8;1;100;0.8000000000;0.0059933280;371.9100699240;60000;76325.5146590520;4500000;59864;136
test;8;1;100;0.8000000000;0.0228886900;97.7686189120;10000;76325.5146590520;4500000;9742;258
train;8;1;100;0.8000000000;0.0086158400;898.2794977250;60000;77223.7941567770;4560000;;
test;8;1;100;0.8000000000;0.0040140370;699.9792085250;60000;77223.7941567770;4560000;59890;110
test;8;1;100;0.8000000000;0.0094976780;60.6952445040;10000;77223.7941567770;4560000;9779;221
train;8;1;100;0.8000000000;0.0078092080;876.9420654540;60000;78100.7362222310;4620000;;
test;8;1;100;0.8000000000;0.0036526350;463.4512884610;60000;78100.7362222310;4620000;59812;188
test;8;1;100;0.8000000000;0.0199962710;62.8800907970;10000;78100.7362222310;4620000;9745;255
train;8;1;100;0.8000000000;0.0086925870;885.3166449820;60000;78986.0528672130;4680000;;
test;8;1;100;0.8000000000;0.0040122460;392.6590039930;60000;78986.0528672130;4680000;59887;113
test;8;1;100;0.8000000000;0.0082028570;72.1988600100;10000;78986.0528672130;4680000;9762;238
train;8;1;100;0.8000000000;0.0036152200;884.8814677870;60000;79870.9343350000;4740000;;
test;8;1;100;0.8000000000;0.0073699770;380.2130650440;60000;79870.9343350000;4740000;59824;176
test;8;1;100;0.8000000000;0.0124557580;75.1046247100;10000;79870.9343350000;4740000;9750;250
train;8;1;100;0.8000000000;0.0071981090;1196.5476222470;60000;81067.4819572470;4800000;;
test;8;1;100;0.8000000000;0.0099872820;427.0445378770;60000;81067.4819572470;4800000;59852;148
test;8;1;100;0.8000000000;0.0150040660;68.4521339650;10000;81067.4819572470;4800000;9755;245
train;8;1;100;0.8000000000;0.0082971040;884.3770230190;60000;81951.8589802660;4860000;;
test;8;1;100;0.8000000000;0.0051909860;368.9381744570;60000;81951.8589802660;4860000;59788;212
test;8;1;100;0.8000000000;0.0036876340;117.0993153040;10000;81951.8589802660;4860000;9752;248
train;8;1;100;0.8000000000;0.0039884120;930.2165560350;60000;82882.0755363010;4920000;;
test;8;1;100;0.8000000000;0.0039016250;423.8804416090;60000;82882.0755363010;4920000;59782;218
test;8;1;100;0.8000000000;0.0083799750;62.0106613310;10000;82882.0755363010;4920000;9741;259
train;8;1;100;0.8000000000;0.0134046770;932.2272605840;60000;83814.3027968850;4980000;;
test;8;1;100;0.8000000000;0.0036533030;400.1358481500;60000;83814.3027968850;4980000;59680;320
test;8;1;100;0.8000000000;0.0086756300;66.6085947890;10000;83814.3027968850;4980000;9732;268
train;8;1;100;0.8000000000;0.0040641180;990.5817239930;60000;84804.8845208780;5040000;;
test;8;1;100;0.8000000000;0.0090815700;411.4978038190;60000;84804.8845208780;5040000;59873;127
test;8;1;100;0.8000000000;0.0039114570;70.2540828710;10000;84804.8845208780;5040000;9773;227
train;8;1;100;0.8000000000;0.0036530100;868.9793409170;60000;85673.8638617950;5100000;;
test;8;1;100;0.8000000000;0.0087797500;411.2931847820;60000;85673.8638617950;5100000;59600;400
test;8;1;100;0.8000000000;0.0107996650;67.5128344840;10000;85673.8638617950;5100000;9711;289
train;8;1;100;0.8000000000;0.0141822690;892.3122244750;60000;86566.1760862700;5160000;;
test;8;1;100;0.8000000000;0.0036226360;398.1025005080;60000;86566.1760862700;5160000;59907;93
test;8;1;100;0.8000000000;0.0039062080;121.6571092770;10000;86566.1760862700;5160000;9749;251
train;8;1;100;0.8000000000;0.0037220910;1082.6068062980;60000;87648.7828925680;5220000;;
test;8;1;100;0.8000000000;0.0035678060;409.1847878600;60000;87648.7828925680;5220000;59916;84
test;8;1;100;0.8000000000;0.0107295000;102.9629264220;10000;87648.7828925680;5220000;9771;229
train;8;1;100;0.8000000000;0.0040298690;888.3279308400;60000;88537.1108234080;5280000;;
test;8;1;100;0.8000000000;0.0048602510;407.0466545580;60000;88537.1108234080;5280000;59922;78
test;8;1;100;0.8000000000;0.0104899680;121.1298724360;10000;88537.1108234080;5280000;9765;235
train;8;1;100;0.8000000000;0.0038692520;1083.7654049490;60000;89620.8762283570;5340000;;
test;8;1;100;0.8000000000;0.0039008330;409.3643034990;60000;89620.8762283570;5340000;59923;77
test;8;1;100;0.8000000000;0.0106662530;90.9789463580;10000;89620.8762283570;5340000;9763;237
train;8;1;100;0.8000000000;0.0120974820;985.8399510500;60000;90606.7161794070;5400000;;
test;8;1;100;0.8000000000;0.0083511850;443.0348805910;60000;90606.7161794070;5400000;59924;76
test;8;1;100;0.8000000000;0.0059156630;114.1036433960;10000;90606.7161794070;5400000;9774;226
train;8;1;100;0.8000000000;0.0036984250;1074.8780569800;60000;91681.5942363870;5460000;;
test;8;1;100;0.8000000000;0.0057292140;523.5144683430;60000;91681.5942363870;5460000;59926;74
test;8;1;100;0.8000000000;0.0168548630;67.2060478850;10000;91681.5942363870;5460000;9760;240
train;8;1;100;0.8000000000;0.0128329090;1271.7340232170;60000;92953.3282596040;5520000;;
test;8;1;100;0.8000000000;0.0049731210;488.9196206830;60000;92953.3282596040;5520000;59926;74
test;8;1;100;0.8000000000;0.0132634340;67.1563353050;10000;92953.3282596040;5520000;9768;232
train;8;1;100;0.8000000000;0.0103545570;1255.1395491720;60000;94208.4678087760;5580000;;
test;8;1;100;0.8000000000;0.0058934150;450.3684626180;60000;94208.4678087760;5580000;59921;79
test;8;1;100;0.8000000000;0.0163147200;70.2293750990;10000;94208.4678087760;5580000;9760;240
train;8;1;100;0.8000000000;0.0056529260;977.2637539670;60000;95185.7315627430;5640000;;
test;8;1;100;0.8000000000;0.0091924400;444.8078066120;60000;95185.7315627430;5640000;59926;74
test;8;1;100;0.8000000000;0.0132353920;85.5868388390;10000;95185.7315627430;5640000;9761;239
train;8;1;100;0.8000000000;0.0110034050;1046.1738540700;60000;96231.9054168130;5700000;;
test;8;1;100;0.8000000000;0.0036376360;427.9932230050;60000;96231.9054168130;5700000;59913;87
test;8;1;100;0.8000000000;0.0114485940;65.3838307620;10000;96231.9054168130;5700000;9760;240
train;8;1;100;0.8000000000;0.0039434560;1073.9512502460;60000;97305.8566670590;5760000;;
test;8;1;100;0.8000000000;0.0038024200;408.3870481010;60000;97305.8566670590;5760000;59506;494
test;8;1;100;0.8000000000;0.0685266550;80.4565277890;10000;97305.8566670590;5760000;9703;297
train;8;1;100;0.8000000000;0.0071213200;1077.9732062470;60000;98383.8298733060;5820000;;
test;8;1;100;0.8000000000;0.0077979160;455.5918022910;60000;98383.8298733060;5820000;59875;125
test;8;1;100;0.8000000000;0.0087156270;112.5093163290;10000;98383.8298733060;5820000;9752;248
train;8;1;100;0.8000000000;0.0041649070;1042.6791412700;60000;99426.5090145760;5880000;;
test;8;1;100;0.8000000000;0.0090024900;421.8563466220;60000;99426.5090145760;5880000;59536;464
test;8;1;100;0.8000000000;0.0048452510;65.1314062060;10000;99426.5090145760;5880000;9724;276
train;8;1;100;0.8000000000;0.0039637890;1118.6685621400;60000;100545.1775767160;5940000;;
test;8;1;100;0.8000000000;0.0090714450;435.0795521540;60000;100545.1775767160;5940000;59864;136
test;8;1;100;0.8000000000;0.0179455670;66.4641122570;10000;100545.1775767160;5940000;9759;241
train;8;1;100;0.8000000000;0.0048021700;1079.4856122810;60000;101624.6631889970;6000000;;
test;8;1;100;0.8000000000;0.0045534720;414.8119664010;60000;101624.6631889970;6000000;59912;88
test;8;1;100;0.8000000000;0.0091129030;90.9459070700;10000;101624.6631889970;6000000;9780;220
