Mode;CPUs;Parallel;WorkerBatch;LearningRate;WorkerSetupTime;EpochElapsedTime;EpochLines;TotalElapsedTime;TotalLines;Correct;Incorrect
train;8;2;100;0.8000000000;0.0059882450;576.7352174350;60000;576.7352174350;60000;;
test;8;2;100;0.8000000000;0.0068679560;289.3743674520;60000;576.7352174350;60000;55439;4561
test;8;2;100;0.8000000000;0.0083973500;41.3392289420;10000;576.7352174350;60000;9250;750
train;8;2;100;0.8000000000;0.0063662270;614.9993399590;60000;1191.7345573940;120000;;
test;8;2;100;0.8000000000;0.0082256080;291.4478449930;60000;1191.7345573940;120000;56672;3328
test;8;2;100;0.8000000000;0.0097602920;56.5431484820;10000;1191.7345573940;120000;9432;568
train;8;2;100;0.8000000000;0.0067220880;542.1373652380;60000;1733.8719226320;180000;;
test;8;2;100;0.8000000000;0.0080325320;306.2471025990;60000;1733.8719226320;180000;57339;2661
test;8;2;100;0.8000000000;0.0079344950;43.1555659030;10000;1733.8719226320;180000;9515;485
train;8;2;100;0.8000000000;0.0098448290;614.3951303560;60000;2348.2670529880;240000;;
test;8;2;100;0.8000000000;0.0156424990;289.0626559380;60000;2348.2670529880;240000;57976;2024
test;8;2;100;0.8000000000;0.0069233710;41.0153534840;10000;2348.2670529880;240000;9606;394
train;8;2;100;0.8000000000;0.0117395410;612.3237525460;60000;2960.5908055340;300000;;
test;8;2;100;0.8000000000;0.0091346930;272.1693724550;60000;2960.5908055340;300000;58013;1987
test;8;2;100;0.8000000000;0.0124688420;49.5102567020;10000;2960.5908055340;300000;9609;391
train;8;2;100;0.8000000000;0.0063871860;648.3148418420;60000;3608.9056473760;360000;;
test;8;2;100;0.8000000000;0.0069139970;311.1711362290;60000;3608.9056473760;360000;58409;1591
test;8;2;100;0.8000000000;0.0068534150;47.2020535990;10000;3608.9056473760;360000;9667;333
train;8;2;100;0.8000000000;0.0090985690;619.5448936220;60000;4228.4505409980;420000;;
test;8;2;100;0.8000000000;0.0142842650;313.6647166840;60000;4228.4505409980;420000;58599;1401
test;8;2;100;0.8000000000;0.0200022270;46.7986127490;10000;4228.4505409980;420000;9690;310
train;8;2;100;0.8000000000;0.0088853700;647.2784061160;60000;4875.7289471140;480000;;
test;8;2;100;0.8000000000;0.0072611070;331.8119986140;60000;4875.7289471140;480000;58752;1248
test;8;2;100;0.8000000000;0.0070527830;67.8833604400;10000;4875.7289471140;480000;9695;305
train;8;2;100;0.8000000000;0.0084828870;608.5225429070;60000;5484.2514900210;540000;;
test;8;2;100;0.8000000000;0.0104965100;268.1276506350;60000;5484.2514900210;540000;58637;1363
test;8;2;100;0.8000000000;0.0074077250;50.9229861620;10000;5484.2514900210;540000;9658;342
train;8;2;100;0.8000000000;0.0081333600;620.5735180690;60000;6104.8250080900;600000;;
test;8;2;100;0.8000000000;0.0068791650;244.9464192190;60000;6104.8250080900;600000;58899;1101
test;8;2;100;0.8000000000;0.0072169000;47.8951000220;10000;6104.8250080900;600000;9706;294
train;8;2;100;0.8000000000;0.0070409910;650.6221838630;60000;6755.4471919530;660000;;
test;8;2;100;0.8000000000;0.0127106650;287.7575955800;60000;6755.4471919530;660000;59119;881
test;8;2;100;0.8000000000;0.0078807040;44.8734611520;10000;6755.4471919530;660000;9734;266
train;8;2;100;0.8000000000;0.0079562430;633.7407595440;60000;7389.1879514970;720000;;
test;8;2;100;0.8000000000;0.0121072310;277.9831420890;60000;7389.1879514970;720000;59209;791
test;8;2;100;0.8000000000;0.0059857020;56.0621176210;10000;7389.1879514970;720000;9733;267
train;8;2;100;0.8000000000;0.0143707200;664.3423181440;60000;8053.5302696410;780000;;
test;8;2;100;0.8000000000;0.0099408260;263.8908164570;60000;8053.5302696410;780000;59245;755
test;8;2;100;0.8000000000;0.0063334790;45.2438971960;10000;8053.5302696410;780000;9753;247
train;8;2;100;0.8000000000;0.0063591860;647.8456898820;60000;8701.3759595230;840000;;
test;8;2;100;0.8000000000;0.0108679940;291.5208191680;60000;8701.3759595230;840000;59286;714
test;8;2;100;0.8000000000;0.0079971160;50.8448244230;10000;8701.3759595230;840000;9744;256
train;8;2;100;0.8000000000;0.0071304460;645.8947597150;60000;9347.2707192380;900000;;
test;8;2;100;0.8000000000;0.0068629150;267.8252396970;60000;9347.2707192380;900000;59285;715
test;8;2;100;0.8000000000;0.0076877140;54.1196443020;10000;9347.2707192380;900000;9736;264
train;8;2;100;0.8000000000;0.0094396390;587.5082068870;60000;9934.7789261250;960000;;
test;8;2;100;0.8000000000;0.0061245300;251.8777267100;60000;9934.7789261250;960000;59391;609
test;8;2;100;0.8000000000;0.0209851850;41.4808166780;10000;9934.7789261250;960000;9740;260
train;8;2;100;0.8000000000;0.0053752710;568.4061038070;60000;10503.1850299320;1020000;;
test;8;2;100;0.8000000000;0.0067173390;289.8237922440;60000;10503.1850299320;1020000;59425;575
test;8;2;100;0.8000000000;0.0062309840;51.0740689210;10000;10503.1850299320;1020000;9732;268
train;8;2;100;0.8000000000;0.0086023830;503.4670733330;60000;11006.6521032650;1080000;;
test;8;2;100;0.8000000000;0.0072664390;264.2856913220;60000;11006.6521032650;1080000;59165;835
test;8;2;100;0.8000000000;0.0067852110;40.7163202630;10000;11006.6521032650;1080000;9703;297
train;8;2;100;0.8000000000;0.0107574160;509.8184379380;60000;11516.4705412030;1140000;;
test;8;2;100;0.8000000000;0.0121053150;261.7845257960;60000;11516.4705412030;1140000;59348;652
test;8;2;100;0.8000000000;0.0126865820;45.5606597000;10000;11516.4705412030;1140000;9755;245
train;8;2;100;0.8000000000;0.0064348490;530.9742319840;60000;12047.4447731870;1200000;;
test;8;2;100;0.8000000000;0.0099321580;406.8314233900;60000;12047.4447731870;1200000;59531;469
test;8;2;100;0.8000000000;0.0089735330;37.1167547250;10000;12047.4447731870;1200000;9760;240
train;8;2;100;0.8000000000;0.0068216670;502.3900914300;60000;12549.8348646170;1260000;;
test;8;2;100;0.8000000000;0.0060515320;245.7092122020;60000;12549.8348646170;1260000;59563;437
test;8;2;100;0.8000000000;0.0109683640;40.4214033330;10000;12549.8348646170;1260000;9765;235
train;8;2;100;0.8000000000;0.0067616690;524.1384102690;60000;13073.9732748860;1320000;;
test;8;2;100;0.8000000000;0.0076932540;249.2562497810;60000;13073.9732748860;1320000;59523;477
test;8;2;100;0.8000000000;0.0078900380;49.9940924850;10000;13073.9732748860;1320000;9757;243
train;8;2;100;0.8000000000;0.0063672700;540.0540203020;60000;13614.0272951880;1380000;;
test;8;2;100;0.8000000000;0.0084265980;280.1711691180;60000;13614.0272951880;1380000;59502;498
test;8;2;100;0.8000000000;0.0090474470;48.8079425500;10000;13614.0272951880;1380000;9733;267
train;8;2;100;0.8000000000;0.0141933110;517.7952535490;60000;14131.8225487370;1440000;;
test;8;2;100;0.8000000000;0.0055431370;229.6730610480;60000;14131.8225487370;1440000;59522;478
test;8;2;100;0.8000000000;0.0062366920;45.3384315690;10000;14131.8225487370;1440000;9730;270
train;8;2;100;0.8000000000;0.0056511330;553.3040373100;60000;14685.1265860470;1500000;;
test;8;2;100;0.8000000000;0.0110260710;234.6136406210;60000;14685.1265860470;1500000;59524;476
test;8;2;100;0.8000000000;0.0237072790;34.2326843440;10000;14685.1265860470;1500000;9742;258
train;8;2;100;0.8000000000;0.0104186390;514.6559921290;60000;15199.7825781760;1560000;;
test;8;2;100;0.8000000000;0.0055590540;268.5982373710;60000;15199.7825781760;1560000;59650;350
test;8;2;100;0.8000000000;0.0059086640;52.5277055000;10000;15199.7825781760;1560000;9752;248
train;8;2;100;0.8000000000;0.0058732910;515.9601362120;60000;15715.7427143880;1620000;;
test;8;2;100;0.8000000000;0.0060225750;260.9836542430;60000;15715.7427143880;1620000;59691;309
test;8;2;100;0.8000000000;0.0060729490;41.8542656400;10000;15715.7427143880;1620000;9757;243
train;8;2;100;0.8000000000;0.0083012300;499.2226750380;60000;16214.9653894260;1680000;;
test;8;2;100;0.8000000000;0.0059186220;265.2212776430;60000;16214.9653894260;1680000;59604;396
test;8;2;100;0.8000000000;0.0068862890;48.8323660090;10000;16214.9653894260;1680000;9754;246
train;8;2;100;0.8000000000;0.0081136530;550.1919308160;60000;16765.1573202420;1740000;;
test;8;2;100;0.8000000000;0.0058480000;249.4835528600;60000;16765.1573202420;1740000;59657;343
test;8;2;100;0.8000000000;0.0133115560;41.2685609130;10000;16765.1573202420;1740000;9749;251
train;8;2;100;0.8000000000;0.0070666550;476.6243459110;60000;17241.7816661530;1800000;;
test;8;2;100;0.8000000000;0.0068083350;289.3354916070;60000;17241.7816661530;1800000;59667;333
test;8;2;100;0.8000000000;0.0062222760;43.5785990690;10000;17241.7816661530;1800000;9742;258
train;8;2;100;0.8000000000;0.0158718620;536.2558213440;60000;17778.0374874970;1860000;;
test;8;2;100;0.8000000000;0.0057400880;207.2918186870;60000;17778.0374874970;1860000;59645;355
test;8;2;100;0.8000000000;0.0090102400;41.3216734800;10000;17778.0374874970;1860000;9759;241
train;8;2;100;0.8000000000;0.0063235640;468.7191735100;60000;18246.7566610070;1920000;;
test;8;2;100;0.8000000000;0.0056760490;229.1891785670;60000;18246.7566610070;1920000;59684;316
test;8;2;100;0.8000000000;0.0062727320;44.1156047870;10000;18246.7566610070;1920000;9739;261
train;8;2;100;0.8000000000;0.0071446530;598.9652814800;60000;18845.7219424870;1980000;;
test;8;2;100;0.8000000000;0.0107492080;213.8671161090;60000;18845.7219424870;1980000;59734;266
test;8;2;100;0.8000000000;0.0078372490;44.9515652720;10000;18845.7219424870;1980000;9751;249
train;8;2;100;0.8000000000;0.0063842690;526.2342679400;60000;19371.9562104270;2040000;;
test;8;2;100;0.8000000000;0.0075716770;268.2741294140;60000;19371.9562104270;2040000;59448;552
test;8;2;100;0.8000000000;0.0082625640;50.7663061900;10000;19371.9562104270;2040000;9719;281
train;8;2;100;0.8000000000;0.0060083270;531.4566298120;60000;19903.4128402390;2100000;;
test;8;2;100;0.8000000000;0.0115217160;285.6461538180;60000;19903.4128402390;2100000;59703;297
test;8;2;100;0.8000000000;0.0086335480;56.6249421150;10000;19903.4128402390;2100000;9743;257
train;8;2;100;0.8000000000;0.0068055840;527.9498301340;60000;20431.3626703730;2160000;;
test;8;2;100;0.8000000000;0.0073459790;265.9223884300;60000;20431.3626703730;2160000;59721;279
test;8;2;100;0.8000000000;0.0065471790;52.1932003840;10000;20431.3626703730;2160000;9746;254
train;8;2;100;0.8000000000;0.0063924770;539.7505936660;60000;20971.1132640390;2220000;;
test;8;2;100;0.8000000000;0.0063546460;288.8330868330;60000;20971.1132640390;2220000;59783;217
test;8;2;100;0.8000000000;0.0064068100;48.9244295330;10000;20971.1132640390;2220000;9763;237
train;8;2;100;0.8000000000;0.0088144990;534.7314318530;60000;21505.8446958920;2280000;;
test;8;2;100;0.8000000000;0.0056789660;253.2761957880;60000;21505.8446958920;2280000;59577;423
test;8;2;100;0.8000000000;0.0074402240;51.7824251490;10000;21505.8446958920;2280000;9738;262
train;8;2;100;0.8000000000;0.0073168540;526.0711263310;60000;22031.9158222230;2340000;;
test;8;2;100;0.8000000000;0.0057067560;263.3470295730;60000;22031.9158222230;2340000;59736;264
test;8;2;100;0.8000000000;0.0077077960;39.3042423550;10000;22031.9158222230;2340000;9744;256
train;8;2;100;0.8000000000;0.0072556910;536.0870585900;60000;22568.0028808130;2400000;;
test;8;2;100;0.8000000000;0.0058058770;230.1245445380;60000;22568.0028808130;2400000;59734;266
test;8;2;100;0.8000000000;0.0078190000;36.5499454830;10000;22568.0028808130;2400000;9747;253
train;8;2;100;0.8000000000;0.0090732790;529.4041084010;60000;23097.4069892140;2460000;;
test;8;2;100;0.8000000000;0.0056656320;269.2315903490;60000;23097.4069892140;2460000;59809;191
test;8;2;100;0.8000000000;0.0085911750;48.0717521400;10000;23097.4069892140;2460000;9761;239
train;8;2;100;0.8000000000;0.0068994970;519.3586701560;60000;23616.7656593700;2520000;;
test;8;2;100;0.8000000000;0.0093890570;245.4575436680;60000;23616.7656593700;2520000;59764;236
test;8;2;100;0.8000000000;0.0066805060;38.5771196410;10000;23616.7656593700;2520000;9749;251
train;8;2;100;0.8000000000;0.0079596180;518.1384826700;60000;24134.9041420400;2580000;;
test;8;2;100;0.8000000000;0.0070115760;273.1864330700;60000;24134.9041420400;2580000;59835;165
test;8;2;100;0.8000000000;0.0069952430;42.4687214600;10000;24134.9041420400;2580000;9755;245
train;8;2;100;0.8000000000;0.0060976560;552.5560705400;60000;24687.4602125800;2640000;;
test;8;2;100;0.8000000000;0.0057887110;242.4307397620;60000;24687.4602125800;2640000;59715;285
test;8;2;100;0.8000000000;0.0063973510;39.0523620440;10000;24687.4602125800;2640000;9743;257
train;8;2;100;0.8000000000;0.0063798930;560.6792760590;60000;25248.1394886390;2700000;;
test;8;2;100;0.8000000000;0.0056448840;255.8036337810;60000;25248.1394886390;2700000;59791;209
test;8;2;100;0.8000000000;0.0066781310;46.8077641150;10000;25248.1394886390;2700000;9761;239
train;8;2;100;0.8000000000;0.0065730100;531.4965936000;60000;25779.6360822390;2760000;;
test;8;2;100;0.8000000000;0.0062661080;247.9803230670;60000;25779.6360822390;2760000;59806;194
test;8;2;100;0.8000000000;0.0061894850;39.5677046400;10000;25779.6360822390;2760000;9746;254
train;8;2;100;0.8000000000;0.0068832900;497.9389348180;60000;26277.5750170570;2820000;;
test;8;2;100;0.8000000000;0.0071396120;222.9944377470;60000;26277.5750170570;2820000;59832;168
test;8;2;100;0.8000000000;0.0091100270;35.2117022600;10000;26277.5750170570;2820000;9772;228
train;8;2;100;0.8000000000;0.0071959420;510.6098579890;60000;26788.1848750460;2880000;;
test;8;2;100;0.8000000000;0.0137174970;258.4669574090;60000;26788.1848750460;2880000;59856;144
test;8;2;100;0.8000000000;0.0206353680;45.0557520300;10000;26788.1848750460;2880000;9757;243
train;8;2;100;0.8000000000;0.0072525230;515.4400655360;60000;27303.6249405820;2940000;;
test;8;2;100;0.8000000000;0.0110656530;252.7046336270;60000;27303.6249405820;2940000;59726;274
test;8;2;100;0.8000000000;0.0059028740;57.3307586130;10000;27303.6249405820;2940000;9750;250
train;8;2;100;0.8000000000;0.0067347130;556.0677626720;60000;27859.6927032540;3000000;;
test;8;2;100;0.8000000000;0.0067782520;266.3426393490;60000;27859.6927032540;3000000;59852;148
test;8;2;100;0.8000000000;0.1731575170;45.9831726780;10000;27859.6927032540;3000000;9766;234
train;8;2;100;0.8000000000;0.0096682950;538.7434162460;60000;28398.4361195000;3060000;;
test;8;2;100;0.8000000000;0.0060374920;340.9063843690;60000;28398.4361195000;3060000;59837;163
test;8;2;100;0.8000000000;0.0094157650;49.7993171430;10000;28398.4361195000;3060000;9731;269
train;8;2;100;0.8000000000;0.0070488650;511.6233610260;60000;28910.0594805260;3120000;;
test;8;2;100;0.8000000000;0.0110927330;302.6881863130;60000;28910.0594805260;3120000;59829;171
test;8;2;100;0.8000000000;0.0082093580;58.7184033630;10000;28910.0594805260;3120000;9745;255
train;8;2;100;0.8000000000;0.0073138550;544.0620630750;60000;29454.1215436010;3180000;;
test;8;2;100;0.8000000000;0.0169266110;261.9648135970;60000;29454.1215436010;3180000;59818;182
test;8;2;100;0.8000000000;0.0200007280;41.4346606450;10000;29454.1215436010;3180000;9753;247
train;8;2;100;0.8000000000;0.0117219160;580.8775765990;60000;30034.9991202000;3240000;;
test;8;2;100;0.8000000000;0.0063724780;229.6627882040;60000;30034.9991202000;3240000;59872;128
test;8;2;100;0.8000000000;0.0183969230;35.9376281930;10000;30034.9991202000;3240000;9765;235
train;8;2;100;0.8000000000;0.0056799670;459.2821802130;60000;30494.2813004130;3300000;;
test;8;2;100;0.8000000000;0.0085420930;274.4127007450;60000;30494.2813004130;3300000;59879;121
test;8;2;100;0.8000000000;0.0076117570;41.7060696340;10000;30494.2813004130;3300000;9756;244
train;8;2;100;0.8000000000;0.0089196190;536.5279457550;60000;31030.8092461680;3360000;;
test;8;2;100;0.8000000000;0.0074699710;246.0393626250;60000;31030.8092461680;3360000;59576;424
test;8;2;100;0.8000000000;0.0183717570;40.7740438430;10000;31030.8092461680;3360000;9722;278
train;8;2;100;0.8000000000;0.0074532230;601.8461131990;60000;31632.6553593670;3420000;;
test;8;2;100;0.8000000000;0.0059592870;250.3178844940;60000;31632.6553593670;3420000;59880;120
test;8;2;100;0.8000000000;0.0085759670;44.3075275410;10000;31632.6553593670;3420000;9758;242
train;8;2;100;0.8000000000;0.0070785730;616.4993423650;60000;32249.1547017320;3480000;;
test;8;2;100;0.8000000000;0.0115890050;254.7469816370;60000;32249.1547017320;3480000;59881;119
test;8;2;100;0.8000000000;0.0070979470;45.1572370210;10000;32249.1547017320;3480000;9767;233
train;8;2;100;0.8000000000;0.0081534440;596.9205035280;60000;32846.0752052600;3540000;;
test;8;2;100;0.8000000000;0.0068398330;313.3817514470;60000;32846.0752052600;3540000;59793;207
test;8;2;100;0.8000000000;0.0126515840;58.4230413140;10000;32846.0752052600;3540000;9751;249
train;8;2;100;0.8000000000;0.0087421270;651.7171948770;60000;33497.7924001370;3600000;;
test;8;2;100;0.8000000000;0.0071481120;330.0942927980;60000;33497.7924001370;3600000;59819;181
test;8;2;100;0.8000000000;0.0064035180;48.1115699750;10000;33497.7924001370;3600000;9754;246
train;8;2;100;0.8000000000;0.0079228270;652.9712817190;60000;34150.7636818560;3660000;;
test;8;2;100;0.8000000000;0.0070339900;440.0822141410;60000;34150.7636818560;3660000;59814;186
test;8;2;100;0.8000000000;0.0068636230;50.0262420700;10000;34150.7636818560;3660000;9738;262
train;8;2;100;0.8000000000;0.0079603680;662.1148128050;60000;34812.8784946610;3720000;;
test;8;2;100;0.8000000000;0.0085172620;296.7369571290;60000;34812.8784946610;3720000;59874;126
test;8;2;100;0.8000000000;0.0178629860;49.5856231930;10000;34812.8784946610;3720000;9761;239
train;8;2;100;0.8000000000;0.0082023160;687.3356569860;60000;35500.2141516470;3780000;;
test;8;2;100;0.8000000000;0.0117268730;300.1778010400;60000;35500.2141516470;3780000;59858;142
test;8;2;100;0.8000000000;0.0139542790;52.4407233910;10000;35500.2141516470;3780000;9751;249
train;8;2;100;0.8000000000;0.0079594100;583.1115446980;60000;36083.3256963450;3840000;;
test;8;2;100;0.8000000000;0.0071766100;325.6478777490;60000;36083.3256963450;3840000;59701;299
test;8;2;100;0.8000000000;0.0123402230;49.1710085760;10000;36083.3256963450;3840000;9734;266
train;8;2;100;0.8000000000;0.0080674470;642.8049777990;60000;36726.1306741440;3900000;;
test;8;2;100;0.8000000000;0.0070789470;277.7599019550;60000;36726.1306741440;3900000;59786;214
test;8;2;100;0.8000000000;0.0088234150;61.5686776750;10000;36726.1306741440;3900000;9744;256
train;8;2;100;0.8000000000;0.0156824560;637.3821218840;60000;37363.5127960280;3960000;;
test;8;2;100;0.8000000000;0.0078542900;310.4834985730;60000;37363.5127960280;3960000;59742;258
test;8;2;100;0.8000000000;0.0178037800;44.9483960300;10000;37363.5127960280;3960000;9730;270
train;8;2;100;0.8000000000;0.0085922590;662.4520400600;60000;38025.9648360880;4020000;;
test;8;2;100;0.8000000000;0.0069287450;313.3329596390;60000;38025.9648360880;4020000;59835;165
test;8;2;100;0.8000000000;0.0136670820;46.6632984140;10000;38025.9648360880;4020000;9756;244
train;8;2;100;0.8000000000;0.0090544880;615.8551859680;60000;38641.8200220560;4080000;;
test;8;2;100;0.8000000000;0.0103277670;254.1497943660;60000;38641.8200220560;4080000;59653;347
test;8;2;100;0.8000000000;0.0061511530;53.8141947310;10000;38641.8200220560;4080000;9713;287
train;8;2;100;0.8000000000;0.0078281660;669.8097792910;60000;39311.6298013470;4140000;;
test;8;2;100;0.8000000000;0.0088178320;289.8037882170;60000;39311.6298013470;4140000;59861;139
test;8;2;100;0.8000000000;0.0083943500;56.9344408930;10000;39311.6298013470;4140000;9774;226
train;8;2;100;0.8000000000;0.0089308270;645.4440241120;60000;39957.0738254590;4200000;;
test;8;2;100;0.8000000000;0.0079168700;310.1528128020;60000;39957.0738254590;4200000;59828;172
test;8;2;100;0.8000000000;0.0082279820;41.7366882870;10000;39957.0738254590;4200000;9746;254
train;8;2;100;0.8000000000;0.0083837250;651.7259495190;60000;40608.7997749780;4260000;;
test;8;2;100;0.8000000000;0.0066978400;418.2907763240;60000;40608.7997749780;4260000;59887;113
test;8;2;100;0.8000000000;0.0073744340;50.9910882560;10000;40608.7997749780;4260000;9752;248
train;8;2;100;0.8000000000;0.0101077760;580.5379900940;60000;41189.3377650720;4320000;;
test;8;2;100;0.8000000000;0.0070355330;321.6807147410;60000;41189.3377650720;4320000;59892;108
test;8;2;100;0.8000000000;0.0089927410;46.2445049330;10000;41189.3377650720;4320000;9769;231
train;8;2;100;0.8000000000;0.0093907240;595.0447961750;60000;41784.3825612470;4380000;;
test;8;2;100;0.8000000000;0.0068116670;328.7696442110;60000;41784.3825612470;4380000;59889;111
test;8;2;100;0.8000000000;0.0207841960;42.6622036100;10000;41784.3825612470;4380000;9771;229
train;8;2;100;0.8000000000;0.0124990910;652.4541846460;60000;42436.8367458930;4440000;;
test;8;2;100;0.8000000000;0.0075446360;280.5310055830;60000;42436.8367458930;4440000;58807;1193
test;8;2;100;0.8000000000;0.0076945460;55.4034380280;10000;42436.8367458930;4440000;9638;362
train;8;2;100;0.8000000000;0.0074968470;633.4538967600;60000;43070.2906426530;4500000;;
test;8;2;100;0.8000000000;0.0070199930;330.8153053720;60000;43070.2906426530;4500000;59839;161
test;8;2;100;0.8000000000;0.0832704000;47.6919799540;10000;43070.2906426530;4500000;9752;248
train;8;2;100;0.8000000000;0.0078464560;597.3493825250;60000;43667.6400251780;4560000;;
test;8;2;100;0.8000000000;0.0066597570;352.4111287160;60000;43667.6400251780;4560000;59873;127
test;8;2;100;0.8000000000;0.0057702950;67.7201635770;10000;43667.6400251780;4560000;9753;247
train;8;2;100;0.8000000000;0.0084850960;607.9746636200;60000;44275.6146887980;4620000;;
test;8;2;100;0.8000000000;0.0070091180;287.1734477150;60000;44275.6146887980;4620000;59816;184
test;8;2;100;0.8000000000;0.0091313590;53.6982194420;10000;44275.6146887980;4620000;9770;230
train;8;2;100;0.8000000000;0.0140974400;620.1298282020;60000;44895.7445170000;4680000;;
test;8;2;100;0.8000000000;0.0068162510;301.3707736930;60000;44895.7445170000;4680000;59845;155
test;8;2;100;0.8000000000;0.0066196340;53.1645640790;10000;44895.7445170000;4680000;9750;250
train;8;2;100;0.8000000000;0.0059927850;612.3471196240;60000;45508.0916366240;4740000;;
test;8;2;100;0.8000000000;0.0075168870;290.0971722260;60000;45508.0916366240;4740000;59774;226
test;8;2;100;0.8000000000;0.0142703070;42.8958025390;10000;45508.0916366240;4740000;9733;267
train;8;2;100;0.8000000000;0.0089357850;607.5543001770;60000;46115.6459368010;4800000;;
test;8;2;100;0.8000000000;0.0084193890;282.9116848460;60000;46115.6459368010;4800000;59900;100
test;8;2;100;0.8000000000;0.0107357500;46.0819435100;10000;46115.6459368010;4800000;9772;228
train;8;2;100;0.8000000000;0.0079133290;597.6994238980;60000;46713.3453606990;4860000;;
test;8;2;100;0.8000000000;0.0054423090;273.5788130930;60000;46713.3453606990;4860000;59877;123
test;8;2;100;0.8000000000;0.0068729970;53.0529301860;10000;46713.3453606990;4860000;9774;226
train;8;2;100;0.8000000000;0.0157374530;619.4964558390;60000;47332.8418165380;4920000;;
test;8;2;100;0.8000000000;0.0067664190;267.8168872120;60000;47332.8418165380;4920000;59881;119
test;8;2;100;0.8000000000;0.0142293910;52.3222726980;10000;47332.8418165380;4920000;9765;235
train;8;2;100;0.8000000000;0.0085422590;671.7910193680;60000;48004.6328359060;4980000;;
test;8;2;100;0.8000000000;0.0080631130;337.0220126370;60000;48004.6328359060;4980000;59810;190
test;8;2;100;0.8000000000;0.0102111050;53.3994051640;10000;48004.6328359060;4980000;9740;260
train;8;2;100;0.8000000000;0.0084923870;632.7548983040;60000;48637.3877342100;5040000;;
test;8;2;100;0.8000000000;0.0112547690;239.5886819670;60000;48637.3877342100;5040000;59907;93
test;8;2;100;0.8000000000;0.0065658020;44.6456700140;10000;48637.3877342100;5040000;9777;223
train;8;2;100;0.8000000000;0.0070519490;696.2186627290;60000;49333.6063969390;5100000;;
test;8;2;100;0.8000000000;0.0068732060;284.6238468670;60000;49333.6063969390;5100000;59832;168
test;8;2;100;0.8000000000;0.0069932830;43.9682651710;10000;49333.6063969390;5100000;9752;248
train;8;2;100;0.8000000000;0.0109690300;624.9479664040;60000;49958.5543633430;5160000;;
test;8;2;100;0.8000000000;0.0103923060;302.8075245010;60000;49958.5543633430;5160000;59849;151
test;8;2;100;0.8000000000;0.0105570490;50.0433871290;10000;49958.5543633430;5160000;9762;238
train;8;2;100;0.8000000000;0.0092828950;593.9025277980;60000;50552.4568911410;5220000;;
test;8;2;100;0.8000000000;0.0062485250;289.5180313040;60000;50552.4568911410;5220000;59894;106
test;8;2;100;0.8000000000;0.0238100230;65.8140320840;10000;50552.4568911410;5220000;9765;235
train;8;2;100;0.8000000000;0.0084220150;649.8494561260;60000;51202.3063472670;5280000;;
test;8;2;100;0.8000000000;0.0075774250;263.2761302300;60000;51202.3063472670;5280000;59917;83
test;8;2;100;0.8000000000;0.0094060570;41.6666596970;10000;51202.3063472670;5280000;9767;233
train;8;2;100;0.8000000000;0.0068256660;714.5879052070;60000;51916.8942524740;5340000;;
test;8;2;100;0.8000000000;0.0105414670;289.4878763960;60000;51916.8942524740;5340000;59685;315
test;8;2;100;0.8000000000;0.0057502960;65.5763817400;10000;51916.8942524740;5340000;9724;276
train;8;2;100;0.8000000000;0.0057471710;647.1421054480;60000;52564.0363579220;5400000;;
test;8;2;100;0.8000000000;0.0058665400;425.3602202890;60000;52564.0363579220;5400000;59907;93
test;8;2;100;0.8000000000;0.0149744840;56.0913305010;10000;52564.0363579220;5400000;9779;221
train;8;2;100;0.8000000000;0.0092843940;591.2853442270;60000;53155.3217021490;5460000;;
test;8;2;100;0.8000000000;0.0074640560;299.8512095800;60000;53155.3217021490;5460000;59912;88
test;8;2;100;0.8000000000;0.0192869260;43.2463997250;10000;53155.3217021490;5460000;9766;234
train;8;2;100;0.8000000000;0.0090992360;620.1544497350;60000;53775.4761518840;5520000;;
test;8;2;100;0.8000000000;0.0117362900;311.8871752310;60000;53775.4761518840;5520000;59899;101
test;8;2;100;0.8000000000;0.0072109410;67.9553019550;10000;53775.4761518840;5520000;9758;242
train;8;2;100;0.8000000000;0.0083976830;562.8997984960;60000;54338.3759503800;5580000;;
test;8;2;100;0.8000000000;0.0075918010;307.2826624270;60000;54338.3759503800;5580000;59914;86
test;8;2;100;0.8000000000;0.0069649950;51.8438849330;10000;54338.3759503800;5580000;9772;228
train;8;2;100;0.8000000000;0.0096822110;586.3483851220;60000;54924.7243355020;5640000;;
test;8;2;100;0.8000000000;0.0059777860;264.6386235320;60000;54924.7243355020;5640000;59918;82
test;8;2;100;0.8000000000;0.0082603550;56.6748456480;10000;54924.7243355020;5640000;9778;222
train;8;2;100;0.8000000000;0.0073656430;652.2898289150;60000;55577.0141644170;5700000;;
test;8;2;100;0.8000000000;0.0094588040;322.9621201430;60000;55577.0141644170;5700000;59919;81
test;8;2;100;0.8000000000;0.0063687690;46.5476443560;10000;55577.0141644170;5700000;9766;234
train;8;2;100;0.8000000000;0.0108322040;635.7905163570;60000;56212.8046807740;5760000;;
test;8;2;100;0.8000000000;0.0180321040;294.7234817580;60000;56212.8046807740;5760000;59918;82
test;8;2;100;0.8000000000;0.0109685310;50.1027475080;10000;56212.8046807740;5760000;9772;228
train;8;2;100;0.8000000000;0.0148192840;639.2064197860;60000;56852.0111005600;5820000;;
test;8;2;100;0.8000000000;0.0074836390;284.6140075500;60000;56852.0111005600;5820000;59919;81
test;8;2;100;0.8000000000;0.0077169210;44.2499064660;10000;56852.0111005600;5820000;9773;227
train;8;2;100;0.8000000000;0.0092635210;577.0969431060;60000;57429.1080436660;5880000;;
test;8;2;100;0.8000000000;0.0054989310;278.0295874310;60000;57429.1080436660;5880000;59886;114
test;8;2;100;0.8000000000;0.0066553400;35.9241429320;10000;57429.1080436660;5880000;9765;235
train;8;2;100;0.8000000000;0.0067397130;604.5523200020;60000;58033.6603636680;5940000;;
test;8;2;100;0.8000000000;0.0086383400;322.5208440030;60000;58033.6603636680;5940000;59920;80
test;8;2;100;0.8000000000;0.0131703960;54.7782077440;10000;58033.6603636680;5940000;9767;233
train;8;2;100;0.8000000000;0.0078447480;607.4679266440;60000;58641.1282903120;6000000;;
test;8;2;100;0.8000000000;0.0079145370;258.4368616970;60000;58641.1282903120;6000000;59910;90
test;8;2;100;0.8000000000;0.0074970120;48.9518478960;10000;58641.1282903120;6000000;9769;231
