Mode;CPUs;Parallel;WorkerBatch;LearningRate;WorkerSetupTime;EpochElapsedTime;EpochLines;TotalElapsedTime;TotalLines;Correct;Incorrect
train;8;10;100;0.8000000000;0.0259618070;211.3460436790;60000;211.3460436790;60000;;
test;8;10;100;0.8000000000;0.0289856350;113.8454863550;60000;211.3460436790;60000;52740;7260
test;8;10;100;0.8000000000;0.0437473810;19.4822892100;10000;211.3460436790;60000;8880;1120
train;8;10;100;0.8000000000;0.0282695400;218.8646013300;60000;430.2106450090;120000;;
test;8;10;100;0.8000000000;0.0275425320;121.0905726510;60000;430.2106450090;120000;54804;5196
test;8;10;100;0.8000000000;0.0343982800;20.8371206000;10000;430.2106450090;120000;9180;820
train;8;10;100;0.8000000000;0.0256090310;215.5684220260;60000;645.7790670350;180000;;
test;8;10;100;0.8000000000;0.0312680800;118.6794245700;60000;645.7790670350;180000;55685;4315
test;8;10;100;0.8000000000;0.0305745270;19.3517177460;10000;645.7790670350;180000;9289;711
train;8;10;100;0.8000000000;0.0296118170;216.0245651170;60000;861.8036321520;240000;;
test;8;10;100;0.8000000000;0.0283995770;123.9179060360;60000;861.8036321520;240000;56341;3659
test;8;10;100;0.8000000000;0.0409818730;21.1485327120;10000;861.8036321520;240000;9379;621
train;8;10;100;0.8000000000;0.0308624320;218.2315835900;60000;1080.0352157420;300000;;
test;8;10;100;0.8000000000;0.0285695710;119.9302094930;60000;1080.0352157420;300000;56835;3165
test;8;10;100;0.8000000000;0.0293255790;19.6808898880;10000;1080.0352157420;300000;9421;579
train;8;10;100;0.8000000000;0.0312388730;209.1752741580;60000;1289.2104899000;360000;;
test;8;10;100;0.8000000000;0.0301883340;122.2094616270;60000;1289.2104899000;360000;56892;3108
test;8;10;100;0.8000000000;0.0256095730;20.2737571780;10000;1289.2104899000;360000;9448;552
train;8;10;100;0.8000000000;0.0294204080;210.8985178030;60000;1500.1090077030;420000;;
test;8;10;100;0.8000000000;0.0278534760;120.4310010050;60000;1500.1090077030;420000;56876;3124
test;8;10;100;0.8000000000;0.0294753230;20.1684615510;10000;1500.1090077030;420000;9448;552
train;8;10;100;0.8000000000;0.0268538930;218.2688166300;60000;1718.3778243330;480000;;
test;8;10;100;0.8000000000;0.0271736720;121.9888432600;60000;1718.3778243330;480000;57756;2244
test;8;10;100;0.8000000000;0.0310960860;19.8970507330;10000;1718.3778243330;480000;9589;411
train;8;10;100;0.8000000000;0.0266020720;210.5914873870;60000;1928.9693117200;540000;;
test;8;10;100;0.8000000000;0.0290704650;122.5307973500;60000;1928.9693117200;540000;57800;2200
test;8;10;100;0.8000000000;0.0333929460;19.4196610070;10000;1928.9693117200;540000;9575;425
train;8;10;100;0.8000000000;0.0265946560;216.3687874930;60000;2145.3380992130;600000;;
test;8;10;100;0.8000000000;0.0284803230;116.7750764920;60000;2145.3380992130;600000;58111;1889
test;8;10;100;0.8000000000;0.0365441460;19.2891271320;10000;2145.3380992130;600000;9609;391
train;8;10;100;0.8000000000;0.0278447260;186.1136764900;60000;2331.4517757030;660000;;
test;8;10;100;0.8000000000;0.0315110290;104.6863214440;60000;2331.4517757030;660000;58167;1833
test;8;10;100;0.8000000000;0.0207971940;17.0235416620;10000;2331.4517757030;660000;9622;378
train;8;10;100;0.8000000000;0.0209093990;171.6017187900;60000;2503.0534944930;720000;;
test;8;10;100;0.8000000000;0.0261663400;103.5150337040;60000;2503.0534944930;720000;58250;1750
test;8;10;100;0.8000000000;0.0205080410;17.1939156690;10000;2503.0534944930;720000;9638;362
train;8;10;100;0.8000000000;0.0264960340;172.8855350070;60000;2675.9390295000;780000;;
test;8;10;100;0.8000000000;0.0264347020;104.7249315030;60000;2675.9390295000;780000;58415;1585
test;8;10;100;0.8000000000;0.0212193000;16.8149693650;10000;2675.9390295000;780000;9657;343
train;8;10;100;0.8000000000;0.0266414040;184.7715548110;60000;2860.7105843110;840000;;
test;8;10;100;0.8000000000;0.0269893040;109.7651215680;60000;2860.7105843110;840000;58105;1895
test;8;10;100;0.8000000000;0.0265180740;17.9954293760;10000;2860.7105843110;840000;9608;392
train;8;10;100;0.8000000000;0.0210373510;190.0652882420;60000;3050.7758725530;900000;;
test;8;10;100;0.8000000000;0.0247795660;110.8154814660;60000;3050.7758725530;900000;58377;1623
test;8;10;100;0.8000000000;0.0449296220;18.9707993180;10000;3050.7758725530;900000;9634;366
train;8;10;100;0.8000000000;0.0304189080;186.3330783270;60000;3237.1089508800;960000;;
test;8;10;100;0.8000000000;0.0246889030;106.1754549710;60000;3237.1089508800;960000;58525;1475
test;8;10;100;0.8000000000;0.0220497250;18.5132872050;10000;3237.1089508800;960000;9658;342
train;8;10;100;0.8000000000;0.0216865730;181.5054094730;60000;3418.6143603530;1020000;;
test;8;10;100;0.8000000000;0.0349839630;101.2918364280;60000;3418.6143603530;1020000;58742;1258
test;8;10;100;0.8000000000;0.0260660530;16.8677056960;10000;3418.6143603530;1020000;9696;304
train;8;10;100;0.8000000000;0.0203515480;172.3123232650;60000;3590.9266836180;1080000;;
test;8;10;100;0.8000000000;0.0270750520;100.8565101520;60000;3590.9266836180;1080000;58307;1693
test;8;10;100;0.8000000000;0.0206600760;16.5398307460;10000;3590.9266836180;1080000;9638;362
train;8;10;100;0.8000000000;0.0333397430;187.6075946050;60000;3778.5342782230;1140000;;
test;8;10;100;0.8000000000;0.0549088630;110.7079950260;60000;3778.5342782230;1140000;58837;1163
test;8;10;100;0.8000000000;0.0631015550;19.4473769510;10000;3778.5342782230;1140000;9707;293
train;8;10;100;0.8000000000;0.0241050540;192.1525533360;60000;3970.6868315590;1200000;;
test;8;10;100;0.8000000000;0.0337293920;111.0151223600;60000;3970.6868315590;1200000;58777;1223
test;8;10;100;0.8000000000;0.0220633490;18.5005042520;10000;3970.6868315590;1200000;9696;304
train;8;10;100;0.8000000000;0.0294886150;198.6297736180;60000;4169.3166051770;1260000;;
test;8;10;100;0.8000000000;0.0363841130;111.4385395530;60000;4169.3166051770;1260000;58950;1050
test;8;10;100;0.8000000000;0.0541551040;19.9772664730;10000;4169.3166051770;1260000;9722;278
train;8;10;100;0.8000000000;0.0240428490;198.1940758150;60000;4367.5106809920;1320000;;
test;8;10;100;0.8000000000;0.0321259610;118.0303335630;60000;4367.5106809920;1320000;59014;986
test;8;10;100;0.8000000000;0.0210901820;18.8116521610;10000;4367.5106809920;1320000;9730;270
train;8;10;100;0.8000000000;0.0285046560;195.8138926190;60000;4563.3245736110;1380000;;
test;8;10;100;0.8000000000;0.0269276400;111.4772926860;60000;4563.3245736110;1380000;58969;1031
test;8;10;100;0.8000000000;0.0250683460;17.3327491950;10000;4563.3245736110;1380000;9694;306
train;8;10;100;0.8000000000;0.0242665460;179.7540766460;60000;4743.0786502570;1440000;;
test;8;10;100;0.8000000000;0.0249383910;104.0216156900;60000;4743.0786502570;1440000;58991;1009
test;8;10;100;0.8000000000;0.0264983680;17.7572318460;10000;4743.0786502570;1440000;9711;289
train;8;10;100;0.8000000000;0.0314278660;185.8581784990;60000;4928.9368287560;1500000;;
test;8;10;100;0.8000000000;0.0266576950;115.9768427750;60000;4928.9368287560;1500000;59073;927
test;8;10;100;0.8000000000;0.0255671580;18.2587603300;10000;4928.9368287560;1500000;9709;291
train;8;10;100;0.8000000000;0.0251545920;197.2434348180;60000;5126.1802635740;1560000;;
test;8;10;100;0.8000000000;0.0275374470;111.8996557180;60000;5126.1802635740;1560000;59133;867
test;8;10;100;0.8000000000;0.0208734820;18.6073203920;10000;5126.1802635740;1560000;9734;266
train;8;10;100;0.8000000000;0.0288209350;197.0700387680;60000;5323.2503023420;1620000;;
test;8;10;100;0.8000000000;0.0270655110;106.4230661890;60000;5323.2503023420;1620000;59120;880
test;8;10;100;0.8000000000;0.0420214540;17.4225972740;10000;5323.2503023420;1620000;9723;277
train;8;10;100;0.8000000000;0.0259197670;195.7701382850;60000;5519.0204406270;1680000;;
test;8;10;100;0.8000000000;0.0277416890;105.9261650010;60000;5519.0204406270;1680000;59133;867
test;8;10;100;0.8000000000;0.0250390140;17.4120933460;10000;5519.0204406270;1680000;9728;272
train;8;10;100;0.8000000000;0.0263733320;179.3077534690;60000;5698.3281940960;1740000;;
test;8;10;100;0.8000000000;0.0246033220;102.0594410330;60000;5698.3281940960;1740000;59249;751
test;8;10;100;0.8000000000;0.0264274970;17.1678675770;10000;5698.3281940960;1740000;9730;270
train;8;10;100;0.8000000000;0.0250529700;209.3944699570;60000;5907.7226640530;1800000;;
test;8;10;100;0.8000000000;0.0347221410;113.7009698310;60000;5907.7226640530;1800000;59233;767
test;8;10;100;0.8000000000;0.0412679020;18.5358100740;10000;5907.7226640530;1800000;9745;255
train;8;10;100;0.8000000000;0.0280390510;199.7055558090;60000;6107.4282198620;1860000;;
test;8;10;100;0.8000000000;0.0278878070;111.0472050250;60000;6107.4282198620;1860000;59206;794
test;8;10;100;0.8000000000;0.0299379710;20.6772051880;10000;6107.4282198620;1860000;9727;273
train;8;10;100;0.8000000000;0.0218250260;190.7087437550;60000;6298.1369636170;1920000;;
test;8;10;100;0.8000000000;0.0245906160;111.4780322480;60000;6298.1369636170;1920000;59244;756
test;8;10;100;0.8000000000;0.0634163310;19.2701348150;10000;6298.1369636170;1920000;9748;252
train;8;10;100;0.8000000000;0.0261946720;202.2072675210;60000;6500.3442311380;1980000;;
test;8;10;100;0.8000000000;0.0252565880;114.3816848210;60000;6500.3442311380;1980000;59227;773
test;8;10;100;0.8000000000;0.0702783710;17.7599558570;10000;6500.3442311380;1980000;9726;274
train;8;10;100;0.8000000000;0.0209854370;202.7983605970;60000;6703.1425917350;2040000;;
test;8;10;100;0.8000000000;0.0249396010;114.6107401970;60000;6703.1425917350;2040000;59221;779
test;8;10;100;0.8000000000;0.0571650570;20.6881675920;10000;6703.1425917350;2040000;9735;265
train;8;10;100;0.8000000000;0.0217071140;196.8428984780;60000;6899.9854902130;2100000;;
test;8;10;100;0.8000000000;0.0250031810;114.7345445670;60000;6899.9854902130;2100000;59097;903
test;8;10;100;0.8000000000;0.0586605340;19.5940385600;10000;6899.9854902130;2100000;9702;298
train;8;10;100;0.8000000000;0.0285587800;195.8304127810;60000;7095.8159029940;2160000;;
test;8;10;100;0.8000000000;0.0254093310;115.0603213160;60000;7095.8159029940;2160000;59420;580
test;8;10;100;0.8000000000;0.0622601730;19.3468382510;10000;7095.8159029940;2160000;9754;246
train;8;10;100;0.8000000000;0.0233862520;198.1025713110;60000;7293.9184743050;2220000;;
test;8;10;100;0.8000000000;0.0262054640;106.9118078820;60000;7293.9184743050;2220000;59382;618
test;8;10;100;0.8000000000;0.0280810100;19.9100227610;10000;7293.9184743050;2220000;9739;261
train;8;10;100;0.8000000000;0.0244204550;197.0849698390;60000;7491.0034441440;2280000;;
test;8;10;100;0.8000000000;0.0254570360;116.0592070860;60000;7491.0034441440;2280000;59309;691
test;8;10;100;0.8000000000;0.0256402800;19.0299297910;10000;7491.0034441440;2280000;9723;277
train;8;10;100;0.8000000000;0.0223314210;199.5443196960;60000;7690.5477638400;2340000;;
test;8;10;100;0.8000000000;0.0324519470;119.3386974760;60000;7690.5477638400;2340000;59420;580
test;8;10;100;0.8000000000;0.0266623600;20.3640261910;10000;7690.5477638400;2340000;9742;258
train;8;10;100;0.8000000000;0.0275959030;217.5518799260;60000;7908.0996437660;2400000;;
test;8;10;100;0.8000000000;0.0289740540;118.8922912720;60000;7908.0996437660;2400000;59321;679
test;8;10;100;0.8000000000;0.0310668380;20.1216863000;10000;7908.0996437660;2400000;9736;264
train;8;10;100;0.8000000000;0.0322767460;215.4405696540;60000;8123.5402134200;2460000;;
test;8;10;100;0.8000000000;0.0313518260;124.9878191020;60000;8123.5402134200;2460000;59511;489
test;8;10;100;0.8000000000;0.6377584540;19.6334834130;10000;8123.5402134200;2460000;9768;232
train;8;10;100;0.8000000000;0.0282408750;217.3201552460;60000;8340.8603686660;2520000;;
test;8;10;100;0.8000000000;0.0298243930;124.4134389870;60000;8340.8603686660;2520000;59386;614
test;8;10;100;0.8000000000;0.0304274490;22.1942271430;10000;8340.8603686660;2520000;9714;286
train;8;10;100;0.8000000000;0.0297216880;226.7058018140;60000;8567.5661704800;2580000;;
test;8;10;100;0.8000000000;0.0293835780;120.1509787650;60000;8567.5661704800;2580000;59444;556
test;8;10;100;0.8000000000;0.0294649470;21.7291158140;10000;8567.5661704800;2580000;9734;266
train;8;10;100;0.8000000000;0.0303761190;221.0229447200;60000;8788.5891152000;2640000;;
test;8;10;100;0.8000000000;0.0316902710;122.9865812140;60000;8788.5891152000;2640000;58970;1030
test;8;10;100;0.8000000000;0.0289630550;20.7590969790;10000;8788.5891152000;2640000;9693;307
train;8;10;100;0.8000000000;0.0262377530;216.6376824620;60000;9005.2267976620;2700000;;
test;8;10;100;0.8000000000;0.0295461540;120.4290464180;60000;9005.2267976620;2700000;59501;499
test;8;10;100;0.8000000000;0.0322741630;19.9230971190;10000;9005.2267976620;2700000;9761;239
train;8;10;100;0.8000000000;0.0308918450;219.6294446060;60000;9224.8562422680;2760000;;
test;8;10;100;0.8000000000;0.0310177150;114.1186709730;60000;9224.8562422680;2760000;59325;675
test;8;10;100;0.8000000000;0.0262325890;21.5830148500;10000;9224.8562422680;2760000;9723;277
train;8;10;100;0.8000000000;0.0257095260;225.7536993740;60000;9450.6099416420;2820000;;
test;8;10;100;0.8000000000;0.0297786440;112.5684193070;60000;9450.6099416420;2820000;59549;451
test;8;10;100;0.8000000000;0.0284389090;18.6378481710;10000;9450.6099416420;2820000;9745;255
train;8;10;100;0.8000000000;0.0279007250;215.1847454700;60000;9665.7946871120;2880000;;
test;8;10;100;0.8000000000;0.0281190070;120.0679446850;60000;9665.7946871120;2880000;59593;407
test;8;10;100;0.8000000000;0.0287681020;20.2290409600;10000;9665.7946871120;2880000;9757;243
train;8;10;100;0.8000000000;0.0291517130;216.5332907880;60000;9882.3279779000;2940000;;
test;8;10;100;0.8000000000;0.0254942010;120.8868259050;60000;9882.3279779000;2940000;59586;414
test;8;10;100;0.8000000000;0.0258245210;20.3104232750;10000;9882.3279779000;2940000;9755;245
train;8;10;100;0.8000000000;0.0282032530;212.4073111610;60000;10094.7352890610;3000000;;
test;8;10;100;0.8000000000;0.0281752950;120.7515049730;60000;10094.7352890610;3000000;59547;453
test;8;10;100;0.8000000000;0.0283725800;20.6188419700;10000;10094.7352890610;3000000;9746;254
train;8;10;100;0.8000000000;0.0281965460;217.2446313930;60000;10311.9799204540;3060000;;
test;8;10;100;0.8000000000;0.0296505660;121.2382190080;60000;10311.9799204540;3060000;59507;493
test;8;10;100;0.8000000000;0.0284660340;19.0160351770;10000;10311.9799204540;3060000;9740;260
train;8;10;100;0.8000000000;0.0283582480;214.6197809820;60000;10526.5997014360;3120000;;
test;8;10;100;0.8000000000;0.0287069810;120.0817011380;60000;10526.5997014360;3120000;59575;425
test;8;10;100;0.8000000000;0.0340290880;20.4015498810;10000;10526.5997014360;3120000;9753;247
train;8;10;100;0.8000000000;0.0265069910;211.1195047740;60000;10737.7192062100;3180000;;
test;8;10;100;0.8000000000;0.0278896840;125.1354804610;60000;10737.7192062100;3180000;59571;429
test;8;10;100;0.8000000000;0.0278383520;20.8718232850;10000;10737.7192062100;3180000;9757;243
train;8;10;100;0.8000000000;0.0311293370;219.2422228530;60000;10956.9614290630;3240000;;
test;8;10;100;0.8000000000;0.0274961570;115.0529407930;60000;10956.9614290630;3240000;59590;410
test;8;10;100;0.8000000000;0.0283320390;20.4932262990;10000;10956.9614290630;3240000;9751;249
train;8;10;100;0.8000000000;0.0291520880;219.5595820910;60000;11176.5210111540;3300000;;
test;8;10;100;0.8000000000;0.0300135080;124.0281170750;60000;11176.5210111540;3300000;59620;380
test;8;10;100;0.8000000000;0.0312746640;19.3751527450;10000;11176.5210111540;3300000;9756;244
train;8;10;100;0.8000000000;0.0275569900;214.5128511780;60000;11391.0338623320;3360000;;
test;8;10;100;0.8000000000;0.0272595010;120.1953569970;60000;11391.0338623320;3360000;59276;724
test;8;10;100;0.8000000000;0.0306807310;19.1996586640;10000;11391.0338623320;3360000;9716;284
train;8;10;100;0.8000000000;0.0307881020;221.5927568710;60000;11612.6266192030;3420000;;
test;8;10;100;0.8000000000;0.0304749900;123.4179359790;60000;11612.6266192030;3420000;59508;492
test;8;10;100;0.8000000000;0.0366002710;21.3304101900;10000;11612.6266192030;3420000;9732;268
train;8;10;100;0.8000000000;0.0282461660;214.3711378150;60000;11826.9977570180;3480000;;
test;8;10;100;0.8000000000;0.0277147740;117.4104846290;60000;11826.9977570180;3480000;59330;670
test;8;10;100;0.8000000000;0.0253178760;20.6838294870;10000;11826.9977570180;3480000;9711;289
train;8;10;100;0.8000000000;0.0277373570;218.0843845440;60000;12045.0821415620;3540000;;
test;8;10;100;0.8000000000;0.0280419680;112.5878448890;60000;12045.0821415620;3540000;59142;858
test;8;10;100;0.8000000000;0.0597244050;19.5108125330;10000;12045.0821415620;3540000;9711;289
train;8;10;100;0.8000000000;0.0312092080;212.7402040200;60000;12257.8223455820;3600000;;
test;8;10;100;0.8000000000;0.0277394390;121.6747479390;60000;12257.8223455820;3600000;59536;464
test;8;10;100;0.8000000000;0.0260658020;20.1916729330;10000;12257.8223455820;3600000;9740;260
train;8;10;100;0.8000000000;0.0282080870;211.8418355840;60000;12469.6641811660;3660000;;
test;8;10;100;0.8000000000;0.0311430030;121.5235774800;60000;12469.6641811660;3660000;59350;650
test;8;10;100;0.8000000000;0.0321973740;21.5666276760;10000;12469.6641811660;3660000;9718;282
train;8;10;100;0.8000000000;0.0298013940;221.5336143050;60000;12691.1977954710;3720000;;
test;8;10;100;0.8000000000;0.0284308680;118.6996752870;60000;12691.1977954710;3720000;59688;312
test;8;10;100;0.8000000000;0.0353123230;20.2137622010;10000;12691.1977954710;3720000;9751;249
train;8;10;100;0.8000000000;0.0257818140;210.5082909820;60000;12901.7060864530;3780000;;
test;8;10;100;0.8000000000;0.0278545590;121.3085200870;60000;12901.7060864530;3780000;59716;284
test;8;10;100;0.8000000000;0.0410789120;20.3934821030;10000;12901.7060864530;3780000;9756;244
train;8;10;100;0.8000000000;0.0305989020;212.7788758220;60000;13114.4849622750;3840000;;
test;8;10;100;0.8000000000;0.0279978460;119.4736564670;60000;13114.4849622750;3840000;59565;435
test;8;10;100;0.8000000000;0.0318870120;19.2012481770;10000;13114.4849622750;3840000;9729;271
train;8;10;100;0.8000000000;0.0284597410;222.8267446270;60000;13337.3117069020;3900000;;
test;8;10;100;0.8000000000;0.0282994580;121.8721967510;60000;13337.3117069020;3900000;59707;293
test;8;10;100;0.8000000000;0.0256356970;20.3226440060;10000;13337.3117069020;3900000;9756;244
train;8;10;100;0.8000000000;0.0325761500;218.5727840530;60000;13555.8844909550;3960000;;
test;8;10;100;0.8000000000;0.0306527740;121.8605830360;60000;13555.8844909550;3960000;59696;304
test;8;10;100;0.8000000000;0.0257593150;19.6792461690;10000;13555.8844909550;3960000;9758;242
train;8;10;100;0.8000000000;0.0284871590;210.7847612860;60000;13766.6692522410;4020000;;
test;8;10;100;0.8000000000;0.0279107230;120.2981681040;60000;13766.6692522410;4020000;59650;350
test;8;10;100;0.8000000000;0.0310046750;20.1720551060;10000;13766.6692522410;4020000;9743;257
train;8;10;100;0.8000000000;0.0259478920;212.7502232100;60000;13979.4194754510;4080000;;
test;8;10;100;0.8000000000;0.0277721870;123.9854487730;60000;13979.4194754510;4080000;59367;633
test;8;10;100;0.8000000000;0.0282046700;19.8629681930;10000;13979.4194754510;4080000;9715;285
train;8;10;100;0.8000000000;0.0297617710;216.4413608470;60000;14195.8608362980;4140000;;
test;8;10;100;0.8000000000;0.0246657800;114.7376854000;60000;14195.8608362980;4140000;59694;306
test;8;10;100;0.8000000000;0.0269758060;19.6348238590;10000;14195.8608362980;4140000;9749;251
train;8;10;100;0.8000000000;0.0282799570;213.6505469430;60000;14409.5113832410;4200000;;
test;8;10;100;0.8000000000;0.0280320940;119.7640377160;60000;14409.5113832410;4200000;59732;268
test;8;10;100;0.8000000000;0.0285211990;18.9813605750;10000;14409.5113832410;4200000;9763;237
train;8;10;100;0.8000000000;0.0249009370;211.5261645700;60000;14621.0375478110;4260000;;
test;8;10;100;0.8000000000;0.0275656960;117.3622891930;60000;14621.0375478110;4260000;59659;341
test;8;10;100;0.8000000000;0.0253425010;19.6518220880;10000;14621.0375478110;4260000;9745;255
train;8;10;100;0.8000000000;0.0283937860;218.2816889470;60000;14839.3192367580;4320000;;
test;8;10;100;0.8000000000;0.0280989670;120.1253175690;60000;14839.3192367580;4320000;59609;391
test;8;10;100;0.8000000000;0.0288451430;21.4834102330;10000;14839.3192367580;4320000;9758;242
train;8;10;100;0.8000000000;0.0290594240;213.3908723010;60000;15052.7101090590;4380000;;
test;8;10;100;0.8000000000;0.0285136160;122.6565558510;60000;15052.7101090590;4380000;59660;340
test;8;10;100;0.8000000000;0.0286551100;18.4009157530;10000;15052.7101090590;4380000;9736;264
train;8;10;100;0.8000000000;0.0354174870;197.8086782850;60000;15250.5187873440;4440000;;
test;8;10;100;0.8000000000;0.0303862440;126.2383019980;60000;15250.5187873440;4440000;59499;501
test;8;10;100;0.8000000000;0.0353910280;19.5497438660;10000;15250.5187873440;4440000;9736;264
train;8;10;100;0.8000000000;0.0306339830;209.7430695580;60000;15460.2618569020;4500000;;
test;8;10;100;0.8000000000;0.0273313330;120.3153604520;60000;15460.2618569020;4500000;59751;249
test;8;10;100;0.8000000000;0.0323184930;21.5797959060;10000;15460.2618569020;4500000;9756;244
train;8;10;100;0.8000000000;0.0310570900;213.7390350400;60000;15674.0008919420;4560000;;
test;8;10;100;0.8000000000;0.0299179710;112.0888660550;60000;15674.0008919420;4560000;59282;718
test;8;10;100;0.8000000000;0.0558937790;20.8754686290;10000;15674.0008919420;4560000;9688;312
train;8;10;100;0.8000000000;0.0286103620;211.8142920440;60000;15885.8151839860;4620000;;
test;8;10;100;0.8000000000;0.0302437080;127.4455923160;60000;15885.8151839860;4620000;59743;257
test;8;10;100;0.8000000000;0.0318025990;20.0166023340;10000;15885.8151839860;4620000;9762;238
train;8;10;100;0.8000000000;0.0265050770;194.5251225670;60000;16080.3403065530;4680000;;
test;8;10;100;0.8000000000;0.0300926730;109.6194837040;60000;16080.3403065530;4680000;59720;280
test;8;10;100;0.8000000000;0.0284723250;18.4280710980;10000;16080.3403065530;4680000;9759;241
train;8;10;100;0.8000000000;0.0247878160;209.1720997940;60000;16289.5124063470;4740000;;
test;8;10;100;0.8000000000;0.0281117580;111.0561013540;60000;16289.5124063470;4740000;59729;271
test;8;10;100;0.8000000000;0.0270145960;18.4638651470;10000;16289.5124063470;4740000;9761;239
train;8;10;100;0.8000000000;0.0310201730;215.0704443040;60000;16504.5828506510;4800000;;
test;8;10;100;0.8000000000;0.0276977750;124.1209604800;60000;16504.5828506510;4800000;59707;293
test;8;10;100;0.8000000000;0.0353112410;19.3573395920;10000;16504.5828506510;4800000;9731;269
train;8;10;100;0.8000000000;0.0256379470;208.3483108260;60000;16712.9311614770;4860000;;
test;8;10;100;0.8000000000;0.0298054750;124.4953692300;60000;16712.9311614770;4860000;59748;252
test;8;10;100;0.8000000000;0.0258808520;20.0671957980;10000;16712.9311614770;4860000;9757;243
train;8;10;100;0.8000000000;0.0257979390;208.5700436420;60000;16921.5012051190;4920000;;
test;8;10;100;0.8000000000;0.0274236610;119.0465558850;60000;16921.5012051190;4920000;59647;353
test;8;10;100;0.8000000000;0.0297732700;19.8575156750;10000;16921.5012051190;4920000;9739;261
train;8;10;100;0.8000000000;0.0311737080;217.2095667270;60000;17138.7107718460;4980000;;
test;8;10;100;0.8000000000;0.0265244490;120.1930205110;60000;17138.7107718460;4980000;59692;308
test;8;10;100;0.8000000000;0.0267553160;19.9530525520;10000;17138.7107718460;4980000;9762;238
train;8;10;100;0.8000000000;0.0263182080;215.7991501250;60000;17354.5099219710;5040000;;
test;8;10;100;0.8000000000;0.0278255590;121.5170478410;60000;17354.5099219710;5040000;59739;261
test;8;10;100;0.8000000000;0.0296360260;20.3345994530;10000;17354.5099219710;5040000;9763;237
train;8;10;100;0.8000000000;0.0285330290;211.3863778310;60000;17565.8962998020;5100000;;
test;8;10;100;0.8000000000;0.0274794930;119.1497099730;60000;17565.8962998020;5100000;57594;2406
test;8;10;100;0.8000000000;0.0268561020;19.8762547100;10000;17565.8962998020;5100000;9435;565
train;8;10;100;0.8000000000;0.0283078720;215.4582442820;60000;17781.3545440840;5160000;;
test;8;10;100;0.8000000000;0.0255482420;121.8202790090;60000;17781.3545440840;5160000;59675;325
test;8;10;100;0.8000000000;0.0320563810;19.5771872400;10000;17781.3545440840;5160000;9752;248
train;8;10;100;0.8000000000;0.0317620190;206.1471878140;60000;17987.5017318980;5220000;;
test;8;10;100;0.8000000000;0.0282073370;116.9586094800;60000;17987.5017318980;5220000;59736;264
test;8;10;100;0.8000000000;0.0302028350;19.3495105070;10000;17987.5017318980;5220000;9753;247
train;8;10;100;0.8000000000;0.0269607240;209.6986819980;60000;18197.2004138960;5280000;;
test;8;10;100;0.8000000000;0.0287403560;119.5646843210;60000;18197.2004138960;5280000;59786;214
test;8;10;100;0.8000000000;0.0353450300;20.0465997180;10000;18197.2004138960;5280000;9761;239
train;8;10;100;0.8000000000;0.0286251920;208.3492923280;60000;18405.5497062240;5340000;;
test;8;10;100;0.8000000000;0.0286176120;110.0940614700;60000;18405.5497062240;5340000;59648;352
test;8;10;100;0.8000000000;0.0275741550;18.5929441310;10000;18405.5497062240;5340000;9749;251
train;8;10;100;0.8000000000;0.0252113820;194.3122452930;60000;18599.8619515170;5400000;;
test;8;10;100;0.8000000000;0.0278611020;112.4055931880;60000;18599.8619515170;5400000;59800;200
test;8;10;100;0.8000000000;0.0292884970;19.6254648800;10000;18599.8619515170;5400000;9764;236
train;8;10;100;0.8000000000;0.0316731470;220.1027279160;60000;18819.9646794330;5460000;;
test;8;10;100;0.8000000000;0.0299476790;120.7566330920;60000;18819.9646794330;5460000;59818;182
test;8;10;100;0.8000000000;0.0317884340;18.8957090280;10000;18819.9646794330;5460000;9754;246
train;8;10;100;0.8000000000;0.0307101890;206.1403849440;60000;19026.1050643770;5520000;;
test;8;10;100;0.8000000000;0.0303392040;109.1785821330;60000;19026.1050643770;5520000;59815;185
test;8;10;100;0.8000000000;0.0283218310;18.1746524640;10000;19026.1050643770;5520000;9763;237
train;8;10;100;0.8000000000;0.0301554610;195.4061414940;60000;19221.5112058710;5580000;;
test;8;10;100;0.8000000000;0.0250873860;116.1868388000;60000;19221.5112058710;5580000;59658;342
test;8;10;100;0.8000000000;0.0330752090;19.2932085420;10000;19221.5112058710;5580000;9744;256
train;8;10;100;0.8000000000;0.0288700580;216.9318493430;60000;19438.4430552140;5640000;;
test;8;10;100;0.8000000000;0.0332161620;117.8095211250;60000;19438.4430552140;5640000;59834;166
test;8;10;100;0.8000000000;0.0279286380;19.4061584620;10000;19438.4430552140;5640000;9768;232
train;8;10;100;0.8000000000;0.0327810570;211.2411176650;60000;19649.6841728790;5700000;;
test;8;10;100;0.8000000000;0.0287813120;121.7388719080;60000;19649.6841728790;5700000;59812;188
test;8;10;100;0.8000000000;0.0298163510;20.5165476770;10000;19649.6841728790;5700000;9768;232
train;8;10;100;0.8000000000;0.0262621290;209.7927967230;60000;19859.4769696020;5760000;;
test;8;10;100;0.8000000000;0.0263892060;115.3060412770;60000;19859.4769696020;5760000;59808;192
test;8;10;100;0.8000000000;0.0287390220;20.5215364220;10000;19859.4769696020;5760000;9752;248
train;8;10;100;0.8000000000;0.0253937490;212.9636504630;60000;20072.4406200650;5820000;;
test;8;10;100;0.8000000000;0.0275845290;120.7230719880;60000;20072.4406200650;5820000;59776;224
test;8;10;100;0.8000000000;0.0278796420;19.7252563650;10000;20072.4406200650;5820000;9756;244
train;8;10;100;0.8000000000;0.0303180390;216.0813385250;60000;20288.5219585900;5880000;;
test;8;10;100;0.8000000000;0.0248376050;121.0852171360;60000;20288.5219585900;5880000;59822;178
test;8;10;100;0.8000000000;0.0258058140;20.6664433080;10000;20288.5219585900;5880000;9768;232
train;8;10;100;0.8000000000;0.0291926690;215.0396838280;60000;20503.5616424180;5940000;;
test;8;10;100;0.8000000000;0.0269414740;122.2894877120;60000;20503.5616424180;5940000;59815;185
test;8;10;100;0.8000000000;0.0258030220;19.8333888310;10000;20503.5616424180;5940000;9751;249
train;8;10;100;0.8000000000;0.0296114850;216.8983750250;60000;20720.4600174430;6000000;;
test;8;10;100;0.8000000000;0.0287933540;116.1569326580;60000;20720.4600174430;6000000;59742;258
test;8;10;100;0.8000000000;0.0397160110;19.5211189690;10000;20720.4600174430;6000000;9752;248
