Mode;CPUs;Parallel;WorkerBatch;LearningRate;WorkerSetupTime;EpochElapsedTime;EpochLines;TotalElapsedTime;TotalLines;Correct;Incorrect
train;8;12;100;0.8000000000;0.0300768400;187.4089967600;60000;187.4089967600;60000;;
test;8;12;100;0.8000000000;0.0292929550;108.3221908110;60000;187.4089967600;60000;49184;10816
test;8;12;100;0.8000000000;0.0305686100;19.2653712280;10000;187.4089967600;60000;8312;1688
train;8;12;100;0.8000000000;0.0246817380;187.0137379460;60000;374.4227347060;120000;;
test;8;12;100;0.8000000000;0.0293318300;111.6260319960;60000;374.4227347060;120000;53602;6398
test;8;12;100;0.8000000000;0.0680616760;18.7606477160;10000;374.4227347060;120000;8957;1043
train;8;12;100;0.8000000000;0.0270081390;192.4505512690;60000;566.8732859750;180000;;
test;8;12;100;0.8000000000;0.0320257560;113.3441813690;60000;566.8732859750;180000;55708;4292
test;8;12;100;0.8000000000;0.0306379830;18.9803284520;10000;566.8732859750;180000;9298;702
train;8;12;100;0.8000000000;0.0290431750;199.5074195640;60000;766.3807055390;240000;;
test;8;12;100;0.8000000000;0.0308942200;104.4067639320;60000;766.3807055390;240000;55704;4296
test;8;12;100;0.8000000000;0.0300432160;18.2571921900;10000;766.3807055390;240000;9295;705
train;8;12;100;0.8000000000;0.0268917270;197.1369638710;60000;963.5176694100;300000;;
test;8;12;100;0.8000000000;0.0329304260;113.0588848930;60000;963.5176694100;300000;55871;4129
test;8;12;100;0.8000000000;0.0260475120;19.9379845280;10000;963.5176694100;300000;9265;735
train;8;12;100;0.8000000000;0.0246599030;195.4536049350;60000;1158.9712743450;360000;;
test;8;12;100;0.8000000000;0.0299248480;113.1778538490;60000;1158.9712743450;360000;56845;3155
test;8;12;100;0.8000000000;0.1008564400;19.4178435430;10000;1158.9712743450;360000;9435;565
train;8;12;100;0.8000000000;0.0271523810;200.2317130290;60000;1359.2029873740;420000;;
test;8;12;100;0.8000000000;0.0298272670;111.6378838260;60000;1359.2029873740;420000;57139;2861
test;8;12;100;0.8000000000;0.0286911900;18.8194352040;10000;1359.2029873740;420000;9486;514
train;8;12;100;0.8000000000;0.0259642640;204.6530294570;60000;1563.8560168310;480000;;
test;8;12;100;0.8000000000;0.0290548420;113.4706889570;60000;1563.8560168310;480000;57299;2701
test;8;12;100;0.8000000000;0.0300325920;20.0195065840;10000;1563.8560168310;480000;9486;514
train;8;12;100;0.8000000000;0.0256236130;197.8221469190;60000;1761.6781637500;540000;;
test;8;12;100;0.8000000000;0.0313529090;116.7663200710;60000;1761.6781637500;540000;57646;2354
test;8;12;100;0.8000000000;0.0301812110;20.1001860520;10000;1761.6781637500;540000;9539;461
train;8;12;100;0.8000000000;0.0249579350;202.7882391910;60000;1964.4664029410;600000;;
test;8;12;100;0.8000000000;0.0307364370;113.1897897930;60000;1964.4664029410;600000;57936;2064
test;8;12;100;0.8000000000;0.0718771370;20.1835824880;10000;1964.4664029410;600000;9579;421
train;8;12;100;0.8000000000;0.0278451840;200.9283974200;60000;2165.3948003610;660000;;
test;8;12;100;0.8000000000;0.0302659570;107.8540213300;60000;2165.3948003610;660000;57913;2087
test;8;12;100;0.8000000000;0.0313787410;18.9365737820;10000;2165.3948003610;660000;9609;391
train;8;12;100;0.8000000000;0.0260283880;180.4452513140;60000;2345.8400516750;720000;;
test;8;12;100;0.8000000000;0.0319445920;106.8154435380;60000;2345.8400516750;720000;57940;2060
test;8;12;100;0.8000000000;0.0313356180;18.4350752120;10000;2345.8400516750;720000;9582;418
train;8;12;100;0.8000000000;0.0267895230;180.2420896690;60000;2526.0821413440;780000;;
test;8;12;100;0.8000000000;0.0312257490;109.2915167250;60000;2526.0821413440;780000;58010;1990
test;8;12;100;0.8000000000;0.0670339270;18.2787294350;10000;2526.0821413440;780000;9577;423
train;8;12;100;0.8000000000;0.0254062910;181.2022184690;60000;2707.2843598130;840000;;
test;8;12;100;0.8000000000;0.0318110170;105.5229397780;60000;2707.2843598130;840000;58276;1724
test;8;12;100;0.8000000000;0.0311930000;18.1142244230;10000;2707.2843598130;840000;9641;359
train;8;12;100;0.8000000000;0.0247514830;181.3438672860;60000;2888.6282270990;900000;;
test;8;12;100;0.8000000000;0.0308250170;105.6647829230;60000;2888.6282270990;900000;58230;1770
test;8;12;100;0.8000000000;0.0310977140;18.4860521200;10000;2888.6282270990;900000;9635;365
train;8;12;100;0.8000000000;0.0273250390;180.4520155660;60000;3069.0802426650;960000;;
test;8;12;100;0.8000000000;0.0304199930;105.6113162950;60000;3069.0802426650;960000;58462;1538
test;8;12;100;0.8000000000;0.0268269780;17.7069238730;10000;3069.0802426650;960000;9648;352
train;8;12;100;0.8000000000;0.0262869190;179.8862404150;60000;3248.9664830800;1020000;;
test;8;12;100;0.8000000000;0.0306648130;106.0428261430;60000;3248.9664830800;1020000;58545;1455
test;8;12;100;0.8000000000;0.0252390480;18.7238827010;10000;3248.9664830800;1020000;9677;323
train;8;12;100;0.8000000000;0.0259001020;180.8650650880;60000;3429.8315481680;1080000;;
test;8;12;100;0.8000000000;0.0305355690;105.3727844060;60000;3429.8315481680;1080000;58504;1496
test;8;12;100;0.8000000000;0.0320079670;18.0822170020;10000;3429.8315481680;1080000;9688;312
train;8;12;100;0.8000000000;0.0248261490;179.9674967340;60000;3609.7990449020;1140000;;
test;8;12;100;0.8000000000;0.0323354920;103.7965590080;60000;3609.7990449020;1140000;58646;1354
test;8;12;100;0.8000000000;0.0371613700;17.2644671550;10000;3609.7990449020;1140000;9681;319
train;8;12;100;0.8000000000;0.0244174570;185.3627085800;60000;3795.1617534820;1200000;;
test;8;12;100;0.8000000000;0.0310140920;111.2343851470;60000;3795.1617534820;1200000;58742;1258
test;8;12;100;0.8000000000;0.1020669310;20.1160975800;10000;3795.1617534820;1200000;9690;310
train;8;12;100;0.8000000000;0.0271883390;199.5551343980;60000;3994.7168878800;1260000;;
test;8;12;100;0.8000000000;0.0314613640;114.8834901220;60000;3994.7168878800;1260000;58230;1770
test;8;12;100;0.8000000000;0.0644189130;18.7193451070;10000;3994.7168878800;1260000;9630;370
train;8;12;100;0.8000000000;0.0243237930;197.8306637170;60000;4192.5475515970;1320000;;
test;8;12;100;0.8000000000;0.0316176060;109.2507841710;60000;4192.5475515970;1320000;58854;1146
test;8;12;100;0.8000000000;0.0265110750;18.4758553020;10000;4192.5475515970;1320000;9702;298
train;8;12;100;0.8000000000;0.0247438160;190.7954172080;60000;4383.3429688050;1380000;;
test;8;12;100;0.8000000000;0.0377740930;102.2972639960;60000;4383.3429688050;1380000;58841;1159
test;8;12;100;0.8000000000;0.0340742930;17.5154278880;10000;4383.3429688050;1380000;9694;306
train;8;12;100;0.8000000000;0.0248892710;173.0528309110;60000;4556.3957997160;1440000;;
test;8;12;100;0.8000000000;0.0297197720;102.2396996700;60000;4556.3957997160;1440000;58780;1220
test;8;12;100;0.8000000000;0.0299783440;17.5440712050;10000;4556.3957997160;1440000;9689;311
train;8;12;100;0.8000000000;0.0258820200;172.7059131460;60000;4729.1017128620;1500000;;
test;8;12;100;0.8000000000;0.0308833050;99.7195105390;60000;4729.1017128620;1500000;58916;1084
test;8;12;100;0.8000000000;0.0334761530;17.0188979810;10000;4729.1017128620;1500000;9697;303
train;8;12;100;0.8000000000;0.0258656860;173.0785936810;60000;4902.1803065430;1560000;;
test;8;12;100;0.8000000000;0.0327767240;106.4214310430;60000;4902.1803065430;1560000;59045;955
test;8;12;100;0.8000000000;0.0309382180;18.4298323110;10000;4902.1803065430;1560000;9726;274
train;8;12;100;0.8000000000;0.0253459170;173.0363238580;60000;5075.2166304010;1620000;;
test;8;12;100;0.8000000000;0.0313548690;104.4168887930;60000;5075.2166304010;1620000;59070;930
test;8;12;100;0.8000000000;0.0342200360;17.4544361220;10000;5075.2166304010;1620000;9719;281
train;8;12;100;0.8000000000;0.0252196310;172.4754179960;60000;5247.6920483970;1680000;;
test;8;12;100;0.8000000000;0.0255489070;102.9219634320;60000;5247.6920483970;1680000;59022;978
test;8;12;100;0.8000000000;0.0335687330;17.5194193020;10000;5247.6920483970;1680000;9716;284
train;8;12;100;0.8000000000;0.0251643810;172.2377054000;60000;5419.9297537970;1740000;;
test;8;12;100;0.8000000000;0.0251482170;103.4828539600;60000;5419.9297537970;1740000;58940;1060
test;8;12;100;0.8000000000;0.0309803450;18.1278603430;10000;5419.9297537970;1740000;9705;295
train;8;12;100;0.8000000000;0.0242140060;182.6170715420;60000;5602.5468253390;1800000;;
test;8;12;100;0.8000000000;0.0272562930;101.6943185570;60000;5602.5468253390;1800000;58757;1243
test;8;12;100;0.8000000000;0.0319915920;17.3332104270;10000;5602.5468253390;1800000;9671;329
train;8;12;100;0.8000000000;0.0240170150;170.9396221730;60000;5773.4864475120;1860000;;
test;8;12;100;0.8000000000;0.0318483060;104.3772350260;60000;5773.4864475120;1860000;59183;817
test;8;12;100;0.8000000000;0.0256791940;18.1692076560;10000;5773.4864475120;1860000;9730;270
train;8;12;100;0.8000000000;0.0257976480;180.7175338940;60000;5954.2039814060;1920000;;
test;8;12;100;0.8000000000;0.0316937710;113.8162181510;60000;5954.2039814060;1920000;59091;909
test;8;12;100;0.8000000000;0.0573857140;18.8295678530;10000;5954.2039814060;1920000;9716;284
train;8;12;100;0.8000000000;0.0309343870;189.4658080320;60000;6143.6697894380;1980000;;
test;8;12;100;0.8000000000;0.0307143530;113.5870648140;60000;6143.6697894380;1980000;59147;853
test;8;12;100;0.8000000000;0.0659120160;18.9172932310;10000;6143.6697894380;1980000;9723;277
train;8;12;100;0.8000000000;0.0299361790;212.5753197690;60000;6356.2451092070;2040000;;
test;8;12;100;0.8000000000;0.0326603540;118.7971423340;60000;6356.2451092070;2040000;59067;933
test;8;12;100;0.8000000000;0.0331679160;20.3595921300;10000;6356.2451092070;2040000;9721;279
train;8;12;100;0.8000000000;0.0291287980;216.9033868100;60000;6573.1484960170;2100000;;
test;8;12;100;0.8000000000;0.0331236680;121.9989556640;60000;6573.1484960170;2100000;58910;1090
test;8;12;100;0.8000000000;0.0341929980;21.2052717840;10000;6573.1484960170;2100000;9692;308
train;8;12;100;0.8000000000;0.0298231440;217.1689473830;60000;6790.3174434000;2160000;;
test;8;12;100;0.8000000000;0.0331927070;120.2271024710;60000;6790.3174434000;2160000;59169;831
test;8;12;100;0.8000000000;0.0298602660;19.2873653330;10000;6790.3174434000;2160000;9699;301
train;8;12;100;0.8000000000;0.0311357100;221.1523099000;60000;7011.4697533000;2220000;;
test;8;12;100;0.8000000000;0.0342134560;121.6098528330;60000;7011.4697533000;2220000;59167;833
test;8;12;100;0.8000000000;0.0382150320;21.4755311510;10000;7011.4697533000;2220000;9710;290
train;8;12;100;0.8000000000;0.0312703710;218.3058355400;60000;7229.7755888400;2280000;;
test;8;12;100;0.8000000000;0.0355788970;123.8857372850;60000;7229.7755888400;2280000;59205;795
test;8;12;100;0.8000000000;0.0431276170;21.8437215400;10000;7229.7755888400;2280000;9715;285
train;8;12;100;0.8000000000;0.0309798010;221.6311370570;60000;7451.4067258970;2340000;;
test;8;12;100;0.8000000000;0.0294479490;122.7703395370;60000;7451.4067258970;2340000;59148;852
test;8;12;100;0.8000000000;0.0396261400;21.8532048870;10000;7451.4067258970;2340000;9718;282
train;8;12;100;0.8000000000;0.0337737660;216.2922413430;60000;7667.6989672400;2400000;;
test;8;12;100;0.8000000000;0.0333301590;120.3325921280;60000;7667.6989672400;2400000;59371;629
test;8;12;100;0.8000000000;0.0352516610;21.9185033490;10000;7667.6989672400;2400000;9734;266
train;8;12;100;0.8000000000;0.0302180420;219.8563884850;60000;7887.5553557250;2460000;;
test;8;12;100;0.8000000000;0.0339401330;119.7201344680;60000;7887.5553557250;2460000;59379;621
test;8;12;100;0.8000000000;0.0381070390;20.6548310170;10000;7887.5553557250;2460000;9744;256
train;8;12;100;0.8000000000;0.0352029540;205.8660256190;60000;8093.4213813440;2520000;;
test;8;12;100;0.8000000000;0.0338329280;125.1218452870;60000;8093.4213813440;2520000;59109;891
test;8;12;100;0.8000000000;0.0341870380;21.6789258320;10000;8093.4213813440;2520000;9703;297
train;8;12;100;0.8000000000;0.0336464390;218.1023081570;60000;8311.5236895010;2580000;;
test;8;12;100;0.8000000000;0.0314333230;117.3963954440;60000;8311.5236895010;2580000;59413;587
test;8;12;100;0.8000000000;0.0332453290;21.1375779290;10000;8311.5236895010;2580000;9751;249
train;8;12;100;0.8000000000;0.0315430280;215.7848740290;60000;8527.3085635300;2640000;;
test;8;12;100;0.8000000000;0.0320071740;119.0764283530;60000;8527.3085635300;2640000;59453;547
test;8;12;100;0.8000000000;0.0347750560;21.0257691240;10000;8527.3085635300;2640000;9748;252
train;8;12;100;0.8000000000;0.0297391040;209.1110221130;60000;8736.4195856430;2700000;;
test;8;12;100;0.8000000000;0.0356998510;123.8814092580;60000;8736.4195856430;2700000;59468;532
test;8;12;100;0.8000000000;0.0315808570;21.0931892420;10000;8736.4195856430;2700000;9759;241
train;8;12;100;0.8000000000;0.0319393840;216.1919122500;60000;8952.6114978930;2760000;;
test;8;12;100;0.8000000000;0.0328610970;108.8268630780;60000;8952.6114978930;2760000;59427;573
test;8;12;100;0.8000000000;0.0355438560;19.0454407130;10000;8952.6114978930;2760000;9758;242
train;8;12;100;0.8000000000;0.0308350570;196.6188649270;60000;9149.2303628200;2820000;;
test;8;12;100;0.8000000000;0.0354212370;110.0830446460;60000;9149.2303628200;2820000;59509;491
test;8;12;100;0.8000000000;0.0637147770;19.4764039600;10000;9149.2303628200;2820000;9756;244
train;8;12;100;0.8000000000;0.0315474850;214.5318726550;60000;9363.7622354750;2880000;;
test;8;12;100;0.8000000000;0.0335521510;120.7591393230;60000;9363.7622354750;2880000;59386;614
test;8;12;100;0.8000000000;0.0356301020;21.0791588010;10000;9363.7622354750;2880000;9749;251
train;8;12;100;0.8000000000;0.0300190930;216.3458315150;60000;9580.1080669900;2940000;;
test;8;12;100;0.8000000000;0.0331137520;122.0359127940;60000;9580.1080669900;2940000;59359;641
test;8;12;100;0.8000000000;0.0347268910;20.3244105960;10000;9580.1080669900;2940000;9752;248
train;8;12;100;0.8000000000;0.0331347920;219.1121314620;60000;9799.2201984520;3000000;;
test;8;12;100;0.8000000000;0.0383791940;118.3830277790;60000;9799.2201984520;3000000;59192;808
test;8;12;100;0.8000000000;0.0311136710;19.9552621220;10000;9799.2201984520;3000000;9715;285
train;8;12;100;0.8000000000;0.0317219780;216.0832092400;60000;10015.3034076920;3060000;;
test;8;12;100;0.8000000000;0.0330854200;120.9939096580;60000;10015.3034076920;3060000;59410;590
test;8;12;100;0.8000000000;0.0311382120;21.6541284340;10000;10015.3034076920;3060000;9738;262
train;8;12;100;0.8000000000;0.0291635880;215.9295006340;60000;10231.2329083260;3120000;;
test;8;12;100;0.8000000000;0.0335603980;118.5961682560;60000;10231.2329083260;3120000;59361;639
test;8;12;100;0.8000000000;0.0322548730;20.7611203500;10000;10231.2329083260;3120000;9720;280
train;8;12;100;0.8000000000;0.0309276370;212.5332749390;60000;10443.7661832650;3180000;;
test;8;12;100;0.8000000000;0.0296133590;121.5506760310;60000;10443.7661832650;3180000;59067;933
test;8;12;100;0.8000000000;0.0329502180;20.8266350490;10000;10443.7661832650;3180000;9689;311
train;8;12;100;0.8000000000;0.0296242350;212.2124065740;60000;10655.9785898390;3240000;;
test;8;12;100;0.8000000000;0.0342346200;121.8699439300;60000;10655.9785898390;3240000;59525;475
test;8;12;100;0.8000000000;0.0390202080;19.5192682150;10000;10655.9785898390;3240000;9756;244
train;8;12;100;0.8000000000;0.0302209170;215.5738645400;60000;10871.5524543790;3300000;;
test;8;12;100;0.8000000000;0.0346238540;117.5536392280;60000;10871.5524543790;3300000;59528;472
test;8;12;100;0.8000000000;0.0308447660;20.5409749650;10000;10871.5524543790;3300000;9753;247
train;8;12;100;0.8000000000;0.0311454180;207.0062232200;60000;11078.5586775990;3360000;;
test;8;12;100;0.8000000000;0.0329887160;119.5468212850;60000;11078.5586775990;3360000;59536;464
test;8;12;100;0.8000000000;0.0376323940;19.8546914620;10000;11078.5586775990;3360000;9744;256
train;8;12;100;0.8000000000;0.0305825670;212.0161037080;60000;11290.5747813070;3420000;;
test;8;12;100;0.8000000000;0.0356768510;118.3144492960;60000;11290.5747813070;3420000;59411;589
test;8;12;100;0.8000000000;0.0384898550;20.0673913280;10000;11290.5747813070;3420000;9741;259
train;8;12;100;0.8000000000;0.0298778900;215.4334938750;60000;11506.0082751820;3480000;;
test;8;12;100;0.8000000000;0.0335256080;121.5664220690;60000;11506.0082751820;3480000;59300;700
test;8;12;100;0.8000000000;0.0306349820;20.2199657670;10000;11506.0082751820;3480000;9739;261
train;8;12;100;0.8000000000;0.0298611000;211.1558952210;60000;11717.1641704030;3540000;;
test;8;12;100;0.8000000000;0.0328904300;114.7605362520;60000;11717.1641704030;3540000;59628;372
test;8;12;100;0.8000000000;0.0555919590;19.2534801140;10000;11717.1641704030;3540000;9772;228
train;8;12;100;0.8000000000;0.0297373540;205.3911303750;60000;11922.5553007780;3600000;;
test;8;12;100;0.8000000000;0.0322452470;111.6966116070;60000;11922.5553007780;3600000;59602;398
test;8;12;100;0.8000000000;0.0757565130;20.9598827730;10000;11922.5553007780;3600000;9774;226
train;8;12;100;0.8000000000;0.0301704600;216.3643652190;60000;12138.9196659970;3660000;;
test;8;12;100;0.8000000000;0.0329587580;120.0102041990;60000;12138.9196659970;3660000;59530;470
test;8;12;100;0.8000000000;0.0341355830;21.6117147500;10000;12138.9196659970;3660000;9743;257
train;8;12;100;0.8000000000;0.0303782010;217.4945931330;60000;12356.4142591300;3720000;;
test;8;12;100;0.8000000000;0.0343217840;120.7020940490;60000;12356.4142591300;3720000;59565;435
test;8;12;100;0.8000000000;0.0432329030;21.0676423760;10000;12356.4142591300;3720000;9757;243
train;8;12;100;0.8000000000;0.0318303900;203.4508170060;60000;12559.8650761360;3780000;;
test;8;12;100;0.8000000000;0.0298984310;110.7311316210;60000;12559.8650761360;3780000;59596;404
test;8;12;100;0.8000000000;0.0370185020;18.5585088540;10000;12559.8650761360;3780000;9759;241
train;8;12;100;0.8000000000;0.0311722510;194.5860979700;60000;12754.4511741060;3840000;;
test;8;12;100;0.8000000000;0.0360372530;114.0863474790;60000;12754.4511741060;3840000;59530;470
test;8;12;100;0.8000000000;0.0878685780;21.5248545030;10000;12754.4511741060;3840000;9748;252
train;8;12;100;0.8000000000;0.0326706030;216.1105197340;60000;12970.5616938400;3900000;;
test;8;12;100;0.8000000000;0.0365497300;120.4922991400;60000;12970.5616938400;3900000;59679;321
test;8;12;100;0.8000000000;0.0324671550;21.7241794020;10000;12970.5616938400;3900000;9773;227
train;8;12;100;0.8000000000;0.0310484660;214.9430803290;60000;13185.5047741690;3960000;;
test;8;12;100;0.8000000000;0.0365545210;119.9280565010;60000;13185.5047741690;3960000;59623;377
test;8;12;100;0.8000000000;0.0337443920;20.5990034050;10000;13185.5047741690;3960000;9756;244
train;8;12;100;0.8000000000;0.0301918760;211.8178499760;60000;13397.3226241450;4020000;;
test;8;12;100;0.8000000000;0.0347534300;115.2570424090;60000;13397.3226241450;4020000;59683;317
test;8;12;100;0.8000000000;0.0374265250;19.7806837080;10000;13397.3226241450;4020000;9762;238
train;8;12;100;0.8000000000;0.0324251130;207.2574517830;60000;13604.5800759280;4080000;;
test;8;12;100;0.8000000000;0.0334218210;119.4783293020;60000;13604.5800759280;4080000;59523;477
test;8;12;100;0.8000000000;0.0376324760;19.8215339640;10000;13604.5800759280;4080000;9757;243
train;8;12;100;0.8000000000;0.0315094460;212.0624864790;60000;13816.6425624070;4140000;;
test;8;12;100;0.8000000000;0.0358372180;125.7463491880;60000;13816.6425624070;4140000;59584;416
test;8;12;100;0.8000000000;0.0433888950;20.3934088550;10000;13816.6425624070;4140000;9740;260
train;8;12;100;0.8000000000;0.0291204640;215.3857222870;60000;14032.0282846940;4200000;;
test;8;12;100;0.8000000000;0.0329178430;117.1283954760;60000;14032.0282846940;4200000;59663;337
test;8;12;100;0.8000000000;0.0376703480;18.8904764140;10000;14032.0282846940;4200000;9752;248
train;8;12;100;0.8000000000;0.0329886740;209.5401004420;60000;14241.5683851360;4260000;;
test;8;12;100;0.8000000000;0.0307396030;118.6883277310;60000;14241.5683851360;4260000;59663;337
test;8;12;100;0.8000000000;0.0301559620;20.5117558010;10000;14241.5683851360;4260000;9765;235
train;8;12;100;0.8000000000;0.0318550530;212.9377661190;60000;14454.5061512550;4320000;;
test;8;12;100;0.8000000000;0.0403082360;119.5871738170;60000;14454.5061512550;4320000;58785;1215
test;8;12;100;0.8000000000;0.0489134100;20.5762537090;10000;14454.5061512550;4320000;9664;336
train;8;12;100;0.8000000000;0.0311231290;209.7146776890;60000;14664.2208289440;4380000;;
test;8;12;100;0.8000000000;0.0333195770;120.1821549730;60000;14664.2208289440;4380000;59707;293
test;8;12;100;0.8000000000;0.0330117150;21.2295253730;10000;14664.2208289440;4380000;9772;228
train;8;12;100;0.8000000000;0.0298485160;214.9951943120;60000;14879.2160232560;4440000;;
test;8;12;100;0.8000000000;0.0290472590;117.3437882720;60000;14879.2160232560;4440000;59696;304
test;8;12;100;0.8000000000;0.0390127070;21.1345680170;10000;14879.2160232560;4440000;9771;229
train;8;12;100;0.8000000000;0.0298700560;213.0963150920;60000;15092.3123383480;4500000;;
test;8;12;100;0.8000000000;0.0322400800;111.8281538230;60000;15092.3123383480;4500000;59704;296
test;8;12;100;0.8000000000;0.0381682450;20.4832382660;10000;15092.3123383480;4500000;9763;237
train;8;12;100;0.8000000000;0.0319447600;217.6181460530;60000;15309.9304844010;4560000;;
test;8;12;100;0.8000000000;0.0342752420;121.5936106980;60000;15309.9304844010;4560000;59710;290
test;8;12;100;0.8000000000;0.0341075830;20.9326866010;10000;15309.9304844010;4560000;9767;233
train;8;12;100;0.8000000000;0.0322257480;210.9454790490;60000;15520.8759634500;4620000;;
test;8;12;100;0.8000000000;0.0348181370;121.8073125190;60000;15520.8759634500;4620000;59727;273
test;8;12;100;0.8000000000;0.0397024710;20.4589093060;10000;15520.8759634500;4620000;9763;237
train;8;12;100;0.8000000000;0.0302659970;221.7108782400;60000;15742.5868416900;4680000;;
test;8;12;100;0.8000000000;0.0350599600;114.0975769200;60000;15742.5868416900;4680000;59720;280
test;8;12;100;0.8000000000;0.0639223930;20.7589076920;10000;15742.5868416900;4680000;9766;234
train;8;12;100;0.8000000000;0.0318362240;215.3443662650;60000;15957.9312079550;4740000;;
test;8;12;100;0.8000000000;0.0344450690;119.7323559020;60000;15957.9312079550;4740000;59668;332
test;8;12;100;0.8000000000;0.0329335920;20.8933214520;10000;15957.9312079550;4740000;9761;239
train;8;12;100;0.8000000000;0.0335917310;206.5523370790;60000;16164.4835450340;4800000;;
test;8;12;100;0.8000000000;0.0321360010;112.3667283890;60000;16164.4835450340;4800000;59648;352
test;8;12;100;0.8000000000;0.0750339190;19.7746835460;10000;16164.4835450340;4800000;9751;249
train;8;12;100;0.8000000000;0.0296686910;216.4087030740;60000;16380.8922481080;4860000;;
test;8;12;100;0.8000000000;0.0342682030;118.1959834790;60000;16380.8922481080;4860000;59584;416
test;8;12;100;0.8000000000;0.0326146480;21.0400591790;10000;16380.8922481080;4860000;9743;257
train;8;12;100;0.8000000000;0.0301524600;211.9352376210;60000;16592.8274857290;4920000;;
test;8;12;100;0.8000000000;0.0344920660;120.9307267340;60000;16592.8274857290;4920000;59623;377
test;8;12;100;0.8000000000;0.0338833030;18.7710504790;10000;16592.8274857290;4920000;9759;241
train;8;12;100;0.8000000000;0.0296966890;212.9377943640;60000;16805.7652800930;4980000;;
test;8;12;100;0.8000000000;0.0351850360;120.0625479590;60000;16805.7652800930;4980000;59630;370
test;8;12;100;0.8000000000;0.0336616040;20.3435518200;10000;16805.7652800930;4980000;9769;231
train;8;12;100;0.8000000000;0.0335999390;210.3032631600;60000;17016.0685432530;5040000;;
test;8;12;100;0.8000000000;0.0322030400;116.7174929540;60000;17016.0685432530;5040000;59747;253
test;8;12;100;0.8000000000;0.0308210580;21.0929243780;10000;17016.0685432530;5040000;9772;228
train;8;12;100;0.8000000000;0.0296441920;216.8823130440;60000;17232.9508562970;5100000;;
test;8;12;100;0.8000000000;0.0339822550;120.3102275440;60000;17232.9508562970;5100000;59629;371
test;8;12;100;0.8000000000;0.0365380640;22.0229633410;10000;17232.9508562970;5100000;9743;257
train;8;12;100;0.8000000000;0.0331724150;207.9545358710;60000;17440.9053921680;5160000;;
test;8;12;100;0.8000000000;0.0337414750;120.8016131590;60000;17440.9053921680;5160000;59773;227
test;8;12;100;0.8000000000;0.0347737220;21.2366856540;10000;17440.9053921680;5160000;9768;232
train;8;12;100;0.8000000000;0.0298443890;194.1284232280;60000;17635.0338153960;5220000;;
test;8;12;100;0.8000000000;0.0322438730;108.3311427250;60000;17635.0338153960;5220000;59589;411
test;8;12;100;0.8000000000;0.0331774160;18.2399382590;10000;17635.0338153960;5220000;9750;250
train;8;12;100;0.8000000000;0.0291163810;192.6539323180;60000;17827.6877477140;5280000;;
test;8;12;100;0.8000000000;0.0330240890;109.0993898930;60000;17827.6877477140;5280000;59571;429
test;8;12;100;0.8000000000;0.0341076250;18.8875720430;10000;17827.6877477140;5280000;9731;269
train;8;12;100;0.8000000000;0.0296073600;211.7553410620;60000;18039.4430887760;5340000;;
test;8;12;100;0.8000000000;0.0328362230;121.0391830960;60000;18039.4430887760;5340000;59660;340
test;8;12;100;0.8000000000;0.0342349110;21.9803850350;10000;18039.4430887760;5340000;9760;240
train;8;12;100;0.8000000000;0.0294448680;206.0417126530;60000;18245.4848014290;5400000;;
test;8;12;100;0.8000000000;0.0365323960;122.7318208510;60000;18245.4848014290;5400000;59589;411
test;8;12;100;0.8000000000;0.0407238420;20.9190875150;10000;18245.4848014290;5400000;9733;267
train;8;12;100;0.8000000000;0.0385391860;210.8609816990;60000;18456.3457831280;5460000;;
test;8;12;100;0.8000000000;0.0355631870;120.3634945560;60000;18456.3457831280;5460000;59766;234
test;8;12;100;0.8000000000;0.0485962990;20.3572613570;10000;18456.3457831280;5460000;9766;234
train;8;12;100;0.8000000000;0.0323057450;215.5218226000;60000;18671.8676057280;5520000;;
test;8;12;100;0.8000000000;0.0295365720;123.3575504360;60000;18671.8676057280;5520000;59554;446
test;8;12;100;0.8000000000;0.0334906110;21.1683771940;10000;18671.8676057280;5520000;9732;268
train;8;12;100;0.8000000000;0.0330012560;214.0709387720;60000;18885.9385445000;5580000;;
test;8;12;100;0.8000000000;0.0297133550;119.3850908630;60000;18885.9385445000;5580000;59791;209
test;8;12;100;0.8000000000;0.0384360240;20.4485167110;10000;18885.9385445000;5580000;9765;235
train;8;12;100;0.8000000000;0.0314681970;217.3214178190;60000;19103.2599623190;5640000;;
test;8;12;100;0.8000000000;0.0334613190;121.9292341440;60000;19103.2599623190;5640000;59682;318
test;8;12;100;0.8000000000;0.0340237130;20.5375451500;10000;19103.2599623190;5640000;9741;259
train;8;12;100;0.8000000000;0.0295294470;215.1453851050;60000;19318.4053474240;5700000;;
test;8;12;100;0.8000000000;0.0363700280;122.8071752890;60000;19318.4053474240;5700000;59604;396
test;8;12;100;0.8000000000;0.0342578280;21.1444836780;10000;19318.4053474240;5700000;9742;258
train;8;12;100;0.8000000000;0.0318356810;217.4249571860;60000;19535.8303046100;5760000;;
test;8;12;100;0.8000000000;0.0295402370;119.2854350830;60000;19535.8303046100;5760000;59786;214
test;8;12;100;0.8000000000;0.0361731210;20.8582715320;10000;19535.8303046100;5760000;9756;244
train;8;12;100;0.8000000000;0.0314786970;215.2017915690;60000;19751.0320961790;5820000;;
test;8;12;100;0.8000000000;0.0323066210;123.0411351220;60000;19751.0320961790;5820000;59708;292
test;8;12;100;0.8000000000;0.0371542470;20.6017567020;10000;19751.0320961790;5820000;9756;244
train;8;12;100;0.8000000000;0.0297177720;209.8483626000;60000;19960.8804587790;5880000;;
test;8;12;100;0.8000000000;0.0334907780;122.5326803950;60000;19960.8804587790;5880000;57990;2010
test;8;12;100;0.8000000000;0.0341700410;20.0891752280;10000;19960.8804587790;5880000;9492;508
train;8;12;100;0.8000000000;0.0317521430;217.1402992710;60000;20178.0207580500;5940000;;
test;8;12;100;0.8000000000;0.0331474160;116.7223493730;60000;20178.0207580500;5940000;59773;227
test;8;12;100;0.8000000000;0.0341189590;20.6079153140;10000;20178.0207580500;5940000;9765;235
train;8;12;100;0.8000000000;0.0305723170;216.8969514610;60000;20394.9177095110;6000000;;
test;8;12;100;0.8000000000;0.0348878420;120.9101604870;60000;20394.9177095110;6000000;58959;1041
test;8;12;100;0.8000000000;0.0385967260;20.4803093910;10000;20394.9177095110;6000000;9652;348
