Mode;CPUs;Parallel;WorkerBatch;LearningRate;WorkerSetupTime;EpochElapsedTime;EpochLines;TotalElapsedTime;TotalLines;Correct;Incorrect
train;8;6;100;0.8000000000;0.0180366470;262.4046384630;60000;262.4046384630;60000;;
test;8;6;100;0.8000000000;0.0183443410;143.5797559440;60000;262.4046384630;60000;54393;5607
test;8;6;100;0.8000000000;0.0168483630;23.3906408930;10000;262.4046384630;60000;9153;847
train;8;6;100;0.8000000000;0.0178430300;258.1434791510;60000;520.5481176140;120000;;
test;8;6;100;0.8000000000;0.0187379910;149.5948037230;60000;520.5481176140;120000;54988;5012
test;8;6;100;0.8000000000;0.0168533630;27.1030711170;10000;520.5481176140;120000;9200;800
train;8;6;100;0.8000000000;0.0204182940;260.9153081210;60000;781.4634257350;180000;;
test;8;6;100;0.8000000000;0.0159257780;148.8450770560;60000;781.4634257350;180000;56293;3707
test;8;6;100;0.8000000000;0.0175175410;26.0244937910;10000;781.4634257350;180000;9366;634
train;8;6;100;0.8000000000;0.0171707670;269.4941415300;60000;1050.9575672650;240000;;
test;8;6;100;0.8000000000;0.0184069210;147.5107826640;60000;1050.9575672650;240000;56723;3277
test;8;6;100;0.8000000000;0.0278104790;25.4981283720;10000;1050.9575672650;240000;9412;588
train;8;6;100;0.8000000000;0.0164026330;273.4742313150;60000;1324.4317985800;300000;;
test;8;6;100;0.8000000000;0.0187046180;148.7454349380;60000;1324.4317985800;300000;57312;2688
test;8;6;100;0.8000000000;0.0189834390;24.8371964900;10000;1324.4317985800;300000;9505;495
train;8;6;100;0.8000000000;0.0163023450;264.5394059470;60000;1588.9712045270;360000;;
test;8;6;100;0.8000000000;0.5988891560;150.2531149250;60000;1588.9712045270;360000;57586;2414
test;8;6;100;0.8000000000;0.0201168070;24.9793671220;10000;1588.9712045270;360000;9556;444
train;8;6;100;0.8000000000;0.0207441970;259.0935663350;60000;1848.0647708620;420000;;
test;8;6;100;0.8000000000;0.0191619310;149.1593014510;60000;1848.0647708620;420000;57683;2317
test;8;6;100;0.8000000000;0.0177312840;25.0186617360;10000;1848.0647708620;420000;9571;429
train;8;6;100;0.8000000000;0.0181047260;249.4847867690;60000;2097.5495576310;480000;;
test;8;6;100;0.8000000000;0.0204132100;146.8550268900;60000;2097.5495576310;480000;57893;2107
test;8;6;100;0.8000000000;0.0163542180;23.1220787050;10000;2097.5495576310;480000;9586;414
train;8;6;100;0.8000000000;0.0165286690;257.1901346800;60000;2354.7396923110;540000;;
test;8;6;100;0.8000000000;0.0188917750;156.4686505840;60000;2354.7396923110;540000;58269;1731
test;8;6;100;0.8000000000;0.0169609010;24.3133845430;10000;2354.7396923110;540000;9646;354
train;8;6;100;0.8000000000;0.0171829750;263.3012538090;60000;2618.0409461200;600000;;
test;8;6;100;0.8000000000;0.0177190770;147.9207310150;60000;2618.0409461200;600000;58301;1699
test;8;6;100;0.8000000000;0.0196687430;25.1654983380;10000;2618.0409461200;600000;9637;363
train;8;6;100;0.8000000000;0.0165712090;265.1002495560;60000;2883.1411956760;660000;;
test;8;6;100;0.8000000000;0.0220583060;149.2388345140;60000;2883.1411956760;660000;58326;1674
test;8;6;100;0.8000000000;0.0198860250;26.0313914590;10000;2883.1411956760;660000;9672;328
train;8;6;100;0.8000000000;0.0175063340;266.1090611160;60000;3149.2502567920;720000;;
test;8;6;100;0.8000000000;0.0189206900;138.3386709270;60000;3149.2502567920;720000;58672;1328
test;8;6;100;0.8000000000;0.0167182850;23.9569383170;10000;3149.2502567920;720000;9693;307
train;8;6;100;0.8000000000;0.0170922260;265.4619798090;60000;3414.7122366010;780000;;
test;8;6;100;0.8000000000;0.0158890700;147.0245428970;60000;3414.7122366010;780000;58626;1374
test;8;6;100;0.8000000000;0.0170008980;25.3292213410;10000;3414.7122366010;780000;9694;306
train;8;6;100;0.8000000000;0.0158822790;261.3940374450;60000;3676.1062740460;840000;;
test;8;6;100;0.8000000000;0.0185435400;156.9706341790;60000;3676.1062740460;840000;58783;1217
test;8;6;100;0.8000000000;0.0175407920;24.5201651220;10000;3676.1062740460;840000;9721;279
train;8;6;100;0.8000000000;0.0172655530;246.5697142600;60000;3922.6759883060;900000;;
test;8;6;100;0.8000000000;0.0195003330;141.9026232910;60000;3922.6759883060;900000;58784;1216
test;8;6;100;0.8000000000;0.0208422760;23.7858723400;10000;3922.6759883060;900000;9699;301
train;8;6;100;0.8000000000;0.0158809450;254.8862622660;60000;4177.5622505720;960000;;
test;8;6;100;0.8000000000;0.0158227400;158.4062956120;60000;4177.5622505720;960000;58939;1061
test;8;6;100;0.8000000000;0.0194463350;25.5563047620;10000;4177.5622505720;960000;9725;275
train;8;6;100;0.8000000000;0.0179724400;264.1285313780;60000;4441.6907819500;1020000;;
test;8;6;100;0.8000000000;0.0196312040;149.4077076340;60000;4441.6907819500;1020000;58918;1082
test;8;6;100;0.8000000000;0.0191326410;26.0293796680;10000;4441.6907819500;1020000;9694;306
train;8;6;100;0.8000000000;0.0157626170;267.1930622060;60000;4708.8838441560;1080000;;
test;8;6;100;0.8000000000;0.0169829410;154.9175750800;60000;4708.8838441560;1080000;59027;973
test;8;6;100;0.8000000000;0.0168042400;26.1693287680;10000;4708.8838441560;1080000;9721;279
train;8;6;100;0.8000000000;0.0173915900;258.8854109050;60000;4967.7692550610;1140000;;
test;8;6;100;0.8000000000;0.0166180390;146.3882790470;60000;4967.7692550610;1140000;58909;1091
test;8;6;100;0.8000000000;0.0159856100;25.3609796900;10000;4967.7692550610;1140000;9714;286
train;8;6;100;0.8000000000;0.0170496470;261.4073776650;60000;5229.1766327260;1200000;;
test;8;6;100;0.8000000000;0.0209554380;153.3703363400;60000;5229.1766327260;1200000;59021;979
test;8;6;100;0.8000000000;0.0169665660;25.1256475770;10000;5229.1766327260;1200000;9724;276
train;8;6;100;0.8000000000;0.0201409730;261.0298758050;60000;5490.2065085310;1260000;;
test;8;6;100;0.8000000000;0.0178913200;164.7195339410;60000;5490.2065085310;1260000;59205;795
test;8;6;100;0.8000000000;0.0184287970;26.3672379370;10000;5490.2065085310;1260000;9737;263
train;8;6;100;0.8000000000;0.0158972380;267.2580160950;60000;5757.4645246260;1320000;;
test;8;6;100;0.8000000000;0.0184714610;148.5332865850;60000;5757.4645246260;1320000;59032;968
test;8;6;100;0.8000000000;0.0232606300;27.9750740950;10000;5757.4645246260;1320000;9734;266
train;8;6;100;0.8000000000;0.0164156730;265.1406024590;60000;6022.6051270850;1380000;;
test;8;6;100;0.8000000000;0.0176775360;161.0053830500;60000;6022.6051270850;1380000;59147;853
test;8;6;100;0.8000000000;0.0190291850;26.0379247160;10000;6022.6051270850;1380000;9732;268
train;8;6;100;0.8000000000;0.0172148880;267.8239107470;60000;6290.4290378320;1440000;;
test;8;6;100;0.8000000000;0.0206060770;145.2656232680;60000;6290.4290378320;1440000;59081;919
test;8;6;100;0.8000000000;0.0185874560;26.1318024150;10000;6290.4290378320;1440000;9712;288
train;8;6;100;0.8000000000;0.0160108990;256.9978704430;60000;6547.4269082750;1500000;;
test;8;6;100;0.8000000000;0.0158414070;139.5915977560;60000;6547.4269082750;1500000;59207;793
test;8;6;100;0.8000000000;0.0188828180;23.5265575010;10000;6547.4269082750;1500000;9728;272
train;8;6;100;0.8000000000;0.0210530590;265.2722737500;60000;6812.6991820250;1560000;;
test;8;6;100;0.8000000000;0.0180614370;149.2429190040;60000;6812.6991820250;1560000;59321;679
test;8;6;100;0.8000000000;0.0176779950;26.2724867360;10000;6812.6991820250;1560000;9748;252
train;8;6;100;0.8000000000;0.0171252270;268.5932469920;60000;7081.2924290170;1620000;;
test;8;6;100;0.8000000000;0.0167223270;153.0796793270;60000;7081.2924290170;1620000;59318;682
test;8;6;100;0.8000000000;0.0232565060;25.9054684200;10000;7081.2924290170;1620000;9736;264
train;8;6;100;0.8000000000;0.0194192540;261.3478697100;60000;7342.6402987270;1680000;;
test;8;6;100;0.8000000000;0.0173400100;146.3313828470;60000;7342.6402987270;1680000;59253;747
test;8;6;100;0.8000000000;0.0190630610;24.7806135300;10000;7342.6402987270;1680000;9744;256
train;8;6;100;0.8000000000;0.0170700630;256.0961511850;60000;7598.7364499120;1740000;;
test;8;6;100;0.8000000000;0.0178776930;152.9973500600;60000;7598.7364499120;1740000;59397;603
test;8;6;100;0.8000000000;0.0171853080;24.1466382110;10000;7598.7364499120;1740000;9741;259
train;8;6;100;0.8000000000;0.0157893670;248.5806079880;60000;7847.3170579000;1800000;;
test;8;6;100;0.8000000000;0.0176928270;144.4409341460;60000;7847.3170579000;1800000;59291;709
test;8;6;100;0.8000000000;0.0184717940;24.7020578880;10000;7847.3170579000;1800000;9720;280
train;8;6;100;0.8000000000;0.0157846170;248.5705207540;60000;8095.8875786540;1860000;;
test;8;6;100;0.8000000000;0.0231835910;148.5406396410;60000;8095.8875786540;1860000;59402;598
test;8;6;100;0.8000000000;0.0233292950;25.5798141290;10000;8095.8875786540;1860000;9744;256
train;8;6;100;0.8000000000;0.0189212340;268.3761871820;60000;8364.2637658360;1920000;;
test;8;6;100;0.8000000000;0.0181901810;154.4978018180;60000;8364.2637658360;1920000;59349;651
test;8;6;100;0.8000000000;0.0171547260;27.3896992410;10000;8364.2637658360;1920000;9738;262
train;8;6;100;0.8000000000;0.0174725450;267.9570653810;60000;8632.2208312170;1980000;;
test;8;6;100;0.8000000000;0.0201539310;145.7563242620;60000;8632.2208312170;1980000;59489;511
test;8;6;100;0.8000000000;0.0193935880;24.0229659950;10000;8632.2208312170;1980000;9756;244
train;8;6;100;0.8000000000;0.0182013050;261.6225027660;60000;8893.8433339830;2040000;;
test;8;6;100;0.8000000000;0.0205577890;147.2266195580;60000;8893.8433339830;2040000;59265;735
test;8;6;100;0.8000000000;0.0215756190;23.2509697370;10000;8893.8433339830;2040000;9721;279
train;8;6;100;0.8000000000;0.0161053120;260.7003302180;60000;9154.5436642010;2100000;;
test;8;6;100;0.8000000000;0.0171919320;148.4715845620;60000;9154.5436642010;2100000;59461;539
test;8;6;100;0.8000000000;0.0179856060;25.9595970650;10000;9154.5436642010;2100000;9742;258
train;8;6;100;0.8000000000;0.0160494400;267.6915646580;60000;9422.2352288590;2160000;;
test;8;6;100;0.8000000000;0.0162371400;146.2738844400;60000;9422.2352288590;2160000;59536;464
test;8;6;100;0.8000000000;0.0203631700;25.3211235190;10000;9422.2352288590;2160000;9752;248
train;8;6;100;0.8000000000;0.0161524340;250.7666043170;60000;9673.0018331760;2220000;;
test;8;6;100;0.8000000000;0.0160073170;148.8172216240;60000;9673.0018331760;2220000;59552;448
test;8;6;100;0.8000000000;0.0189719810;24.2213380190;10000;9673.0018331760;2220000;9760;240
train;8;6;100;0.8000000000;0.0180088980;262.1801529370;60000;9935.1819861130;2280000;;
test;8;6;100;0.8000000000;0.0167205770;148.7676530330;60000;9935.1819861130;2280000;59565;435
test;8;6;100;0.8000000000;0.0184265450;26.5029265170;10000;9935.1819861130;2280000;9742;258
train;8;6;100;0.8000000000;0.0157677430;264.3290769310;60000;10199.5110630440;2340000;;
test;8;6;100;0.8000000000;0.0166660380;147.6722231000;60000;10199.5110630440;2340000;59528;472
test;8;6;100;0.8000000000;0.0186305370;24.2125488090;10000;10199.5110630440;2340000;9745;255
train;8;6;100;0.8000000000;0.0159248600;258.6873572830;60000;10458.1984203270;2400000;;
test;8;6;100;0.8000000000;0.0159086120;144.3988377390;60000;10458.1984203270;2400000;59469;531
test;8;6;100;0.8000000000;0.0168168640;26.2736938130;10000;10458.1984203270;2400000;9753;247
train;8;6;100;0.8000000000;0.0158363220;266.6839343310;60000;10724.8823546580;2460000;;
test;8;6;100;0.8000000000;0.0163595920;155.5440695160;60000;10724.8823546580;2460000;59644;356
test;8;6;100;0.8000000000;0.0197263240;23.2684744060;10000;10724.8823546580;2460000;9760;240
train;8;6;100;0.8000000000;0.0160485240;245.5399265990;60000;10970.4222812570;2520000;;
test;8;6;100;0.8000000000;0.0177332010;142.0610826780;60000;10970.4222812570;2520000;59486;514
test;8;6;100;0.8000000000;0.0187564070;22.4272786030;10000;10970.4222812570;2520000;9736;264
train;8;6;100;0.8000000000;0.0168571120;252.4238966320;60000;11222.8461778890;2580000;;
test;8;6;100;0.8000000000;0.0159270680;150.1501204550;60000;11222.8461778890;2580000;59555;445
test;8;6;100;0.8000000000;0.0178713600;26.1125812790;10000;11222.8461778890;2580000;9760;240
train;8;6;100;0.8000000000;0.0171615990;256.3338889010;60000;11479.1800667900;2640000;;
test;8;6;100;0.8000000000;0.0165846260;157.2225348390;60000;11479.1800667900;2640000;59656;344
test;8;6;100;0.8000000000;0.0177591170;24.9254731770;10000;11479.1800667900;2640000;9742;258
train;8;6;100;0.8000000000;0.0160882700;262.4593651200;60000;11741.6394319100;2700000;;
test;8;6;100;0.8000000000;0.0228460650;148.4517631130;60000;11741.6394319100;2700000;59579;421
test;8;6;100;0.8000000000;0.0177350340;25.4679261570;10000;11741.6394319100;2700000;9734;266
train;8;6;100;0.8000000000;0.0167370760;261.5669059300;60000;12003.2063378400;2760000;;
test;8;6;100;0.8000000000;0.0160371060;150.3410182940;60000;12003.2063378400;2760000;59492;508
test;8;6;100;0.8000000000;0.0168056980;27.7987779650;10000;12003.2063378400;2760000;9736;264
train;8;6;100;0.8000000000;0.0172111400;262.2019561310;60000;12265.4082939710;2820000;;
test;8;6;100;0.8000000000;0.0186411620;158.2864768190;60000;12265.4082939710;2820000;59579;421
test;8;6;100;0.8000000000;0.0169875660;25.9188256390;10000;12265.4082939710;2820000;9751;249
train;8;6;100;0.8000000000;0.0174430040;267.5440413000;60000;12532.9523352710;2880000;;
test;8;6;100;0.8000000000;0.0207393620;154.1311726860;60000;12532.9523352710;2880000;59523;477
test;8;6;100;0.8000000000;0.0221844270;23.5637567870;10000;12532.9523352710;2880000;9735;265
train;8;6;100;0.8000000000;0.0171578080;254.3530141350;60000;12787.3053494060;2940000;;
test;8;6;100;0.8000000000;0.0158638620;135.2862949590;60000;12787.3053494060;2940000;59646;354
test;8;6;100;0.8000000000;0.0163002630;24.0620452390;10000;12787.3053494060;2940000;9752;248
train;8;6;100;0.8000000000;0.0158286550;252.2282627300;60000;13039.5336121360;3000000;;
test;8;6;100;0.8000000000;0.0158684470;139.4823882090;60000;13039.5336121360;3000000;59466;534
test;8;6;100;0.8000000000;0.0188124890;23.3345135390;10000;13039.5336121360;3000000;9743;257
train;8;6;100;0.8000000000;0.0159116120;255.6178653750;60000;13295.1514775110;3060000;;
test;8;6;100;0.8000000000;0.0210209360;152.3567070560;60000;13295.1514775110;3060000;58782;1218
test;8;6;100;0.8000000000;0.0162410980;25.0934822460;10000;13295.1514775110;3060000;9642;358
train;8;6;100;0.8000000000;0.0166355380;258.3290942160;60000;13553.4805717270;3120000;;
test;8;6;100;0.8000000000;0.0179416090;147.3906539260;60000;13553.4805717270;3120000;59523;477
test;8;6;100;0.8000000000;0.0164445060;26.4113261380;10000;13553.4805717270;3120000;9748;252
train;8;6;100;0.8000000000;0.0162884700;264.9381885720;60000;13818.4187602990;3180000;;
test;8;6;100;0.8000000000;0.0179314010;151.9911758100;60000;13818.4187602990;3180000;59590;410
test;8;6;100;0.8000000000;0.0165158360;22.8325731990;10000;13818.4187602990;3180000;9741;259
train;8;6;100;0.8000000000;0.0175002940;265.0131459060;60000;14083.4319062050;3240000;;
test;8;6;100;0.8000000000;0.0161298110;157.3351083580;60000;14083.4319062050;3240000;59453;547
test;8;6;100;0.8000000000;0.0163505920;28.0426890410;10000;14083.4319062050;3240000;9711;289
train;8;6;100;0.8000000000;0.0179459420;258.2159223010;60000;14341.6478285060;3300000;;
test;8;6;100;0.8000000000;0.0163735090;152.9758391510;60000;14341.6478285060;3300000;59751;249
test;8;6;100;0.8000000000;0.0178986940;24.3050075240;10000;14341.6478285060;3300000;9753;247
train;8;6;100;0.8000000000;0.0175765400;247.8072289980;60000;14589.4550575040;3360000;;
test;8;6;100;0.8000000000;0.0157147450;143.9103718580;60000;14589.4550575040;3360000;59683;317
test;8;6;100;0.8000000000;0.0187659470;24.5707520440;10000;14589.4550575040;3360000;9747;253
train;8;6;100;0.8000000000;0.0158403240;249.0713588520;60000;14838.5264163560;3420000;;
test;8;6;100;0.8000000000;0.0184213390;151.0608490720;60000;14838.5264163560;3420000;59777;223
test;8;6;100;0.8000000000;0.0162638480;25.9732871900;10000;14838.5264163560;3420000;9752;248
train;8;6;100;0.8000000000;0.0169348180;264.0463516840;60000;15102.5727680400;3480000;;
test;8;6;100;0.8000000000;0.0170260230;155.4121206160;60000;15102.5727680400;3480000;59213;787
test;8;6;100;0.8000000000;0.0168391560;26.7460160810;10000;15102.5727680400;3480000;9677;323
train;8;6;100;0.8000000000;0.0169194030;264.5504431780;60000;15367.1232112180;3540000;;
test;8;6;100;0.8000000000;0.0176055400;150.1405340640;60000;15367.1232112180;3540000;59731;269
test;8;6;100;0.8000000000;0.0169294830;26.5435432760;10000;15367.1232112180;3540000;9761;239
train;8;6;100;0.8000000000;0.0173802980;260.5527569830;60000;15627.6759682010;3600000;;
test;8;6;100;0.8000000000;0.0178238220;149.0291505160;60000;15627.6759682010;3600000;59688;312
test;8;6;100;0.8000000000;0.0168870690;25.2552751680;10000;15627.6759682010;3600000;9738;262
train;8;6;100;0.8000000000;0.0165417100;265.4389219150;60000;15893.1148901160;3660000;;
test;8;6;100;0.8000000000;0.0198783170;153.3766442710;60000;15893.1148901160;3660000;59715;285
test;8;6;100;0.8000000000;0.0182476790;24.6201440590;10000;15893.1148901160;3660000;9754;246
train;8;6;100;0.8000000000;0.0177436170;267.0279373410;60000;16160.1428274570;3720000;;
test;8;6;100;0.8000000000;0.0186122460;158.1733266200;60000;16160.1428274570;3720000;59756;244
test;8;6;100;0.8000000000;0.0262487540;25.3413224840;10000;16160.1428274570;3720000;9757;243
train;8;6;100;0.8000000000;0.0172346380;250.9592708300;60000;16411.1020982870;3780000;;
test;8;6;100;0.8000000000;0.0157715340;135.2446166100;60000;16411.1020982870;3780000;59735;265
test;8;6;100;0.8000000000;0.0185802480;24.3256930990;10000;16411.1020982870;3780000;9740;260
train;8;6;100;0.8000000000;0.0168744860;256.0296902750;60000;16667.1317885620;3840000;;
test;8;6;100;0.8000000000;0.0257989820;149.9475954720;60000;16667.1317885620;3840000;59664;336
test;8;6;100;0.8000000000;0.0246709030;25.4241323250;10000;16667.1317885620;3840000;9742;258
train;8;6;100;0.8000000000;0.0168784450;262.1167168050;60000;16929.2485053670;3900000;;
test;8;6;100;0.8000000000;0.0199850620;139.7732029190;60000;16929.2485053670;3900000;59710;290
test;8;6;100;0.8000000000;0.0168343650;24.0745840390;10000;16929.2485053670;3900000;9749;251
train;8;6;100;0.8000000000;0.0204994570;248.6665588250;60000;17177.9150641920;3960000;;
test;8;6;100;0.8000000000;0.0199896880;144.4735978680;60000;17177.9150641920;3960000;59719;281
test;8;6;100;0.8000000000;0.0178154470;25.3488490450;10000;17177.9150641920;3960000;9747;253
train;8;6;100;0.8000000000;0.0171608100;268.9661771770;60000;17446.8812413690;4020000;;
test;8;6;100;0.8000000000;0.0212241350;148.3455187470;60000;17446.8812413690;4020000;59778;222
test;8;6;100;0.8000000000;0.0161859740;25.9285959310;10000;17446.8812413690;4020000;9740;260
train;8;6;100;0.8000000000;0.0194374600;262.6959943430;60000;17709.5772357120;4080000;;
test;8;6;100;0.8000000000;0.0192410100;146.2727276940;60000;17709.5772357120;4080000;59463;537
test;8;6;100;0.8000000000;0.0192100120;25.2427859490;10000;17709.5772357120;4080000;9703;297
train;8;6;100;0.8000000000;0.0202808840;268.8542700040;60000;17978.4315057160;4140000;;
test;8;6;100;0.8000000000;0.0177623240;151.5441164270;60000;17978.4315057160;4140000;59736;264
test;8;6;100;0.8000000000;0.0200051870;24.2467784320;10000;17978.4315057160;4140000;9753;247
train;8;6;100;0.8000000000;0.0176741620;263.7587707660;60000;18242.1902764820;4200000;;
test;8;6;100;0.8000000000;0.0169997320;142.3456816780;60000;18242.1902764820;4200000;59810;190
test;8;6;100;0.8000000000;0.0222455500;25.5135063380;10000;18242.1902764820;4200000;9748;252
train;8;6;100;0.8000000000;0.0221673020;260.8226924850;60000;18503.0129689670;4260000;;
test;8;6;100;0.8000000000;0.0175348330;154.7756383180;60000;18503.0129689670;4260000;59492;508
test;8;6;100;0.8000000000;0.0246171570;24.9032485430;10000;18503.0129689670;4260000;9713;287
train;8;6;100;0.8000000000;0.0167995740;260.0041167160;60000;18763.0170856830;4320000;;
test;8;6;100;0.8000000000;0.0182605530;153.7799694060;60000;18763.0170856830;4320000;59836;164
test;8;6;100;0.8000000000;0.0160025250;25.6810302620;10000;18763.0170856830;4320000;9747;253
train;8;6;100;0.8000000000;0.0177636990;259.6720825350;60000;19022.6891682180;4380000;;
test;8;6;100;0.8000000000;0.0177067020;153.5419039980;60000;19022.6891682180;4380000;59389;611
test;8;6;100;0.8000000000;0.0177119520;27.0191264130;10000;19022.6891682180;4380000;9689;311
train;8;6;100;0.8000000000;0.0165287100;259.6575800340;60000;19282.3467482520;4440000;;
test;8;6;100;0.8000000000;0.0163330940;153.2919678060;60000;19282.3467482520;4440000;59823;177
test;8;6;100;0.8000000000;0.0165677920;24.7244595980;10000;19282.3467482520;4440000;9760;240
train;8;6;100;0.8000000000;0.0171281850;248.4980593920;60000;19530.8448076440;4500000;;
test;8;6;100;0.8000000000;0.0173918410;141.3116394150;60000;19530.8448076440;4500000;59722;278
test;8;6;100;0.8000000000;0.0189518570;24.2454923210;10000;19530.8448076440;4500000;9740;260
train;8;6;100;0.8000000000;0.0211840930;245.6097782810;60000;19776.4545859250;4560000;;
test;8;6;100;0.8000000000;0.0196621170;137.9695704440;60000;19776.4545859250;4560000;59807;193
test;8;6;100;0.8000000000;0.0187857810;23.0411189580;10000;19776.4545859250;4560000;9764;236
train;8;6;100;0.8000000000;0.0156101660;253.1793350870;60000;20029.6339210120;4620000;;
test;8;6;100;0.8000000000;0.0198251520;159.5075563440;60000;20029.6339210120;4620000;59755;245
test;8;6;100;0.8000000000;0.0185162090;25.2385293390;10000;20029.6339210120;4620000;9751;249
train;8;6;100;0.8000000000;0.0165144600;254.8645013580;60000;20284.4984223700;4680000;;
test;8;6;100;0.8000000000;0.0179568160;151.2792996960;60000;20284.4984223700;4680000;59850;150
test;8;6;100;0.8000000000;0.0164754620;26.6197081500;10000;20284.4984223700;4680000;9762;238
train;8;6;100;0.8000000000;0.0206300360;264.4243508170;60000;20548.9227731870;4740000;;
test;8;6;100;0.8000000000;0.0168260740;159.3229466890;60000;20548.9227731870;4740000;59846;154
test;8;6;100;0.8000000000;0.0169179860;26.3352577180;10000;20548.9227731870;4740000;9752;248
train;8;6;100;0.8000000000;0.0161285590;261.5228942720;60000;20810.4456674590;4800000;;
test;8;6;100;0.8000000000;0.0193320470;144.6776766870;60000;20810.4456674590;4800000;59788;212
test;8;6;100;0.8000000000;0.0185750820;27.2959054170;10000;20810.4456674590;4800000;9754;246
train;8;6;100;0.8000000000;0.0190586850;266.8230273120;60000;21077.2686947710;4860000;;
test;8;6;100;0.8000000000;0.0181028100;151.8347359170;60000;21077.2686947710;4860000;59792;208
test;8;6;100;0.8000000000;0.0205759540;25.7974025400;10000;21077.2686947710;4860000;9755;245
train;8;6;100;0.8000000000;0.0181258490;266.1428137960;60000;21343.4115085670;4920000;;
test;8;6;100;0.8000000000;0.0203294650;145.2577431980;60000;21343.4115085670;4920000;59817;183
test;8;6;100;0.8000000000;0.0202315100;25.3164145090;10000;21343.4115085670;4920000;9751;249
train;8;6;100;0.8000000000;0.0160989790;264.3982384750;60000;21607.8097470420;4980000;;
test;8;6;100;0.8000000000;0.0181034770;145.6975818190;60000;21607.8097470420;4980000;59875;125
test;8;6;100;0.8000000000;0.0228646900;26.0123593110;10000;21607.8097470420;4980000;9758;242
train;8;6;100;0.8000000000;0.0169509830;251.8541471300;60000;21859.6638941720;5040000;;
test;8;6;100;0.8000000000;0.0186782860;152.7937996370;60000;21859.6638941720;5040000;59826;174
test;8;6;100;0.8000000000;0.0170342310;26.5356961520;10000;21859.6638941720;5040000;9749;251
train;8;6;100;0.8000000000;0.0159112370;258.9520144710;60000;22118.6159086430;5100000;;
test;8;6;100;0.8000000000;0.0160414400;150.2714988470;60000;22118.6159086430;5100000;59807;193
test;8;6;100;0.8000000000;0.0171583490;26.1736171730;10000;22118.6159086430;5100000;9734;266
train;8;6;100;0.8000000000;0.0173165930;260.3575993230;60000;22378.9735079660;5160000;;
test;8;6;100;0.8000000000;0.0163206360;143.3923832020;60000;22378.9735079660;5160000;59837;163
test;8;6;100;0.8000000000;0.0165910810;26.2196364060;10000;22378.9735079660;5160000;9736;264
train;8;6;100;0.8000000000;0.0155416270;264.4518026490;60000;22643.4253106150;5220000;;
test;8;6;100;0.8000000000;0.0184155460;140.5520028790;60000;22643.4253106150;5220000;59461;539
test;8;6;100;0.8000000000;0.0187971960;23.9393448600;10000;22643.4253106150;5220000;9709;291
train;8;6;100;0.8000000000;0.0157834920;263.4714327430;60000;22906.8967433580;5280000;;
test;8;6;100;0.8000000000;0.0159404430;152.1220800570;60000;22906.8967433580;5280000;59260;740
test;8;6;100;0.8000000000;0.0198966500;23.7742127530;10000;22906.8967433580;5280000;9665;335
train;8;6;100;0.8000000000;0.0173934640;255.0116089090;60000;23161.9083522670;5340000;;
test;8;6;100;0.8000000000;0.0178362370;140.7638595670;60000;23161.9083522670;5340000;59776;224
test;8;6;100;0.8000000000;0.0188811500;23.1531526670;10000;23161.9083522670;5340000;9761;239
train;8;6;100;0.8000000000;0.0157039530;254.3810612370;60000;23416.2894135040;5400000;;
test;8;6;100;0.8000000000;0.0164981290;154.4072682720;60000;23416.2894135040;5400000;59764;236
test;8;6;100;0.8000000000;0.0163798830;24.9844363630;10000;23416.2894135040;5400000;9733;267
train;8;6;100;0.8000000000;0.0172710120;259.2806461780;60000;23675.5700596820;5460000;;
test;8;6;100;0.8000000000;0.0194779180;153.6542145280;60000;23675.5700596820;5460000;59664;336
test;8;6;100;0.8000000000;0.0167393270;24.2868257210;10000;23675.5700596820;5460000;9725;275
train;8;6;100;0.8000000000;0.0165640830;261.5039331600;60000;23937.0739928420;5520000;;
test;8;6;100;0.8000000000;0.0158411150;152.3913359180;60000;23937.0739928420;5520000;59839;161
test;8;6;100;0.8000000000;0.0181346000;25.4887004400;10000;23937.0739928420;5520000;9744;256
train;8;6;100;0.8000000000;0.0190921850;265.9039483710;60000;24202.9779412130;5580000;;
test;8;6;100;0.8000000000;0.0189785220;153.5601219740;60000;24202.9779412130;5580000;59877;123
test;8;6;100;0.8000000000;0.0169184860;26.2777808420;10000;24202.9779412130;5580000;9754;246
train;8;6;100;0.8000000000;0.0165871240;264.3270327750;60000;24467.3049739880;5640000;;
test;8;6;100;0.8000000000;0.0173060940;151.9980624770;60000;24467.3049739880;5640000;59886;114
test;8;6;100;0.8000000000;0.0178136970;26.0081049520;10000;24467.3049739880;5640000;9767;233
train;8;6;100;0.8000000000;0.0179414840;255.7381068210;60000;24723.0430808090;5700000;;
test;8;6;100;0.8000000000;0.0181404330;153.1977719110;60000;24723.0430808090;5700000;59854;146
test;8;6;100;0.8000000000;0.0164754210;25.3366188140;10000;24723.0430808090;5700000;9758;242
train;8;6;100;0.8000000000;0.0177165360;258.6086276100;60000;24981.6517084190;5760000;;
test;8;6;100;0.8000000000;0.0162928460;148.2405866710;60000;24981.6517084190;5760000;59886;114
test;8;6;100;0.8000000000;0.0173155520;25.2276347600;10000;24981.6517084190;5760000;9767;233
train;8;6;100;0.8000000000;0.0159689840;262.3389555220;60000;25243.9906639410;5820000;;
test;8;6;100;0.8000000000;0.0156937870;161.3908333210;60000;25243.9906639410;5820000;59881;119
test;8;6;100;0.8000000000;0.0218396090;26.5139694590;10000;25243.9906639410;5820000;9749;251
train;8;6;100;0.8000000000;0.0171426840;262.9878087920;60000;25506.9784727330;5880000;;
test;8;6;100;0.8000000000;0.0184457540;157.5900474250;60000;25506.9784727330;5880000;59784;216
test;8;6;100;0.8000000000;0.0178129040;25.7353561900;10000;25506.9784727330;5880000;9740;260
train;8;6;100;0.8000000000;0.0174059240;262.4309635440;60000;25769.4094362770;5940000;;
test;8;6;100;0.8000000000;0.0165141690;148.0292752490;60000;25769.4094362770;5940000;59690;310
test;8;6;100;0.8000000000;0.0182995520;24.7860169700;10000;25769.4094362770;5940000;9726;274
train;8;6;100;0.8000000000;0.0175725400;262.6804234740;60000;26032.0898597510;6000000;;
test;8;6;100;0.8000000000;0.0241135520;142.5715674470;60000;26032.0898597510;6000000;59873;127
test;8;6;100;0.8000000000;0.0164784630;25.6720369830;10000;26032.0898597510;6000000;9761;239
