Mode;CPUs;Parallel;WorkerBatch;LearningRate;WorkerSetupTime;EpochElapsedTime;EpochLines;TotalElapsedTime;TotalLines;Correct;Incorrect
train;8;5;100;0.8000000000;0.0158746130;306.5836185400;60000;306.5836185400;60000;;
test;8;5;100;0.8000000000;0.0192551360;174.5403375050;60000;306.5836185400;60000;53566;6434
test;8;5;100;0.8000000000;0.0164346300;29.4751021200;10000;306.5836185400;60000;8947;1053
train;8;5;100;0.8000000000;0.0134043430;313.8259627430;60000;620.4095812830;120000;;
test;8;5;100;0.8000000000;0.0163800080;171.6756600100;60000;620.4095812830;120000;55759;4241
test;8;5;100;0.8000000000;0.0141507710;29.5426298600;10000;620.4095812830;120000;9267;733
train;8;5;100;0.8000000000;0.0161934730;310.0483196820;60000;930.4579009650;180000;;
test;8;5;100;0.8000000000;0.0192491370;178.7235464760;60000;930.4579009650;180000;56563;3437
test;8;5;100;0.8000000000;0.0142650980;27.7164771970;10000;930.4579009650;180000;9390;610
train;8;5;100;0.8000000000;0.0140871900;286.8236688700;60000;1217.2815698350;240000;;
test;8;5;100;0.8000000000;0.0149468210;172.4853711010;60000;1217.2815698350;240000;56746;3254
test;8;5;100;0.8000000000;0.0225597440;28.0328410060;10000;1217.2815698350;240000;9432;568
train;8;5;100;0.8000000000;0.0143256380;294.8946693590;60000;1512.1762391940;300000;;
test;8;5;100;0.8000000000;0.0142341840;181.8253508000;60000;1512.1762391940;300000;57648;2352
test;8;5;100;0.8000000000;0.0155094210;28.6680317340;10000;1512.1762391940;300000;9566;434
train;8;5;100;0.8000000000;0.0143003480;303.7240851230;60000;1815.9003243170;360000;;
test;8;5;100;0.8000000000;0.0152012680;173.0199147610;60000;1815.9003243170;360000;57822;2178
test;8;5;100;0.8000000000;0.0146676230;30.0573181140;10000;1815.9003243170;360000;9562;438
train;8;5;100;0.8000000000;0.0157426190;294.3629560450;60000;2110.2632803620;420000;;
test;8;5;100;0.8000000000;0.0137898690;167.2339499880;60000;2110.2632803620;420000;58139;1861
test;8;5;100;0.8000000000;0.0142594330;27.3442968050;10000;2110.2632803620;420000;9637;363
train;8;5;100;0.8000000000;0.0139564460;298.3378263510;60000;2408.6011067130;480000;;
test;8;5;100;0.8000000000;0.0150358150;176.7991767130;60000;2408.6011067130;480000;58347;1653
test;8;5;100;0.8000000000;0.0159191120;27.7774000120;10000;2408.6011067130;480000;9647;353
train;8;5;100;0.8000000000;0.0140024430;296.0880825370;60000;2704.6891892500;540000;;
test;8;5;100;0.8000000000;0.0132569750;167.1032649590;60000;2704.6891892500;540000;58230;1770
test;8;5;100;0.8000000000;0.0149519860;29.9617759050;10000;2704.6891892500;540000;9624;376
train;8;5;100;0.8000000000;0.0141108140;299.0826464680;60000;3003.7718357180;600000;;
test;8;5;100;0.8000000000;0.0143763440;175.6899216220;60000;3003.7718357180;600000;58404;1596
test;8;5;100;0.8000000000;0.0143069290;27.5398561200;10000;3003.7718357180;600000;9639;361
train;8;5;100;0.8000000000;0.0152569310;295.6893997710;60000;3299.4612354890;660000;;
test;8;5;100;0.8000000000;0.0146980800;172.7036540710;60000;3299.4612354890;660000;58690;1310
test;8;5;100;0.8000000000;0.0155557940;28.5357181820;10000;3299.4612354890;660000;9694;306
train;8;5;100;0.8000000000;0.0164447130;315.9035886640;60000;3615.3648241530;720000;;
test;8;5;100;0.8000000000;0.0139636540;172.9323878040;60000;3615.3648241530;720000;58413;1587
test;8;5;100;0.8000000000;0.0164231310;30.0180207960;10000;3615.3648241530;720000;9642;358
train;8;5;100;0.8000000000;0.0160975620;306.3231337600;60000;3921.6879579130;780000;;
test;8;5;100;0.8000000000;0.0157293700;168.4757749670;60000;3921.6879579130;780000;58902;1098
test;8;5;100;0.8000000000;0.0151833930;29.0181422760;10000;3921.6879579130;780000;9702;298
train;8;5;100;0.8000000000;0.0157133280;297.1583989630;60000;4218.8463568760;840000;;
test;8;5;100;0.8000000000;0.0161794320;184.3729375660;60000;4218.8463568760;840000;58970;1030
test;8;5;100;0.8000000000;0.0140013180;27.5951997940;10000;4218.8463568760;840000;9718;282
train;8;5;100;0.8000000000;0.0138585330;307.8576612740;60000;4526.7040181500;900000;;
test;8;5;100;0.8000000000;0.0168341140;180.1669735080;60000;4526.7040181500;900000;58934;1066
test;8;5;100;0.8000000000;0.0142206420;28.9315920940;10000;4526.7040181500;900000;9714;286
train;8;5;100;0.8000000000;0.0179675660;293.1062855050;60000;4819.8103036550;960000;;
test;8;5;100;0.8000000000;0.0147201640;166.7214421480;60000;4819.8103036550;960000;59069;931
test;8;5;100;0.8000000000;0.0168294470;31.0250421350;10000;4819.8103036550;960000;9722;278
train;8;5;100;0.8000000000;0.0137763690;294.7456994510;60000;5114.5560031060;1020000;;
test;8;5;100;0.8000000000;0.0153377620;171.9754253190;60000;5114.5560031060;1020000;59143;857
test;8;5;100;0.8000000000;0.0141641450;27.0356528350;10000;5114.5560031060;1020000;9728;272
train;8;5;100;0.8000000000;0.0135388370;290.0180499830;60000;5404.5740530890;1080000;;
test;8;5;100;0.8000000000;0.0150760230;166.4325308660;60000;5404.5740530890;1080000;58916;1084
test;8;5;100;0.8000000000;0.0217845270;27.2153777340;10000;5404.5740530890;1080000;9703;297
train;8;5;100;0.8000000000;0.0141420200;300.5455137880;60000;5705.1195668770;1140000;;
test;8;5;100;0.8000000000;0.0143291800;163.5429836880;60000;5705.1195668770;1140000;59183;817
test;8;5;100;0.8000000000;0.0147051210;29.6096822000;10000;5705.1195668770;1140000;9726;274
train;8;5;100;0.8000000000;0.0151102700;298.1367560270;60000;6003.2563229040;1200000;;
test;8;5;100;0.8000000000;0.0147253710;172.9768302700;60000;6003.2563229040;1200000;59245;755
test;8;5;100;0.8000000000;0.0159848170;27.3427060430;10000;6003.2563229040;1200000;9742;258
train;8;5;100;0.8000000000;0.0162703040;302.6498133150;60000;6305.9061362190;1260000;;
test;8;5;100;0.8000000000;0.0155179200;171.4785283530;60000;6305.9061362190;1260000;59270;730
test;8;5;100;0.8000000000;0.0143451380;29.5756726180;10000;6305.9061362190;1260000;9744;256
train;8;5;100;0.8000000000;0.0143235950;306.2691025660;60000;6612.1752387850;1320000;;
test;8;5;100;0.8000000000;0.0144835070;170.0315476020;60000;6612.1752387850;1320000;59121;879
test;8;5;100;0.8000000000;0.0220566410;27.5169261780;10000;6612.1752387850;1320000;9700;300
train;8;5;100;0.8000000000;0.0159804840;299.0381280000;60000;6911.2133667850;1380000;;
test;8;5;100;0.8000000000;0.0163780510;173.5746837270;60000;6911.2133667850;1380000;59386;614
test;8;5;100;0.8000000000;0.0209236470;29.2985816260;10000;6911.2133667850;1380000;9752;248
train;8;5;100;0.8000000000;0.0175013340;291.3516384080;60000;7202.5650051930;1440000;;
test;8;5;100;0.8000000000;0.0154008850;175.4515482350;60000;7202.5650051930;1440000;59343;657
test;8;5;100;0.8000000000;0.0221301800;30.3349409980;10000;7202.5650051930;1440000;9748;252
train;8;5;100;0.8000000000;0.0154773810;301.3530968170;60000;7503.9181020100;1500000;;
test;8;5;100;0.8000000000;0.0144054670;175.3842234360;60000;7503.9181020100;1500000;59364;636
test;8;5;100;0.8000000000;0.0165813760;27.6799483400;10000;7503.9181020100;1500000;9737;263
train;8;5;100;0.8000000000;0.0152071000;299.8276286390;60000;7803.7457306490;1560000;;
test;8;5;100;0.8000000000;0.0140987300;166.1935038660;60000;7803.7457306490;1560000;59460;540
test;8;5;100;0.8000000000;0.0142878470;29.7167378730;10000;7803.7457306490;1560000;9734;266
train;8;5;100;0.8000000000;0.0164670880;303.4424321550;60000;8107.1881628040;1620000;;
test;8;5;100;0.8000000000;0.0150628130;176.5742345760;60000;8107.1881628040;1620000;59389;611
test;8;5;100;0.8000000000;0.0169089030;27.2082800360;10000;8107.1881628040;1620000;9744;256
train;8;5;100;0.8000000000;0.0136116270;300.2985807250;60000;8407.4867435290;1680000;;
test;8;5;100;0.8000000000;0.0140405250;171.6426855400;60000;8407.4867435290;1680000;59482;518
test;8;5;100;0.8000000000;0.0142676810;26.8343182220;10000;8407.4867435290;1680000;9758;242
train;8;5;100;0.8000000000;0.0145350880;294.5335535920;60000;8702.0202971210;1740000;;
test;8;5;100;0.8000000000;0.0148007000;174.9510991890;60000;8702.0202971210;1740000;59442;558
test;8;5;100;0.8000000000;0.0322624990;27.8015394360;10000;8702.0202971210;1740000;9740;260
train;8;5;100;0.8000000000;0.0139545710;299.5460123390;60000;9001.5663094600;1800000;;
test;8;5;100;0.8000000000;0.0134860490;170.9983218300;60000;9001.5663094600;1800000;59308;692
test;8;5;100;0.8000000000;0.0152355980;29.0915690930;10000;9001.5663094600;1800000;9742;258
train;8;5;100;0.8000000000;0.0140382320;285.6531971370;60000;9287.2195065970;1860000;;
test;8;5;100;0.8000000000;0.0131646050;163.1482994230;60000;9287.2195065970;1860000;59309;691
test;8;5;100;0.8000000000;0.0139307380;27.6173310970;10000;9287.2195065970;1860000;9700;300
train;8;5;100;0.8000000000;0.0151111880;307.9414469780;60000;9595.1609535750;1920000;;
test;8;5;100;0.8000000000;0.0141751440;178.0736290420;60000;9595.1609535750;1920000;59513;487
test;8;5;100;0.8000000000;0.0145359220;29.2730167970;10000;9595.1609535750;1920000;9738;262
train;8;5;100;0.8000000000;0.0161023960;281.5900590790;60000;9876.7510126540;1980000;;
test;8;5;100;0.8000000000;0.0142471830;168.7118101270;60000;9876.7510126540;1980000;59316;684
test;8;5;100;0.8000000000;0.0157728680;28.9955405320;10000;9876.7510126540;1980000;9729;271
train;8;5;100;0.8000000000;0.0140723150;282.6576461550;60000;10159.4086588090;2040000;;
test;8;5;100;0.8000000000;0.0133175980;161.2266255440;60000;10159.4086588090;2040000;59462;538
test;8;5;100;0.8000000000;0.0153364270;28.3646387010;10000;10159.4086588090;2040000;9737;263
train;8;5;100;0.8000000000;0.0155089630;295.1637082000;60000;10454.5723670090;2100000;;
test;8;5;100;0.8000000000;0.0142113110;177.6144177150;60000;10454.5723670090;2100000;59514;486
test;8;5;100;0.8000000000;0.0278867240;28.8473250360;10000;10454.5723670090;2100000;9752;248
train;8;5;100;0.8000000000;0.0140039430;298.2796092600;60000;10752.8519762690;2160000;;
test;8;5;100;0.8000000000;0.0136924570;183.8900178090;60000;10752.8519762690;2160000;59505;495
test;8;5;100;0.8000000000;0.0141572700;30.0776958260;10000;10752.8519762690;2160000;9737;263
train;8;5;100;0.8000000000;0.0136730410;299.5287052470;60000;11052.3806815160;2220000;;
test;8;5;100;0.8000000000;0.0133862210;183.7991710690;60000;11052.3806815160;2220000;59630;370
test;8;5;100;0.8000000000;0.0163005950;30.0336815400;10000;11052.3806815160;2220000;9742;258
train;8;5;100;0.8000000000;0.0136973730;293.3879128030;60000;11345.7685943190;2280000;;
test;8;5;100;0.8000000000;0.0139345720;177.2361136700;60000;11345.7685943190;2280000;59506;494
test;8;5;100;0.8000000000;0.0284339930;28.3625465450;10000;11345.7685943190;2280000;9748;252
train;8;5;100;0.8000000000;0.0157009950;305.3892070790;60000;11651.1578013980;2340000;;
test;8;5;100;0.8000000000;0.0145494620;174.4908141160;60000;11651.1578013980;2340000;59628;372
test;8;5;100;0.8000000000;0.0140860640;28.5993875440;10000;11651.1578013980;2340000;9756;244
train;8;5;100;0.8000000000;0.0142724730;284.4113353830;60000;11935.5691367810;2400000;;
test;8;5;100;0.8000000000;0.0148511140;168.6915806590;60000;11935.5691367810;2400000;59628;372
test;8;5;100;0.8000000000;0.0258993100;27.8598217380;10000;11935.5691367810;2400000;9738;262
train;8;5;100;0.8000000000;0.0164101750;299.6923602870;60000;12235.2614970680;2460000;;
test;8;5;100;0.8000000000;0.0134475510;165.0980193600;60000;12235.2614970680;2460000;59338;662
test;8;5;100;0.8000000000;0.0160532710;26.8495024090;10000;12235.2614970680;2460000;9713;287
train;8;5;100;0.8000000000;0.0146909970;289.8134094330;60000;12525.0749065010;2520000;;
test;8;5;100;0.8000000000;0.0140303180;176.3929119510;60000;12525.0749065010;2520000;56968;3032
test;8;5;100;0.8000000000;0.0304141170;30.2404871620;10000;12525.0749065010;2520000;9367;633
train;8;5;100;0.8000000000;0.0140559410;294.7739096970;60000;12819.8488161980;2580000;;
test;8;5;100;0.8000000000;0.0142156010;169.1825321830;60000;12819.8488161980;2580000;59703;297
test;8;5;100;0.8000000000;0.0234501230;30.3614191590;10000;12819.8488161980;2580000;9750;250
train;8;5;100;0.8000000000;0.0142510150;306.0270214610;60000;13125.8758376590;2640000;;
test;8;5;100;0.8000000000;0.0138890730;165.9642631740;60000;13125.8758376590;2640000;59652;348
test;8;5;100;0.8000000000;0.0171026860;28.1713353370;10000;13125.8758376590;2640000;9741;259
train;8;5;100;0.8000000000;0.0133388880;295.0074981720;60000;13420.8833358310;2700000;;
test;8;5;100;0.8000000000;0.0135177560;173.0675163160;60000;13420.8833358310;2700000;59626;374
test;8;5;100;0.8000000000;0.0144188410;29.4758168380;10000;13420.8833358310;2700000;9749;251
train;8;5;100;0.8000000000;0.0134475500;295.1410842920;60000;13716.0244201230;2760000;;
test;8;5;100;0.8000000000;0.0133645110;177.6302470000;60000;13716.0244201230;2760000;59463;537
test;8;5;100;0.8000000000;0.0173892140;30.5219331330;10000;13716.0244201230;2760000;9723;277
train;8;5;100;0.8000000000;0.0167660340;306.2110694290;60000;14022.2354895520;2820000;;
test;8;5;100;0.8000000000;0.0157149540;159.4358679140;60000;14022.2354895520;2820000;59332;668
test;8;5;100;0.8000000000;0.0146982870;26.8983880730;10000;14022.2354895520;2820000;9701;299
train;8;5;100;0.8000000000;0.0151050200;299.7876788860;60000;14322.0231684380;2880000;;
test;8;5;100;0.8000000000;0.0137949530;177.4257136180;60000;14322.0231684380;2880000;59614;386
test;8;5;100;0.8000000000;0.0156989550;30.8762655340;10000;14322.0231684380;2880000;9743;257
train;8;5;100;0.8000000000;0.0159234030;297.4885383950;60000;14619.5117068330;2940000;;
test;8;5;100;0.8000000000;0.0155531680;174.5178382880;60000;14619.5117068330;2940000;59323;677
test;8;5;100;0.8000000000;0.0141900190;29.3158722200;10000;14619.5117068330;2940000;9690;310
train;8;5;100;0.8000000000;0.0135143380;295.8440199640;60000;14915.3557267970;3000000;;
test;8;5;100;0.8000000000;0.0151304380;178.9032172180;60000;14915.3557267970;3000000;59746;254
test;8;5;100;0.8000000000;0.0145440020;27.8332357060;10000;14915.3557267970;3000000;9764;236
train;8;5;100;0.8000000000;0.0135940020;307.7983236340;60000;15223.1540504310;3060000;;
test;8;5;100;0.8000000000;0.0134473830;178.1502988960;60000;15223.1540504310;3060000;59698;302
test;8;5;100;0.8000000000;0.0139284050;29.5724734170;10000;15223.1540504310;3060000;9752;248
train;8;5;100;0.8000000000;0.0138995310;294.8608773080;60000;15518.0149277390;3120000;;
test;8;5;100;0.8000000000;0.0136437910;181.1637208270;60000;15518.0149277390;3120000;59777;223
test;8;5;100;0.8000000000;0.0165780820;28.9260018360;10000;15518.0149277390;3120000;9756;244
train;8;5;100;0.8000000000;0.0151511020;296.8905955710;60000;15814.9055233100;3180000;;
test;8;5;100;0.8000000000;0.0166755370;181.3852933170;60000;15814.9055233100;3180000;59742;258
test;8;5;100;0.8000000000;0.0159660250;28.7589066040;10000;15814.9055233100;3180000;9755;245
train;8;5;100;0.8000000000;0.0151931430;300.3533570430;60000;16115.2588803530;3240000;;
test;8;5;100;0.8000000000;0.0145957930;170.5954532130;60000;16115.2588803530;3240000;59644;356
test;8;5;100;0.8000000000;0.0168875300;28.5775837300;10000;16115.2588803530;3240000;9743;257
train;8;5;100;0.8000000000;0.0156919130;279.5297307510;60000;16394.7886111040;3300000;;
test;8;5;100;0.8000000000;0.0136381250;169.5748163370;60000;16394.7886111040;3300000;59773;227
test;8;5;100;0.8000000000;0.0155520010;27.3910316880;10000;16394.7886111040;3300000;9748;252
train;8;5;100;0.8000000000;0.0136559170;289.2886393600;60000;16684.0772504640;3360000;;
test;8;5;100;0.8000000000;0.0150291500;173.9238328420;60000;16684.0772504640;3360000;59447;553
test;8;5;100;0.8000000000;0.0150749390;27.8441216950;10000;16684.0772504640;3360000;9720;280
train;8;5;100;0.8000000000;0.0156006670;299.8263913150;60000;16983.9036417790;3420000;;
test;8;5;100;0.8000000000;0.0135820870;178.6120479930;60000;16983.9036417790;3420000;59798;202
test;8;5;100;0.8000000000;0.0163820510;30.5164062870;10000;16983.9036417790;3420000;9755;245
train;8;5;100;0.8000000000;0.0159232360;293.8445280860;60000;17277.7481698650;3480000;;
test;8;5;100;0.8000000000;0.0135817940;177.9951081930;60000;17277.7481698650;3480000;59618;382
test;8;5;100;0.8000000000;0.0146706640;30.4146859710;10000;17277.7481698650;3480000;9733;267
train;8;5;100;0.8000000000;0.0139621120;297.6787334320;60000;17575.4269032970;3540000;;
test;8;5;100;0.8000000000;0.0134125940;168.6539359710;60000;17575.4269032970;3540000;59685;315
test;8;5;100;0.8000000000;0.0140813570;30.9184095250;10000;17575.4269032970;3540000;9730;270
train;8;5;100;0.8000000000;0.0153170960;302.7753977530;60000;17878.2023010500;3600000;;
test;8;5;100;0.8000000000;0.0160585650;173.9373652700;60000;17878.2023010500;3600000;59758;242
test;8;5;100;0.8000000000;0.0144370080;27.3120164370;10000;17878.2023010500;3600000;9745;255
train;8;5;100;0.8000000000;0.0148757400;302.5557940900;60000;18180.7580951400;3660000;;
test;8;5;100;0.8000000000;0.0133764690;168.3382665450;60000;18180.7580951400;3660000;59637;363
test;8;5;100;0.8000000000;0.0155015040;29.1595517300;10000;18180.7580951400;3660000;9739;261
train;8;5;100;0.8000000000;0.0170624800;296.5051709540;60000;18477.2632660940;3720000;;
test;8;5;100;0.8000000000;0.0138974900;164.8482398610;60000;18477.2632660940;3720000;59820;180
test;8;5;100;0.8000000000;0.0149219880;28.5228754810;10000;18477.2632660940;3720000;9765;235
train;8;5;100;0.8000000000;0.0139513210;289.4302870150;60000;18766.6935531090;3780000;;
test;8;5;100;0.8000000000;0.0137912440;167.9293921440;60000;18766.6935531090;3780000;59470;530
test;8;5;100;0.8000000000;0.0161655170;27.4983400550;10000;18766.6935531090;3780000;9715;285
train;8;5;100;0.8000000000;0.0142898880;281.6982884470;60000;19048.3918415560;3840000;;
test;8;5;100;0.8000000000;0.0142462240;159.6467482790;60000;19048.3918415560;3840000;59557;443
test;8;5;100;0.8000000000;0.0145715010;27.8167607400;10000;19048.3918415560;3840000;9713;287
train;8;5;100;0.8000000000;0.0140471910;308.8771054860;60000;19357.2689470420;3900000;;
test;8;5;100;0.8000000000;0.0138633250;179.2715193100;60000;19357.2689470420;3900000;59728;272
test;8;5;100;0.8000000000;0.0142445160;32.1329566190;10000;19357.2689470420;3900000;9753;247
train;8;5;100;0.8000000000;0.0160323160;292.4058577240;60000;19649.6748047660;3960000;;
test;8;5;100;0.8000000000;0.0147207880;176.2149091480;60000;19649.6748047660;3960000;59038;962
test;8;5;100;0.8000000000;0.0170041470;29.5328100320;10000;19649.6748047660;3960000;9664;336
train;8;5;100;0.8000000000;0.0170276880;292.2925401980;60000;19941.9673449640;4020000;;
test;8;5;100;0.8000000000;0.0152742630;185.5842505780;60000;19941.9673449640;4020000;59612;388
test;8;5;100;0.8000000000;0.0152220590;29.9944420530;10000;19941.9673449640;4020000;9734;266
train;8;5;100;0.8000000000;0.0163839250;305.5684741760;60000;20247.5358191400;4080000;;
test;8;5;100;0.8000000000;0.0137381210;166.6808837460;60000;20247.5358191400;4080000;59812;188
test;8;5;100;0.8000000000;0.0147493700;27.0024819560;10000;20247.5358191400;4080000;9749;251
train;8;5;100;0.8000000000;0.0143589700;306.0610775840;60000;20553.5968967240;4140000;;
test;8;5;100;0.8000000000;0.0150604800;169.8518342840;60000;20553.5968967240;4140000;59719;281
test;8;5;100;0.8000000000;0.0157986590;28.8025440270;10000;20553.5968967240;4140000;9742;258
train;8;5;100;0.8000000000;0.0163730090;307.9869563140;60000;20861.5838530380;4200000;;
test;8;5;100;0.8000000000;0.0162510130;163.4333662010;60000;20861.5838530380;4200000;59851;149
test;8;5;100;0.8000000000;0.0139811950;27.7728701160;10000;20861.5838530380;4200000;9765;235
train;8;5;100;0.8000000000;0.0164813800;309.1068682490;60000;21170.6907212870;4260000;;
test;8;5;100;0.8000000000;0.0144503820;177.6018970300;60000;21170.6907212870;4260000;59859;141
test;8;5;100;0.8000000000;0.0169180280;30.0831113460;10000;21170.6907212870;4260000;9761;239
train;8;5;100;0.8000000000;0.0153010960;308.4350563400;60000;21479.1257776270;4320000;;
test;8;5;100;0.8000000000;0.0135407960;176.5453161090;60000;21479.1257776270;4320000;59836;164
test;8;5;100;0.8000000000;0.0149952750;28.2165333660;10000;21479.1257776270;4320000;9765;235
train;8;5;100;0.8000000000;0.0159518190;303.4494824880;60000;21782.5752601150;4380000;;
test;8;5;100;0.8000000000;0.0146120420;173.4043152960;60000;21782.5752601150;4380000;59794;206
test;8;5;100;0.8000000000;0.0154420070;30.6156027980;10000;21782.5752601150;4380000;9749;251
train;8;5;100;0.8000000000;0.0142569740;294.3364949250;60000;22076.9117550400;4440000;;
test;8;5;100;0.8000000000;0.0174762960;179.9830293210;60000;22076.9117550400;4440000;59787;213
test;8;5;100;0.8000000000;0.0145633770;29.0680234800;10000;22076.9117550400;4440000;9747;253
train;8;5;100;0.8000000000;0.0136120840;294.7130060080;60000;22371.6247610480;4500000;;
test;8;5;100;0.8000000000;0.0163107180;180.7648181230;60000;22371.6247610480;4500000;59769;231
test;8;5;100;0.8000000000;0.0157014550;30.5699412070;10000;22371.6247610480;4500000;9753;247
train;8;5;100;0.8000000000;0.0160254810;300.3158200650;60000;22671.9405811130;4560000;;
test;8;5;100;0.8000000000;0.0153880080;182.8266677100;60000;22671.9405811130;4560000;59838;162
test;8;5;100;0.8000000000;0.0146148340;29.7306931190;10000;22671.9405811130;4560000;9755;245
train;8;5;100;0.8000000000;0.0162549300;293.0868849570;60000;22965.0274660700;4620000;;
test;8;5;100;0.8000000000;0.0151817260;168.0191196020;60000;22965.0274660700;4620000;59861;139
test;8;5;100;0.8000000000;0.0182722200;25.2383649760;10000;22965.0274660700;4620000;9766;234
train;8;5;100;0.8000000000;0.0135840450;300.3545819120;60000;23265.3820479820;4680000;;
test;8;5;100;0.8000000000;0.0143305550;184.5767514680;60000;23265.3820479820;4680000;59760;240
test;8;5;100;0.8000000000;0.0156339990;28.2874195430;10000;23265.3820479820;4680000;9735;265
train;8;5;100;0.8000000000;0.0186920770;298.2942127100;60000;23563.6762606920;4740000;;
test;8;5;100;0.8000000000;0.0133484720;179.5676383720;60000;23563.6762606920;4740000;59738;262
test;8;5;100;0.8000000000;0.0145386710;29.5616532140;10000;23563.6762606920;4740000;9740;260
train;8;5;100;0.8000000000;0.0137314530;302.6693671070;60000;23866.3456277990;4800000;;
test;8;5;100;0.8000000000;0.0133235140;177.1078522330;60000;23866.3456277990;4800000;58424;1576
test;8;5;100;0.8000000000;0.0157523700;29.8641267870;10000;23866.3456277990;4800000;9539;461
train;8;5;100;0.8000000000;0.0140444000;309.4805842810;60000;24175.8262120800;4860000;;
test;8;5;100;0.8000000000;0.0163304690;173.5655740760;60000;24175.8262120800;4860000;59863;137
test;8;5;100;0.8000000000;0.0163286780;29.8202480380;10000;24175.8262120800;4860000;9768;232
train;8;5;100;0.8000000000;0.0143837610;301.2083483300;60000;24477.0345604100;4920000;;
test;8;5;100;0.8000000000;0.0138185770;172.2116183540;60000;24477.0345604100;4920000;59698;302
test;8;5;100;0.8000000000;0.0143192630;30.7139810080;10000;24477.0345604100;4920000;9742;258
train;8;5;100;0.8000000000;0.0187998620;306.9135792810;60000;24783.9481396910;4980000;;
test;8;5;100;0.8000000000;0.0140966880;171.8292454030;60000;24783.9481396910;4980000;59870;130
test;8;5;100;0.8000000000;0.0167174120;29.9112295630;10000;24783.9481396910;4980000;9761;239
train;8;5;100;0.8000000000;0.0160283580;296.8264940150;60000;25080.7746337060;5040000;;
test;8;5;100;0.8000000000;0.0169552760;178.4989937030;60000;25080.7746337060;5040000;59873;127
test;8;5;100;0.8000000000;0.0160617730;29.4175120400;10000;25080.7746337060;5040000;9772;228
train;8;5;100;0.8000000000;0.0172752190;298.0034569330;60000;25378.7780906390;5100000;;
test;8;5;100;0.8000000000;0.0219261060;165.3901620360;60000;25378.7780906390;5100000;59856;144
test;8;5;100;0.8000000000;0.0146525410;28.7941020170;10000;25378.7780906390;5100000;9755;245
train;8;5;100;0.8000000000;0.0179230670;289.7012541440;60000;25668.4793447830;5160000;;
test;8;5;100;0.8000000000;0.0173609670;171.7965914140;60000;25668.4793447830;5160000;59517;483
test;8;5;100;0.8000000000;0.0161742670;28.9933729550;10000;25668.4793447830;5160000;9733;267
train;8;5;100;0.8000000000;0.0143596780;307.7282750100;60000;25976.2076197930;5220000;;
test;8;5;100;0.8000000000;0.0141404780;174.6086185030;60000;25976.2076197930;5220000;59782;218
test;8;5;100;0.8000000000;0.0171947250;28.9959900970;10000;25976.2076197930;5220000;9748;252
train;8;5;100;0.8000000000;0.0152537650;299.1338017860;60000;26275.3414215790;5280000;;
test;8;5;100;0.8000000000;0.0137906600;169.8105005080;60000;26275.3414215790;5280000;59745;255
test;8;5;100;0.8000000000;0.0160511470;28.7391991120;10000;26275.3414215790;5280000;9747;253
train;8;5;100;0.8000000000;0.0202618420;309.1968947810;60000;26584.5383163600;5340000;;
test;8;5;100;0.8000000000;0.0173984230;174.4122528510;60000;26584.5383163600;5340000;59814;186
test;8;5;100;0.8000000000;0.0193466310;29.1726965480;10000;26584.5383163600;5340000;9749;251
train;8;5;100;0.8000000000;0.0139475280;309.9164700340;60000;26894.4547863940;5400000;;
test;8;5;100;0.8000000000;0.0160450230;169.1591960120;60000;26894.4547863940;5400000;59876;124
test;8;5;100;0.8000000000;0.0167794910;29.0555048010;10000;26894.4547863940;5400000;9755;245
train;8;5;100;0.8000000000;0.0141752690;304.1047103570;60000;27198.5594967510;5460000;;
test;8;5;100;0.8000000000;0.0170630610;173.4218318000;60000;27198.5594967510;5460000;59679;321
test;8;5;100;0.8000000000;0.0241114700;29.1619690060;10000;27198.5594967510;5460000;9734;266
train;8;5;100;0.8000000000;0.0142703900;294.6730882950;60000;27493.2325850460;5520000;;
test;8;5;100;0.8000000000;0.0166800790;167.3713676200;60000;27493.2325850460;5520000;59860;140
test;8;5;100;0.8000000000;0.0150905210;28.5377964320;10000;27493.2325850460;5520000;9749;251
train;8;5;100;0.8000000000;0.0154486310;283.9126036520;60000;27777.1451886980;5580000;;
test;8;5;100;0.8000000000;0.0133305550;156.0289775440;60000;27777.1451886980;5580000;59848;152
test;8;5;100;0.8000000000;0.0144505480;27.6768372620;10000;27777.1451886980;5580000;9756;244
train;8;5;100;0.8000000000;0.0154472980;286.4196474210;60000;28063.5648361190;5640000;;
test;8;5;100;0.8000000000;0.0138998220;168.7744986070;60000;28063.5648361190;5640000;59820;180
test;8;5;100;0.8000000000;0.0156417480;27.3148198180;10000;28063.5648361190;5640000;9747;253
train;8;5;100;0.8000000000;0.0155367940;296.4356328830;60000;28360.0004690020;5700000;;
test;8;5;100;0.8000000000;0.0146097500;179.2682409640;60000;28360.0004690020;5700000;59460;540
test;8;5;100;0.8000000000;0.0143760100;29.9003857360;10000;28360.0004690020;5700000;9707;293
train;8;5;100;0.8000000000;0.0139261960;312.4309685720;60000;28672.4314375740;5760000;;
test;8;5;100;0.8000000000;0.0169874830;173.8499627170;60000;28672.4314375740;5760000;59628;372
test;8;5;100;0.8000000000;0.0153825940;28.2402662270;10000;28672.4314375740;5760000;9698;302
train;8;5;100;0.8000000000;0.0143735930;299.8793809230;60000;28972.3108184970;5820000;;
test;8;5;100;0.8000000000;0.0194171290;176.8487218490;60000;28972.3108184970;5820000;59774;226
test;8;5;100;0.8000000000;0.0155939590;30.1433839360;10000;28972.3108184970;5820000;9744;256
train;8;5;100;0.8000000000;0.0140316100;292.5995677840;60000;29264.9103862810;5880000;;
test;8;5;100;0.8000000000;0.0190351850;166.0923992250;60000;29264.9103862810;5880000;59875;125
test;8;5;100;0.8000000000;0.0181367650;28.5893083470;10000;29264.9103862810;5880000;9761;239
train;8;5;100;0.8000000000;0.0158030330;307.6757223710;60000;29572.5861086520;5940000;;
test;8;5;100;0.8000000000;0.0144885890;182.3776335330;60000;29572.5861086520;5940000;57769;2231
test;8;5;100;0.8000000000;0.0143184710;30.0477413180;10000;29572.5861086520;5940000;9465;535
train;8;5;100;0.8000000000;0.0186042480;312.0705388020;60000;29884.6566474540;6000000;;
test;8;5;100;0.8000000000;0.0165694170;185.5654581280;60000;29884.6566474540;6000000;59743;257
test;8;5;100;0.8000000000;0.0159148210;30.5068096550;10000;29884.6566474540;6000000;9736;264
