Mode;CPUs;Parallel;WorkerBatch;LearningRate;WorkerSetupTime;EpochElapsedTime;EpochLines;TotalElapsedTime;TotalLines;Correct;Incorrect
train;8;8;100;0.8000000000;0.0209537700;233.0481023600;60000;233.0481023600;60000;;
test;8;8;100;0.8000000000;0.0205905780;122.9785282610;60000;233.0481023600;60000;51574;8426
test;8;8;100;0.8000000000;0.0279200580;18.8862109730;10000;233.0481023600;60000;8627;1373
train;8;8;100;0.8000000000;0.0220991800;204.4981016220;60000;437.5462039820;120000;;
test;8;8;100;0.8000000000;0.0262254210;113.8001206690;60000;437.5462039820;120000;55125;4875
test;8;8;100;0.8000000000;0.0203542560;19.8524115580;10000;437.5462039820;120000;9173;827
train;8;8;100;0.8000000000;0.0200591010;232.7658209660;60000;670.3120249480;180000;;
test;8;8;100;0.8000000000;0.0782851140;130.2526171090;60000;670.3120249480;180000;56100;3900
test;8;8;100;0.8000000000;0.0299693010;23.1681493570;10000;670.3120249480;180000;9306;694
train;8;8;100;0.8000000000;0.0211050550;239.7886068900;60000;910.1006318380;240000;;
test;8;8;100;0.8000000000;0.0250439300;130.1875448900;60000;910.1006318380;240000;56734;3266
test;8;8;100;0.8000000000;0.0241807580;23.7217431620;10000;910.1006318380;240000;9431;569
train;8;8;100;0.8000000000;0.0220980980;233.9288065090;60000;1144.0294383470;300000;;
test;8;8;100;0.8000000000;0.0228533560;123.5241618170;60000;1144.0294383470;300000;57165;2835
test;8;8;100;0.8000000000;0.0307453940;23.1796913660;10000;1144.0294383470;300000;9478;522
train;8;8;100;0.8000000000;0.0212617570;238.3575482920;60000;1382.3869866390;360000;;
test;8;8;100;0.8000000000;0.0227548190;136.2658477550;60000;1382.3869866390;360000;57447;2553
test;8;8;100;0.8000000000;0.0282458760;21.2282381360;10000;1382.3869866390;360000;9516;484
train;8;8;100;0.8000000000;0.0208744410;234.9485058970;60000;1617.3354925360;420000;;
test;8;8;100;0.8000000000;0.0282346260;134.4809060790;60000;1617.3354925360;420000;57666;2334
test;8;8;100;0.8000000000;0.0238016060;22.8306047010;10000;1617.3354925360;420000;9565;435
train;8;8;100;0.8000000000;0.0221259300;217.9941408570;60000;1835.3296333930;480000;;
test;8;8;100;0.8000000000;0.0236072390;112.7821390490;60000;1835.3296333930;480000;57730;2270
test;8;8;100;0.8000000000;0.0197730720;19.5616089450;10000;1835.3296333930;480000;9560;440
train;8;8;100;0.8000000000;0.0196720350;201.2829412730;60000;2036.6125746660;540000;;
test;8;8;100;0.8000000000;0.0209240650;126.0353741700;60000;2036.6125746660;540000;58062;1938
test;8;8;100;0.8000000000;0.0233905000;22.7640821260;10000;2036.6125746660;540000;9611;389
train;8;8;100;0.8000000000;0.0227434860;232.4961794410;60000;2269.1087541070;600000;;
test;8;8;100;0.8000000000;0.0259303910;133.5988852350;60000;2269.1087541070;600000;57890;2110
test;8;8;100;0.8000000000;0.0248870200;22.6285010070;10000;2269.1087541070;600000;9580;420
train;8;8;100;0.8000000000;0.0224579980;210.9591335900;60000;2480.0678876970;660000;;
test;8;8;100;0.8000000000;0.0237138620;123.6197177780;60000;2480.0678876970;660000;58347;1653
test;8;8;100;0.8000000000;0.0214618740;23.5517368870;10000;2480.0678876970;660000;9663;337
train;8;8;100;0.8000000000;0.0219016890;230.6204868960;60000;2710.6883745930;720000;;
test;8;8;100;0.8000000000;0.0230183910;127.7243109540;60000;2710.6883745930;720000;58428;1572
test;8;8;100;0.8000000000;0.0216859070;21.3275924740;10000;2710.6883745930;720000;9660;340
train;8;8;100;0.8000000000;0.0223744610;236.0455322660;60000;2946.7339068590;780000;;
test;8;8;100;0.8000000000;0.0229908090;123.1356123850;60000;2946.7339068590;780000;58535;1465
test;8;8;100;0.8000000000;0.0207510300;21.6660100160;10000;2946.7339068590;780000;9677;323
train;8;8;100;0.8000000000;0.0230825130;229.9741926880;60000;3176.7080995470;840000;;
test;8;8;100;0.8000000000;0.0210512670;127.7814352550;60000;3176.7080995470;840000;58449;1551
test;8;8;100;0.8000000000;0.0211108060;21.3638674670;10000;3176.7080995470;840000;9640;360
train;8;8;100;0.8000000000;0.0221253470;229.1944528400;60000;3405.9025523870;900000;;
test;8;8;100;0.8000000000;0.0235721180;129.9724292080;60000;3405.9025523870;900000;58705;1295
test;8;8;100;0.8000000000;0.0234034580;22.5242680020;10000;3405.9025523870;900000;9690;310
train;8;8;100;0.8000000000;0.0204697510;230.9229253990;60000;3636.8254777860;960000;;
test;8;8;100;0.8000000000;0.0252698370;128.4975299900;60000;3636.8254777860;960000;58773;1227
test;8;8;100;0.8000000000;0.0237387760;22.7635765660;10000;3636.8254777860;960000;9711;289
train;8;8;100;0.8000000000;0.0224878730;202.3225159650;60000;3839.1479937510;1020000;;
test;8;8;100;0.8000000000;0.0232434230;116.7593852860;60000;3839.1479937510;1020000;58576;1424
test;8;8;100;0.8000000000;0.0200306030;20.7107497530;10000;3839.1479937510;1020000;9681;319
train;8;8;100;0.8000000000;0.0224118350;223.8980482680;60000;4063.0460420190;1080000;;
test;8;8;100;0.8000000000;0.0239402700;132.1061749830;60000;4063.0460420190;1080000;58866;1134
test;8;8;100;0.8000000000;0.0256640290;23.0457360060;10000;4063.0460420190;1080000;9716;284
train;8;8;100;0.8000000000;0.0207252400;236.0278801450;60000;4299.0739221640;1140000;;
test;8;8;100;0.8000000000;0.0249357280;134.6630740080;60000;4299.0739221640;1140000;58303;1697
test;8;8;100;0.8000000000;0.0249713920;23.3298319900;10000;4299.0739221640;1140000;9632;368
train;8;8;100;0.8000000000;0.0221283040;235.7847426190;60000;4534.8586647830;1200000;;
test;8;8;100;0.8000000000;0.0245885330;128.7476951330;60000;4534.8586647830;1200000;58900;1100
test;8;8;100;0.8000000000;0.0209921030;20.7007211810;10000;4534.8586647830;1200000;9698;302
train;8;8;100;0.8000000000;0.0220529320;241.1831707900;60000;4776.0418355730;1260000;;
test;8;8;100;0.8000000000;0.0207329900;111.9225079140;60000;4776.0418355730;1260000;59057;943
test;8;8;100;0.8000000000;0.0234521640;20.9143072190;10000;4776.0418355730;1260000;9737;263
train;8;8;100;0.8000000000;0.0204165870;223.0704961750;60000;4999.1123317480;1320000;;
test;8;8;100;0.8000000000;0.0216195770;134.4293948230;60000;4999.1123317480;1320000;59042;958
test;8;8;100;0.8000000000;0.0224032930;20.1779091490;10000;4999.1123317480;1320000;9730;270
train;8;8;100;0.8000000000;0.0226292820;239.7399180940;60000;5238.8522498420;1380000;;
test;8;8;100;0.8000000000;0.0204545000;116.7189132780;60000;5238.8522498420;1380000;59092;908
test;8;8;100;0.8000000000;0.0208411500;21.1119578960;10000;5238.8522498420;1380000;9737;263
train;8;8;100;0.8000000000;0.0209624800;210.0020645780;60000;5448.8543144200;1440000;;
test;8;8;100;0.8000000000;0.0232462980;110.9748802010;60000;5448.8543144200;1440000;59133;867
test;8;8;100;0.8000000000;0.0471351520;19.5740159960;10000;5448.8543144200;1440000;9741;259
train;8;8;100;0.8000000000;0.0216365750;204.1056709750;60000;5652.9599853950;1500000;;
test;8;8;100;0.8000000000;0.0230721810;126.7725007480;60000;5652.9599853950;1500000;59178;822
test;8;8;100;0.8000000000;0.0235883260;21.9693900030;10000;5652.9599853950;1500000;9736;264
train;8;8;100;0.8000000000;0.0206436180;238.7939195160;60000;5891.7539049110;1560000;;
test;8;8;100;0.8000000000;0.0228683560;128.4581896790;60000;5891.7539049110;1560000;59259;741
test;8;8;100;0.8000000000;0.0228572730;22.0090540590;10000;5891.7539049110;1560000;9751;249
train;8;8;100;0.8000000000;0.0201836790;232.8887720000;60000;6124.6426769110;1620000;;
test;8;8;100;0.8000000000;0.0230112670;127.4247441190;60000;6124.6426769110;1620000;59297;703
test;8;8;100;0.8000000000;0.0215036640;21.0945803090;10000;6124.6426769110;1620000;9748;252
train;8;8;100;0.8000000000;0.0267285250;228.9398596380;60000;6353.5825365490;1680000;;
test;8;8;100;0.8000000000;0.0209244800;127.7480013050;60000;6353.5825365490;1680000;59184;816
test;8;8;100;0.8000000000;0.0212743410;19.2065954080;10000;6353.5825365490;1680000;9730;270
train;8;8;100;0.8000000000;0.0198215290;193.4789755310;60000;6547.0615120800;1740000;;
test;8;8;100;0.8000000000;0.0230909710;119.3568652430;60000;6547.0615120800;1740000;58954;1046
test;8;8;100;0.8000000000;0.0200832250;19.2459036440;10000;6547.0615120800;1740000;9701;299
train;8;8;100;0.8000000000;0.0200609340;196.4162085420;60000;6743.4777206220;1800000;;
test;8;8;100;0.8000000000;0.0205698720;115.2359313910;60000;6743.4777206220;1800000;59154;846
test;8;8;100;0.8000000000;0.0205482460;19.8351049220;10000;6743.4777206220;1800000;9727;273
train;8;8;100;0.8000000000;0.0216774900;199.2925560350;60000;6942.7702766570;1860000;;
test;8;8;100;0.8000000000;0.0238944370;114.0535481290;60000;6942.7702766570;1860000;59392;608
test;8;8;100;0.8000000000;0.0230330160;19.5393720240;10000;6942.7702766570;1860000;9750;250
train;8;8;100;0.8000000000;0.0203656730;205.4638356850;60000;7148.2341123420;1920000;;
test;8;8;100;0.8000000000;0.0213356720;129.4657193230;60000;7148.2341123420;1920000;59344;656
test;8;8;100;0.8000000000;0.0214782920;21.3247731790;10000;7148.2341123420;1920000;9762;238
train;8;8;100;0.8000000000;0.0210543500;242.0733589080;60000;7390.3074712500;1980000;;
test;8;8;100;0.8000000000;0.0257172770;119.1893164490;60000;7390.3074712500;1980000;59380;620
test;8;8;100;0.8000000000;0.0227121530;21.9228973650;10000;7390.3074712500;1980000;9760;240
train;8;8;100;0.8000000000;0.0223255050;239.6647052670;60000;7629.9721765170;2040000;;
test;8;8;100;0.8000000000;0.0202595080;126.1955076650;60000;7629.9721765170;2040000;59411;589
test;8;8;100;0.8000000000;0.0214674170;23.0320518430;10000;7629.9721765170;2040000;9767;233
train;8;8;100;0.8000000000;0.0207514870;229.4283734720;60000;7859.4005499890;2100000;;
test;8;8;100;0.8000000000;0.0253839560;127.6194970120;60000;7859.4005499890;2100000;59431;569
test;8;8;100;0.8000000000;0.0245942820;23.5428448490;10000;7859.4005499890;2100000;9755;245
train;8;8;100;0.8000000000;0.0223367120;233.1494417770;60000;8092.5499917660;2160000;;
test;8;8;100;0.8000000000;0.0209674780;129.4299621450;60000;8092.5499917660;2160000;59310;690
test;8;8;100;0.8000000000;0.0247076510;22.1268354010;10000;8092.5499917660;2160000;9748;252
train;8;8;100;0.8000000000;0.0209052330;242.5945810480;60000;8335.1445728140;2220000;;
test;8;8;100;0.8000000000;0.0208329860;132.6091063590;60000;8335.1445728140;2220000;59434;566
test;8;8;100;0.8000000000;0.0233406690;22.6126567220;10000;8335.1445728140;2220000;9747;253
train;8;8;100;0.8000000000;0.0221354300;240.6182822990;60000;8575.7628551130;2280000;;
test;8;8;100;0.8000000000;0.0233258370;125.3164250590;60000;8575.7628551130;2280000;59438;562
test;8;8;100;0.8000000000;0.0232723390;19.2321860240;10000;8575.7628551130;2280000;9753;247
train;8;8;100;0.8000000000;0.0235387850;232.8139454970;60000;8808.5768006100;2340000;;
test;8;8;100;0.8000000000;0.0222892560;130.1956060860;60000;8808.5768006100;2340000;59499;501
test;8;8;100;0.8000000000;0.0313285780;23.2200422680;10000;8808.5768006100;2340000;9764;236
train;8;8;100;0.8000000000;0.0208848990;209.7796987390;60000;9018.3564993490;2400000;;
test;8;8;100;0.8000000000;0.0260442620;111.1292270610;60000;9018.3564993490;2400000;59404;596
test;8;8;100;0.8000000000;0.0419593710;19.7758975360;10000;9018.3564993490;2400000;9751;249
train;8;8;100;0.8000000000;0.0275566990;198.6337488560;60000;9216.9902482050;2460000;;
test;8;8;100;0.8000000000;0.0246586950;113.7323568160;60000;9216.9902482050;2460000;59361;639
test;8;8;100;0.8000000000;0.0206900740;19.1471051170;10000;9216.9902482050;2460000;9733;267
train;8;8;100;0.8000000000;0.0202404250;224.3949356170;60000;9441.3851838220;2520000;;
test;8;8;100;0.8000000000;0.0234897470;126.8095150890;60000;9441.3851838220;2520000;59483;517
test;8;8;100;0.8000000000;0.0212311350;21.3142583330;10000;9441.3851838220;2520000;9753;247
train;8;8;100;0.8000000000;0.0218912300;239.4904248810;60000;9680.8756087030;2580000;;
test;8;8;100;0.8000000000;0.0250030560;127.5585025740;60000;9680.8756087030;2580000;59566;434
test;8;8;100;0.8000000000;0.0213511300;21.9580966550;10000;9680.8756087030;2580000;9757;243
train;8;8;100;0.8000000000;0.0210477250;232.2674778030;60000;9913.1430865060;2640000;;
test;8;8;100;0.8000000000;0.0233002550;133.0157327730;60000;9913.1430865060;2640000;59266;734
test;8;8;100;0.8000000000;0.0277369820;22.3420939130;10000;9913.1430865060;2640000;9734;266
train;8;8;100;0.8000000000;0.0215455790;234.0443652040;60000;10147.1874517100;2700000;;
test;8;8;100;0.8000000000;0.0204773750;125.1786389460;60000;10147.1874517100;2700000;59573;427
test;8;8;100;0.8000000000;0.0212585910;22.8794240310;10000;10147.1874517100;2700000;9765;235
train;8;8;100;0.8000000000;0.0226453240;244.4783916370;60000;10391.6658433470;2760000;;
test;8;8;100;0.8000000000;0.0228708150;130.5076760800;60000;10391.6658433470;2760000;59633;367
test;8;8;100;0.8000000000;0.0231990490;21.5632619460;10000;10391.6658433470;2760000;9774;226
train;8;8;100;0.8000000000;0.0220211850;233.9964781220;60000;10625.6623214690;2820000;;
test;8;8;100;0.8000000000;0.0247660670;135.3031864750;60000;10625.6623214690;2820000;59594;406
test;8;8;100;0.8000000000;0.0227295700;21.9051480840;10000;10625.6623214690;2820000;9769;231
train;8;8;100;0.8000000000;0.0230776800;226.3063898830;60000;10851.9687113520;2880000;;
test;8;8;100;0.8000000000;0.0247951500;128.4410434880;60000;10851.9687113520;2880000;59630;370
test;8;8;100;0.8000000000;0.0238218570;23.1219023330;10000;10851.9687113520;2880000;9762;238
train;8;8;100;0.8000000000;0.0210498500;234.6630551810;60000;11086.6317665330;2940000;;
test;8;8;100;0.8000000000;0.0246369060;127.9923305360;60000;11086.6317665330;2940000;59572;428
test;8;8;100;0.8000000000;0.0236501980;22.2578693030;10000;11086.6317665330;2940000;9743;257
train;8;8;100;0.8000000000;0.0237070720;241.9380472870;60000;11328.5698138200;3000000;;
test;8;8;100;0.8000000000;0.0211424710;135.6991581890;60000;11328.5698138200;3000000;59518;482
test;8;8;100;0.8000000000;0.0251191340;23.4567754410;10000;11328.5698138200;3000000;9735;265
train;8;8;100;0.8000000000;0.0271087160;234.3312048200;60000;11562.9010186400;3060000;;
test;8;8;100;0.8000000000;0.0206328270;130.2112607560;60000;11562.9010186400;3060000;59644;356
test;8;8;100;0.8000000000;0.0222502580;21.6987544030;10000;11562.9010186400;3060000;9759;241
train;8;8;100;0.8000000000;0.0223187140;215.5769868330;60000;11778.4780054730;3120000;;
test;8;8;100;0.8000000000;0.0215714960;133.3699765190;60000;11778.4780054730;3120000;59585;415
test;8;8;100;0.8000000000;0.0221450940;21.4907553350;10000;11778.4780054730;3120000;9750;250
train;8;8;100;0.8000000000;0.0208383180;231.7750910140;60000;12010.2530964870;3180000;;
test;8;8;100;0.8000000000;0.0204150030;133.1339618920;60000;12010.2530964870;3180000;59685;315
test;8;8;100;0.8000000000;0.0257334410;22.1971277310;10000;12010.2530964870;3180000;9768;232
train;8;8;100;0.8000000000;0.0215592020;228.1910753090;60000;12238.4441717960;3240000;;
test;8;8;100;0.8000000000;0.0227165710;133.5115237160;60000;12238.4441717960;3240000;59661;339
test;8;8;100;0.8000000000;0.0226910300;22.2307649160;10000;12238.4441717960;3240000;9771;229
train;8;8;100;0.8000000000;0.0215974110;232.1703541590;60000;12470.6145259550;3300000;;
test;8;8;100;0.8000000000;0.0286295270;133.4980534540;60000;12470.6145259550;3300000;59615;385
test;8;8;100;0.8000000000;0.0236798640;21.7536094360;10000;12470.6145259550;3300000;9751;249
train;8;8;100;0.8000000000;0.0206059950;233.3619029470;60000;12703.9764289020;3360000;;
test;8;8;100;0.8000000000;0.0235387850;126.0571053200;60000;12703.9764289020;3360000;59653;347
test;8;8;100;0.8000000000;0.0220851800;22.6643285570;10000;12703.9764289020;3360000;9752;248
train;8;8;100;0.8000000000;0.0204411680;232.8427727220;60000;12936.8192016240;3420000;;
test;8;8;100;0.8000000000;0.0230449740;129.3415864240;60000;12936.8192016240;3420000;59595;405
test;8;8;100;0.8000000000;0.0209530220;21.0981610290;10000;12936.8192016240;3420000;9754;246
train;8;8;100;0.8000000000;0.0212864660;243.1875192250;60000;13180.0067208490;3480000;;
test;8;8;100;0.8000000000;0.0226202010;129.2472737350;60000;13180.0067208490;3480000;59735;265
test;8;8;100;0.8000000000;0.0243900420;22.7769406210;10000;13180.0067208490;3480000;9766;234
train;8;8;100;0.8000000000;0.0226521160;239.2707000150;60000;13419.2774208640;3540000;;
test;8;8;100;0.8000000000;0.0216544920;125.3982535590;60000;13419.2774208640;3540000;59719;281
test;8;8;100;0.8000000000;0.0262980440;21.1610830090;10000;13419.2774208640;3540000;9768;232
train;8;8;100;0.8000000000;0.0207468210;236.8820070620;60000;13656.1594279260;3600000;;
test;8;8;100;0.8000000000;0.0277395630;125.2972959170;60000;13656.1594279260;3600000;59670;330
test;8;8;100;0.8000000000;0.0257919400;22.0023970530;10000;13656.1594279260;3600000;9749;251
train;8;8;100;0.8000000000;0.0210973070;228.6236267280;60000;13884.7830546540;3660000;;
test;8;8;100;0.8000000000;0.0211950530;128.2723654800;60000;13884.7830546540;3660000;59702;298
test;8;8;100;0.8000000000;0.0238062320;22.4233021880;10000;13884.7830546540;3660000;9762;238
train;8;8;100;0.8000000000;0.0224309580;226.7455590380;60000;14111.5286136920;3720000;;
test;8;8;100;0.8000000000;0.0297098980;110.9351454740;60000;14111.5286136920;3720000;59321;679
test;8;8;100;0.8000000000;0.0204845420;19.3786600150;10000;14111.5286136920;3720000;9719;281
train;8;8;100;0.8000000000;0.0199967280;199.1085907780;60000;14310.6372044700;3780000;;
test;8;8;100;0.8000000000;0.0240852630;113.1523098560;60000;14310.6372044700;3780000;59694;306
test;8;8;100;0.8000000000;0.0225423290;19.9233562760;10000;14310.6372044700;3780000;9755;245
train;8;8;100;0.8000000000;0.0215274970;228.4882793520;60000;14539.1254838220;3840000;;
test;8;8;100;0.8000000000;0.0212696330;123.5935404410;60000;14539.1254838220;3840000;59706;294
test;8;8;100;0.8000000000;0.0329268430;19.4539537130;10000;14539.1254838220;3840000;9757;243
train;8;8;100;0.8000000000;0.0217924010;219.5646203700;60000;14758.6901041920;3900000;;
test;8;8;100;0.8000000000;0.0231810520;133.2019716960;60000;14758.6901041920;3900000;59466;534
test;8;8;100;0.8000000000;0.0217889870;21.5738079110;10000;14758.6901041920;3900000;9740;260
train;8;8;100;0.8000000000;0.0210673920;237.9524990210;60000;14996.6426032130;3960000;;
test;8;8;100;0.8000000000;0.0206352850;121.2721929750;60000;14996.6426032130;3960000;59724;276
test;8;8;100;0.8000000000;0.0221037640;21.4821796600;10000;14996.6426032130;3960000;9752;248
train;8;8;100;0.8000000000;0.0219879780;237.1793628060;60000;15233.8219660190;4020000;;
test;8;8;100;0.8000000000;0.0295009070;126.9512162350;60000;15233.8219660190;4020000;59571;429
test;8;8;100;0.8000000000;0.0290753810;22.0390404040;10000;15233.8219660190;4020000;9740;260
train;8;8;100;0.8000000000;0.0226663220;238.1924348990;60000;15472.0144009180;4080000;;
test;8;8;100;0.8000000000;0.0239092280;134.2357867630;60000;15472.0144009180;4080000;59748;252
test;8;8;100;0.8000000000;0.0218098590;21.7398077330;10000;15472.0144009180;4080000;9763;237
train;8;8;100;0.8000000000;0.0347930550;208.5508654660;60000;15680.5652663840;4140000;;
test;8;8;100;0.8000000000;0.0364094430;117.7222541010;60000;15680.5652663840;4140000;59736;264
test;8;8;100;0.8000000000;0.0239399350;20.3591315330;10000;15680.5652663840;4140000;9758;242
train;8;8;100;0.8000000000;0.0244452470;238.4985324300;60000;15919.0637988140;4200000;;
test;8;8;100;0.8000000000;0.0227546520;125.5182638940;60000;15919.0637988140;4200000;59783;217
test;8;8;100;0.8000000000;0.0291936280;22.5971323870;10000;15919.0637988140;4200000;9776;224
train;8;8;100;0.8000000000;0.0244504130;242.3828848040;60000;16161.4466836180;4260000;;
test;8;8;100;0.8000000000;0.0204955830;121.2397007790;60000;16161.4466836180;4260000;59785;215
test;8;8;100;0.8000000000;0.0289069740;19.3185828300;10000;16161.4466836180;4260000;9761;239
train;8;8;100;0.8000000000;0.0222712150;210.8182054040;60000;16372.2648890220;4320000;;
test;8;8;100;0.8000000000;0.0250585110;130.8820100880;60000;16372.2648890220;4320000;59758;242
test;8;8;100;0.8000000000;0.0247334430;22.1641035220;10000;16372.2648890220;4320000;9759;241
train;8;8;100;0.8000000000;0.0226176570;225.5219036150;60000;16597.7867926370;4380000;;
test;8;8;100;0.8000000000;0.0228623570;127.8417338460;60000;16597.7867926370;4380000;58504;1496
test;8;8;100;0.8000000000;0.0213350470;23.3923659010;10000;16597.7867926370;4380000;9635;365
train;8;8;100;0.8000000000;0.0238828960;235.0176029420;60000;16832.8043955790;4440000;;
test;8;8;100;0.8000000000;0.0225627020;130.1424589010;60000;16832.8043955790;4440000;59776;224
test;8;8;100;0.8000000000;0.0269905540;24.3312641570;10000;16832.8043955790;4440000;9767;233
train;8;8;100;0.8000000000;0.0214260000;235.0210476740;60000;17067.8254432530;4500000;;
test;8;8;100;0.8000000000;0.0230538900;122.4294443930;60000;17067.8254432530;4500000;59712;288
test;8;8;100;0.8000000000;0.0253620010;18.9760000100;10000;17067.8254432530;4500000;9754;246
train;8;8;100;0.8000000000;0.0222260920;222.3245064280;60000;17290.1499496810;4560000;;
test;8;8;100;0.8000000000;0.0231413450;131.4684137730;60000;17290.1499496810;4560000;59736;264
test;8;8;100;0.8000000000;0.0274221610;22.7053497610;10000;17290.1499496810;4560000;9754;246
train;8;8;100;0.8000000000;0.0210238090;218.3291587130;60000;17508.4791083940;4620000;;
test;8;8;100;0.8000000000;0.0236662390;130.6379630570;60000;17508.4791083940;4620000;58979;1021
test;8;8;100;0.8000000000;0.0273628730;22.9429120680;10000;17508.4791083940;4620000;9675;325
train;8;8;100;0.8000000000;0.0214835830;232.4051174630;60000;17740.8842258570;4680000;;
test;8;8;100;0.8000000000;0.0204706670;129.1284196880;60000;17740.8842258570;4680000;59741;259
test;8;8;100;0.8000000000;0.0216606150;21.4185734630;10000;17740.8842258570;4680000;9762;238
train;8;8;100;0.8000000000;0.0222452560;241.6080515080;60000;17982.4922773650;4740000;;
test;8;8;100;0.8000000000;0.0203832120;114.3549714580;60000;17982.4922773650;4740000;59812;188
test;8;8;100;0.8000000000;0.0210196030;18.9681690980;10000;17982.4922773650;4740000;9761;239
train;8;8;100;0.8000000000;0.0203188400;198.0614749410;60000;18180.5537523060;4800000;;
test;8;8;100;0.8000000000;0.0231222200;112.8323054540;60000;18180.5537523060;4800000;59789;211
test;8;8;100;0.8000000000;0.0236594060;19.3434395180;10000;18180.5537523060;4800000;9755;245
train;8;8;100;0.8000000000;0.0215231640;228.4459601970;60000;18408.9997125030;4860000;;
test;8;8;100;0.8000000000;0.0235398680;134.1878657310;60000;18408.9997125030;4860000;57933;2067
test;8;8;100;0.8000000000;0.0239815590;22.1979547360;10000;18408.9997125030;4860000;9539;461
train;8;8;100;0.8000000000;0.0307508950;235.0400081160;60000;18644.0397206190;4920000;;
test;8;8;100;0.8000000000;0.0225941580;130.4820878010;60000;18644.0397206190;4920000;59764;236
test;8;8;100;0.8000000000;0.0236240310;21.3719740370;10000;18644.0397206190;4920000;9755;245
train;8;8;100;0.8000000000;0.0225659110;237.5207495930;60000;18881.5604702120;4980000;;
test;8;8;100;0.8000000000;0.0224874130;132.2784656150;60000;18881.5604702120;4980000;59800;200
test;8;8;100;0.8000000000;0.0251120950;20.9723737400;10000;18881.5604702120;4980000;9746;254
train;8;8;100;0.8000000000;0.0219905170;227.3497207110;60000;19108.9101909230;5040000;;
test;8;8;100;0.8000000000;0.0213691290;131.2267998950;60000;19108.9101909230;5040000;59218;782
test;8;8;100;0.8000000000;0.0217289880;20.8487058140;10000;19108.9101909230;5040000;9696;304
train;8;8;100;0.8000000000;0.0211338480;232.4305402520;60000;19341.3407311750;5100000;;
test;8;8;100;0.8000000000;0.0228348990;128.2792267390;60000;19341.3407311750;5100000;59577;423
test;8;8;100;0.8000000000;0.0255580740;21.9073116160;10000;19341.3407311750;5100000;9733;267
train;8;8;100;0.8000000000;0.0250967600;230.8197320040;60000;19572.1604631790;5160000;;
test;8;8;100;0.8000000000;0.0208437760;135.2756941550;60000;19572.1604631790;5160000;59800;200
test;8;8;100;0.8000000000;0.0276928580;22.2858231080;10000;19572.1604631790;5160000;9760;240
train;8;8;100;0.8000000000;0.0210622260;230.6778872010;60000;19802.8383503800;5220000;;
test;8;8;100;0.8000000000;0.0219012300;128.8510697970;60000;19802.8383503800;5220000;59855;145
test;8;8;100;0.8000000000;0.0225687430;22.4907226440;10000;19802.8383503800;5220000;9764;236
train;8;8;100;0.8000000000;0.0222714660;234.4135536790;60000;20037.2519040590;5280000;;
test;8;8;100;0.8000000000;0.0215335390;132.5183076150;60000;20037.2519040590;5280000;59842;158
test;8;8;100;0.8000000000;0.0217973590;21.0874875700;10000;20037.2519040590;5280000;9761;239
train;8;8;100;0.8000000000;0.0222275920;240.9667947000;60000;20278.2186987590;5340000;;
test;8;8;100;0.8000000000;0.0269723900;128.0134093020;60000;20278.2186987590;5340000;59818;182
test;8;8;100;0.8000000000;0.0210040600;22.5993449580;10000;20278.2186987590;5340000;9765;235
train;8;8;100;0.8000000000;0.0206751580;233.4809076970;60000;20511.6996064560;5400000;;
test;8;8;100;0.8000000000;0.0247262350;125.4828234130;60000;20511.6996064560;5400000;59830;170
test;8;8;100;0.8000000000;0.0227754440;22.0834700080;10000;20511.6996064560;5400000;9770;230
train;8;8;100;0.8000000000;0.0218550660;230.9839904780;60000;20742.6835969340;5460000;;
test;8;8;100;0.8000000000;0.0208734420;123.4471791910;60000;20742.6835969340;5460000;59859;141
test;8;8;100;0.8000000000;0.0226932390;20.8190548760;10000;20742.6835969340;5460000;9763;237
train;8;8;100;0.8000000000;0.0232166320;231.8832274290;60000;20974.5668243630;5520000;;
test;8;8;100;0.8000000000;0.0211359710;127.3024240580;60000;20974.5668243630;5520000;59333;667
test;8;8;100;0.8000000000;0.0210010190;19.2875048680;10000;20974.5668243630;5520000;9692;308
train;8;8;100;0.8000000000;0.0219954350;238.2620520790;60000;21212.8288764420;5580000;;
test;8;8;100;0.8000000000;0.0230213500;127.7827255330;60000;21212.8288764420;5580000;58827;1173
test;8;8;100;0.8000000000;0.0237513190;21.7348841950;10000;21212.8288764420;5580000;9617;383
train;8;8;100;0.8000000000;0.0214456260;232.2498754750;60000;21445.0787519170;5640000;;
test;8;8;100;0.8000000000;0.0233012130;123.9828991780;60000;21445.0787519170;5640000;59850;150
test;8;8;100;0.8000000000;0.0253165440;19.9069382710;10000;21445.0787519170;5640000;9760;240
train;8;8;100;0.8000000000;0.0220402660;233.0469414040;60000;21678.1256933210;5700000;;
test;8;8;100;0.8000000000;0.0288251420;129.1884959220;60000;21678.1256933210;5700000;59793;207
test;8;8;100;0.8000000000;0.0223473370;23.9429469140;10000;21678.1256933210;5700000;9755;245
train;8;8;100;0.8000000000;0.0233837090;237.0920788250;60000;21915.2177721460;5760000;;
test;8;8;100;0.8000000000;0.0259925150;126.1508514390;60000;21915.2177721460;5760000;59871;129
test;8;8;100;0.8000000000;0.0299601780;22.1215235850;10000;21915.2177721460;5760000;9768;232
train;8;8;100;0.8000000000;0.0207574460;233.0924973790;60000;22148.3102695250;5820000;;
test;8;8;100;0.8000000000;0.0231285540;131.6683485650;60000;22148.3102695250;5820000;59584;416
test;8;8;100;0.8000000000;0.0230960540;23.6984214900;10000;22148.3102695250;5820000;9744;256
train;8;8;100;0.8000000000;0.0211416380;236.8370214780;60000;22385.1472910030;5880000;;
test;8;8;100;0.8000000000;0.0248561450;131.9220630160;60000;22385.1472910030;5880000;59801;199
test;8;8;100;0.8000000000;0.0283794130;22.6810758450;10000;22385.1472910030;5880000;9765;235
train;8;8;100;0.8000000000;0.0206367420;233.1259212770;60000;22618.2732122800;5940000;;
test;8;8;100;0.8000000000;0.0206371580;130.9505821150;60000;22618.2732122800;5940000;59859;141
test;8;8;100;0.8000000000;0.0325863160;21.8879908170;10000;22618.2732122800;5940000;9773;227
train;8;8;100;0.8000000000;0.0206661170;233.1311558480;60000;22851.4043681280;6000000;;
test;8;8;100;0.8000000000;0.0251845470;119.6082861650;60000;22851.4043681280;6000000;59015;985
test;8;8;100;0.8000000000;0.0258523120;22.2736477940;10000;22851.4043681280;6000000;9661;339
