Mode;CPUs;Parallel;WorkerBatch;LearningRate;WorkerSetupTime;EpochElapsedTime;EpochLines;TotalElapsedTime;TotalLines;Correct;Incorrect
train;8;14;100;0.8000000000;0.0387957160;177.2561433570;60000;177.2561433570;60000;;
test;8;14;100;0.8000000000;0.0372112020;104.5095671670;60000;177.2561433570;60000;50499;9501
test;8;14;100;0.8000000000;0.0342701610;18.5972587810;10000;177.2561433570;60000;8459;1541
train;8;14;100;0.8000000000;0.0284369100;192.4367331100;60000;369.6928764670;120000;;
test;8;14;100;0.8000000000;0.0388004230;110.8795403600;60000;369.6928764670;120000;54108;5892
test;8;14;100;0.8000000000;0.0990255190;20.5397103940;10000;369.6928764670;120000;9038;962
train;8;14;100;0.8000000000;0.0284842010;192.1572267200;60000;561.8501031870;180000;;
test;8;14;100;0.8000000000;0.0366050180;108.2605844100;60000;561.8501031870;180000;55352;4648
test;8;14;100;0.8000000000;0.0360854990;19.1519342030;10000;561.8501031870;180000;9224;776
train;8;14;100;0.8000000000;0.0314954870;191.5026829810;60000;753.3527861680;240000;;
test;8;14;100;0.8000000000;0.0391382030;107.6191083640;60000;753.3527861680;240000;55933;4067
test;8;14;100;0.8000000000;0.0379722080;18.7011052190;10000;753.3527861680;240000;9305;695
train;8;14;100;0.8000000000;0.0327040620;192.3036895070;60000;945.6564756750;300000;;
test;8;14;100;0.8000000000;0.0355675630;110.2365233000;60000;945.6564756750;300000;56370;3630
test;8;14;100;0.8000000000;0.0659920550;18.1205670710;10000;945.6564756750;300000;9371;629
train;8;14;100;0.8000000000;0.0320412980;192.0954662370;60000;1137.7519419120;360000;;
test;8;14;100;0.8000000000;0.0406205970;111.3394724920;60000;1137.7519419120;360000;56688;3312
test;8;14;100;0.8000000000;0.0360501690;18.1163072090;10000;1137.7519419120;360000;9443;557
train;8;14;100;0.8000000000;0.0301018810;190.4767858310;60000;1328.2287277430;420000;;
test;8;14;100;0.8000000000;0.0383480670;110.2183130340;60000;1328.2287277430;420000;56886;3114
test;8;14;100;0.8000000000;0.0303367870;19.1840990370;10000;1328.2287277430;420000;9454;546
train;8;14;100;0.8000000000;0.0332938670;199.6085201240;60000;1527.8372478670;480000;;
test;8;14;100;0.8000000000;0.0384966870;101.2483713270;60000;1527.8372478670;480000;56859;3141
test;8;14;100;0.8000000000;0.0335770230;17.5413237000;10000;1527.8372478670;480000;9466;534
train;8;14;100;0.8000000000;0.0318067660;193.9636928930;60000;1721.8009407600;540000;;
test;8;14;100;0.8000000000;0.0294539920;108.7253299160;60000;1721.8009407600;540000;57569;2431
test;8;14;100;0.8000000000;0.0360072540;19.1923145570;10000;1721.8009407600;540000;9548;452
train;8;14;100;0.8000000000;0.0288245190;195.4185399350;60000;1917.2194806950;600000;;
test;8;14;100;0.8000000000;0.0376151000;109.2004704450;60000;1917.2194806950;600000;57670;2330
test;8;14;100;0.8000000000;0.0319344670;18.4634050030;10000;1917.2194806950;600000;9580;420
train;8;14;100;0.8000000000;0.0320982540;187.0287057210;60000;2104.2481864160;660000;;
test;8;14;100;0.8000000000;0.0411932390;113.2109192300;60000;2104.2481864160;660000;57698;2302
test;8;14;100;0.8000000000;0.0329303840;19.9419466490;10000;2104.2481864160;660000;9562;438
train;8;14;100;0.8000000000;0.0310223840;194.0328290260;60000;2298.2810154420;720000;;
test;8;14;100;0.8000000000;0.0382920310;111.5204442600;60000;2298.2810154420;720000;57866;2134
test;8;14;100;0.8000000000;0.0357506380;19.5368744610;10000;2298.2810154420;720000;9603;397
train;8;14;100;0.8000000000;0.0286766900;188.6782194400;60000;2486.9592348820;780000;;
test;8;14;100;0.8000000000;0.0344374440;113.6632596900;60000;2486.9592348820;780000;58139;1861
test;8;14;100;0.8000000000;0.0768408000;19.6443652010;10000;2486.9592348820;780000;9654;346
train;8;14;100;0.8000000000;0.0309760510;192.9240940370;60000;2679.8833289190;840000;;
test;8;14;100;0.8000000000;0.0394115230;111.6377727490;60000;2679.8833289190;840000;58176;1824
test;8;14;100;0.8000000000;0.0287901430;18.5810574750;10000;2679.8833289190;840000;9644;356
train;8;14;100;0.8000000000;0.0318725960;192.0664009710;60000;2871.9497298900;900000;;
test;8;14;100;0.8000000000;0.0408700460;110.1034242340;60000;2871.9497298900;900000;58291;1709
test;8;14;100;0.8000000000;0.0993906280;17.6097383990;10000;2871.9497298900;900000;9654;346
train;8;14;100;0.8000000000;0.0281719640;192.3311557440;60000;3064.2808856340;960000;;
test;8;14;100;0.8000000000;0.0343461990;110.8625295870;60000;3064.2808856340;960000;58273;1727
test;8;14;100;0.8000000000;0.0358498010;19.7565705290;10000;3064.2808856340;960000;9657;343
train;8;14;100;0.8000000000;0.0302996630;194.3185321500;60000;3258.5994177840;1020000;;
test;8;14;100;0.8000000000;0.0360535840;109.2502107720;60000;3258.5994177840;1020000;58505;1495
test;8;14;100;0.8000000000;0.0313428680;19.3980661830;10000;3258.5994177840;1020000;9681;319
train;8;14;100;0.8000000000;0.0281597140;190.9032574730;60000;3449.5026752570;1080000;;
test;8;14;100;0.8000000000;0.0341105430;112.3603976110;60000;3449.5026752570;1080000;58476;1524
test;8;14;100;0.8000000000;0.0931067290;19.1722788710;10000;3449.5026752570;1080000;9674;326
train;8;14;100;0.8000000000;0.0282782910;191.5519138820;60000;3641.0545891390;1140000;;
test;8;14;100;0.8000000000;0.0398844210;109.7959044190;60000;3641.0545891390;1140000;58641;1359
test;8;14;100;0.8000000000;0.0355806040;19.2759532350;10000;3641.0545891390;1140000;9698;302
train;8;14;100;0.8000000000;0.0298320170;191.4566343260;60000;3832.5112234650;1200000;;
test;8;14;100;0.8000000000;0.0377426790;107.5204806990;60000;3832.5112234650;1200000;58730;1270
test;8;14;100;0.8000000000;0.0923940940;20.0427713390;10000;3832.5112234650;1200000;9719;281
train;8;14;100;0.8000000000;0.0329987580;189.8443816030;60000;4022.3556050680;1260000;;
test;8;14;100;0.8000000000;0.0354562750;112.2274027570;60000;4022.3556050680;1260000;58393;1607
test;8;14;100;0.8000000000;0.0293793680;20.4629660910;10000;4022.3556050680;1260000;9643;357
train;8;14;100;0.8000000000;0.0284913650;189.0148921320;60000;4211.3704972000;1320000;;
test;8;14;100;0.8000000000;0.0321003770;105.2651898760;60000;4211.3704972000;1320000;58616;1384
test;8;14;100;0.8000000000;0.0466505490;18.4510588200;10000;4211.3704972000;1320000;9700;300
train;8;14;100;0.8000000000;0.0279914690;184.5615937370;60000;4395.9320909370;1380000;;
test;8;14;100;0.8000000000;0.0362799490;113.7396358810;60000;4395.9320909370;1380000;58755;1245
test;8;14;100;0.8000000000;0.0690987130;19.0883469590;10000;4395.9320909370;1380000;9693;307
train;8;14;100;0.8000000000;0.0314328240;181.9345283020;60000;4577.8666192390;1440000;;
test;8;14;100;0.8000000000;0.0352140360;99.9483179230;60000;4577.8666192390;1440000;58886;1114
test;8;14;100;0.8000000000;0.0280128870;17.5249801460;10000;4577.8666192390;1440000;9715;285
train;8;14;100;0.8000000000;0.0275929040;175.3501304810;60000;4753.2167497200;1500000;;
test;8;14;100;0.8000000000;0.0407902140;98.9615603430;60000;4753.2167497200;1500000;58798;1202
test;8;14;100;0.8000000000;0.0362927410;17.2570981350;10000;4753.2167497200;1500000;9707;293
train;8;14;100;0.8000000000;0.0279829300;188.0673893320;60000;4941.2841390520;1560000;;
test;8;14;100;0.8000000000;0.0375967260;112.3490916450;60000;4941.2841390520;1560000;58955;1045
test;8;14;100;0.8000000000;0.0889859470;18.9057388500;10000;4941.2841390520;1560000;9717;283
train;8;14;100;0.8000000000;0.0302779140;195.3816710460;60000;5136.6658100980;1620000;;
test;8;14;100;0.8000000000;0.0331000030;108.3580124090;60000;5136.6658100980;1620000;58886;1114
test;8;14;100;0.8000000000;0.0317861000;18.8788786220;10000;5136.6658100980;1620000;9707;293
train;8;14;100;0.8000000000;0.0314156570;187.7666717300;60000;5324.4324818280;1680000;;
test;8;14;100;0.8000000000;0.0358263430;109.3710901530;60000;5324.4324818280;1680000;59033;967
test;8;14;100;0.8000000000;0.0304748210;19.5705219800;10000;5324.4324818280;1680000;9726;274
train;8;14;100;0.8000000000;0.0303421200;192.3501004370;60000;5516.7825822650;1740000;;
test;8;14;100;0.8000000000;0.0406220570;111.9877095850;60000;5516.7825822650;1740000;58804;1196
test;8;14;100;0.8000000000;0.1066257340;20.0188134030;10000;5516.7825822650;1740000;9689;311
train;8;14;100;0.8000000000;0.0284952820;191.5362851320;60000;5708.3188673970;1800000;;
test;8;14;100;0.8000000000;0.0381228720;107.7221953750;60000;5708.3188673970;1800000;59008;992
test;8;14;100;0.8000000000;0.0343834900;19.4647775810;10000;5708.3188673970;1800000;9732;268
train;8;14;100;0.8000000000;0.0369430050;194.5800975510;60000;5902.8989649480;1860000;;
test;8;14;100;0.8000000000;0.0352665770;114.3282501800;60000;5902.8989649480;1860000;59114;886
test;8;14;100;0.8000000000;0.0357632230;20.2515883310;10000;5902.8989649480;1860000;9752;248
train;8;14;100;0.8000000000;0.0298972650;193.5086472570;60000;6096.4076122050;1920000;;
test;8;14;100;0.8000000000;0.0370414180;112.1149764730;60000;6096.4076122050;1920000;59155;845
test;8;14;100;0.8000000000;0.0341964150;18.4814418990;10000;6096.4076122050;1920000;9748;252
train;8;14;100;0.8000000000;0.0293118310;190.0431479420;60000;6286.4507601470;1980000;;
test;8;14;100;0.8000000000;0.0395155190;111.2101775230;60000;6286.4507601470;1980000;59187;813
test;8;14;100;0.8000000000;0.0944870030;17.5337741450;10000;6286.4507601470;1980000;9743;257
train;8;14;100;0.8000000000;0.0280798010;176.1871598750;60000;6462.6379200220;2040000;;
test;8;14;100;0.8000000000;0.0404098140;110.3078866590;60000;6462.6379200220;2040000;58568;1432
test;8;14;100;0.8000000000;0.0330320890;19.0017218320;10000;6462.6379200220;2040000;9641;359
train;8;14;100;0.8000000000;0.0338715110;193.6122503270;60000;6656.2501703490;2100000;;
test;8;14;100;0.8000000000;0.0396054730;100.6313674400;60000;6656.2501703490;2100000;58421;1579
test;8;14;100;0.8000000000;0.0294612410;17.4921658400;10000;6656.2501703490;2100000;9616;384
train;8;14;100;0.8000000000;0.0279465570;188.5413040350;60000;6844.7914743840;2160000;;
test;8;14;100;0.8000000000;0.0357113500;106.8599121380;60000;6844.7914743840;2160000;59181;819
test;8;14;100;0.8000000000;0.0355115260;19.7058574880;10000;6844.7914743840;2160000;9743;257
train;8;14;100;0.8000000000;0.0299809280;178.0599732130;60000;7022.8514475970;2220000;;
test;8;14;100;0.8000000000;0.0348258850;103.3335335030;60000;7022.8514475970;2220000;59083;917
test;8;14;100;0.8000000000;0.0337458480;18.4379665890;10000;7022.8514475970;2220000;9731;269
train;8;14;100;0.8000000000;0.0302030410;193.8618186230;60000;7216.7132662200;2280000;;
test;8;14;100;0.8000000000;0.0460382810;113.2334268870;60000;7216.7132662200;2280000;59137;863
test;8;14;100;0.8000000000;0.0319264280;19.0076437440;10000;7216.7132662200;2280000;9716;284
train;8;14;100;0.8000000000;0.0313261200;193.5884069350;60000;7410.3016731550;2340000;;
test;8;14;100;0.8000000000;0.0319715510;112.2779282160;60000;7410.3016731550;2340000;59141;859
test;8;14;100;0.8000000000;0.0306661080;19.4874984480;10000;7410.3016731550;2340000;9721;279
train;8;14;100;0.8000000000;0.0312670790;189.9423555360;60000;7600.2440286910;2400000;;
test;8;14;100;0.8000000000;0.0346748090;110.8646664930;60000;7600.2440286910;2400000;59337;663
test;8;14;100;0.8000000000;0.0303768690;18.4980367700;10000;7600.2440286910;2400000;9761;239
train;8;14;100;0.8000000000;0.0380587070;192.0637969180;60000;7792.3078256090;2460000;;
test;8;14;100;0.8000000000;0.0386570570;113.6015640770;60000;7792.3078256090;2460000;59279;721
test;8;14;100;0.8000000000;0.1044948670;18.7773291280;10000;7792.3078256090;2460000;9737;263
train;8;14;100;0.8000000000;0.0282879980;182.6308334160;60000;7974.9386590250;2520000;;
test;8;14;100;0.8000000000;0.0388574240;112.1967163220;60000;7974.9386590250;2520000;59289;711
test;8;14;100;0.8000000000;0.0402745710;19.6400255120;10000;7974.9386590250;2520000;9761;239
train;8;14;100;0.8000000000;0.0313348700;191.2904335150;60000;8166.2290925400;2580000;;
test;8;14;100;0.8000000000;0.0387606340;107.9703485170;60000;8166.2290925400;2580000;59357;643
test;8;14;100;0.8000000000;0.0282030450;19.4534236540;10000;8166.2290925400;2580000;9766;234
train;8;14;100;0.8000000000;0.0284804480;195.7700379960;60000;8361.9991305360;2640000;;
test;8;14;100;0.8000000000;0.0362802840;112.5303834740;60000;8361.9991305360;2640000;59204;796
test;8;14;100;0.8000000000;0.0367762610;19.0114084190;10000;8361.9991305360;2640000;9739;261
train;8;14;100;0.8000000000;0.0284000760;186.1973539130;60000;8548.1964844490;2700000;;
test;8;14;100;0.8000000000;0.0359330480;111.1457049020;60000;8548.1964844490;2700000;59302;698
test;8;14;100;0.8000000000;0.0341998720;19.6223492670;10000;8548.1964844490;2700000;9745;255
train;8;14;100;0.8000000000;0.0316802700;191.5206270470;60000;8739.7171114960;2760000;;
test;8;14;100;0.8000000000;0.0402803180;105.0788555420;60000;8739.7171114960;2760000;59326;674
test;8;14;100;0.8000000000;0.0464084760;18.0688305320;10000;8739.7171114960;2760000;9761;239
train;8;14;100;0.8000000000;0.0307273940;192.5704403900;60000;8932.2875518860;2820000;;
test;8;14;100;0.8000000000;0.0417217170;108.4898279400;60000;8932.2875518860;2820000;59328;672
test;8;14;100;0.8000000000;0.0343497420;18.6246032780;10000;8932.2875518860;2820000;9737;263
train;8;14;100;0.8000000000;0.0325364840;192.1445275560;60000;9124.4320794420;2880000;;
test;8;14;100;0.8000000000;0.0355485220;111.1778231150;60000;9124.4320794420;2880000;59334;666
test;8;14;100;0.8000000000;0.0691897920;18.9046504370;10000;9124.4320794420;2880000;9757;243
train;8;14;100;0.8000000000;0.0303849930;196.0474147640;60000;9320.4794942060;2940000;;
test;8;14;100;0.8000000000;0.0374956460;107.3566818270;60000;9320.4794942060;2940000;59438;562
test;8;14;100;0.8000000000;0.0432026960;17.6949408430;10000;9320.4794942060;2940000;9762;238
train;8;14;100;0.8000000000;0.0362195370;191.1357125420;60000;9511.6152067480;3000000;;
test;8;14;100;0.8000000000;0.0384984810;112.2015500690;60000;9511.6152067480;3000000;59374;626
test;8;14;100;0.8000000000;0.0769592940;19.1887976690;10000;9511.6152067480;3000000;9763;237
train;8;14;100;0.8000000000;0.0283114570;188.1369425320;60000;9699.7521492800;3060000;;
test;8;14;100;0.8000000000;0.0343744880;109.0841426690;60000;9699.7521492800;3060000;59397;603
test;8;14;100;0.8000000000;0.0362070780;19.6153128970;10000;9699.7521492800;3060000;9745;255
train;8;14;100;0.8000000000;0.0321652930;193.9380711550;60000;9893.6902204350;3120000;;
test;8;14;100;0.8000000000;0.0353027390;111.5952044000;60000;9893.6902204350;3120000;59038;962
test;8;14;100;0.8000000000;0.0777106800;17.8992879440;10000;9893.6902204350;3120000;9708;292
train;8;14;100;0.8000000000;0.0281947520;188.8441737190;60000;10082.5343941540;3180000;;
test;8;14;100;0.8000000000;0.0339336340;109.1614352330;60000;10082.5343941540;3180000;59251;749
test;8;14;100;0.8000000000;0.0388997540;18.9199243680;10000;10082.5343941540;3180000;9717;283
train;8;14;100;0.8000000000;0.0331052100;193.2971462180;60000;10275.8315403720;3240000;;
test;8;14;100;0.8000000000;0.0368405500;104.5846623760;60000;10275.8315403720;3240000;59438;562
test;8;14;100;0.8000000000;0.0349468820;17.8266710890;10000;10275.8315403720;3240000;9760;240
train;8;14;100;0.8000000000;0.0315366520;187.3234353350;60000;10463.1549757070;3300000;;
test;8;14;100;0.8000000000;0.0353250330;110.5895348370;60000;10463.1549757070;3300000;59509;491
test;8;14;100;0.8000000000;0.0668881420;19.0424216740;10000;10463.1549757070;3300000;9766;234
train;8;14;100;0.8000000000;0.0284429920;178.3525205060;60000;10641.5074962130;3360000;;
test;8;14;100;0.8000000000;0.0399647520;99.7420019930;60000;10641.5074962130;3360000;59489;511
test;8;14;100;0.8000000000;0.0339138010;17.0451769860;10000;10641.5074962130;3360000;9776;224
train;8;14;100;0.8000000000;0.0282003780;174.4911739810;60000;10815.9986701940;3420000;;
test;8;14;100;0.8000000000;0.0345059000;101.0756487410;60000;10815.9986701940;3420000;59490;510
test;8;14;100;0.8000000000;0.0366658910;18.4791730370;10000;10815.9986701940;3420000;9753;247
train;8;14;100;0.8000000000;0.0281928380;197.3901147610;60000;11013.3887849550;3480000;;
test;8;14;100;0.8000000000;0.0384178580;110.6945901350;60000;11013.3887849550;3480000;59564;436
test;8;14;100;0.8000000000;0.0652929590;18.4638736490;10000;11013.3887849550;3480000;9767;233
train;8;14;100;0.8000000000;0.0314169900;193.3736357330;60000;11206.7624206880;3540000;;
test;8;14;100;0.8000000000;0.0382325330;111.0259293930;60000;11206.7624206880;3540000;59314;686
test;8;14;100;0.8000000000;0.0304218240;18.9748868100;10000;11206.7624206880;3540000;9731;269
train;8;14;100;0.8000000000;0.0285286560;197.1687291730;60000;11403.9311498610;3600000;;
test;8;14;100;0.8000000000;0.0295357800;115.3404890110;60000;11403.9311498610;3600000;59464;536
test;8;14;100;0.8000000000;0.0581600980;18.0500947060;10000;11403.9311498610;3600000;9748;252
train;8;14;100;0.8000000000;0.0282308750;175.3826576750;60000;11579.3138075360;3660000;;
test;8;14;100;0.8000000000;0.0383162360;103.6159880620;60000;11579.3138075360;3660000;59182;818
test;8;14;100;0.8000000000;0.0280922590;17.3411064250;10000;11579.3138075360;3660000;9723;277
train;8;14;100;0.8000000000;0.0305411520;174.7227784090;60000;11754.0365859450;3720000;;
test;8;14;100;0.8000000000;0.0358532580;100.4487998220;60000;11754.0365859450;3720000;59524;476
test;8;14;100;0.8000000000;0.0362019120;17.6658550850;10000;11754.0365859450;3720000;9759;241
train;8;14;100;0.8000000000;0.0290407180;174.4299816750;60000;11928.4665676200;3780000;;
test;8;14;100;0.8000000000;0.0356618920;106.6710510390;60000;11928.4665676200;3780000;59591;409
test;8;14;100;0.8000000000;0.0399988330;18.0965931370;10000;11928.4665676200;3780000;9766;234
train;8;14;100;0.8000000000;0.0312060410;190.5488372070;60000;12119.0154048270;3840000;;
test;8;14;100;0.8000000000;0.0371308720;110.3323334510;60000;12119.0154048270;3840000;59392;608
test;8;14;100;0.8000000000;0.1014160410;19.8379941340;10000;12119.0154048270;3840000;9740;260
train;8;14;100;0.8000000000;0.0289019310;192.9069306840;60000;12311.9223355110;3900000;;
test;8;14;100;0.8000000000;0.0358254700;112.4273060100;60000;12311.9223355110;3900000;59551;449
test;8;14;100;0.8000000000;0.0314042000;18.8795358870;10000;12311.9223355110;3900000;9766;234
train;8;14;100;0.8000000000;0.0279751780;184.2147968080;60000;12496.1371323190;3960000;;
test;8;14;100;0.8000000000;0.0383085310;109.3033341760;60000;12496.1371323190;3960000;59433;567
test;8;14;100;0.8000000000;0.0336990600;18.4881156950;10000;12496.1371323190;3960000;9744;256
train;8;14;100;0.8000000000;0.0281332550;196.4662077030;60000;12692.6033400220;4020000;;
test;8;14;100;0.8000000000;0.0350768780;109.6832001950;60000;12692.6033400220;4020000;59575;425
test;8;14;100;0.8000000000;0.0282945010;19.6136965520;10000;12692.6033400220;4020000;9775;225
train;8;14;100;0.8000000000;0.0289841380;197.2655853720;60000;12889.8689253940;4080000;;
test;8;14;100;0.8000000000;0.0372818230;104.6442932400;60000;12889.8689253940;4080000;59598;402
test;8;14;100;0.8000000000;0.0355034830;17.0228134420;10000;12889.8689253940;4080000;9764;236
train;8;14;100;0.8000000000;0.0280835500;174.5596780500;60000;13064.4286034440;4140000;;
test;8;14;100;0.8000000000;0.0387598010;101.2830762980;60000;13064.4286034440;4140000;59017;983
test;8;14;100;0.8000000000;0.0304494050;17.8446886930;10000;13064.4286034440;4140000;9703;297
train;8;14;100;0.8000000000;0.0285136570;175.1680938000;60000;13239.5966972440;4200000;;
test;8;14;100;0.8000000000;0.0344449450;102.6282782710;60000;13239.5966972440;4200000;59603;397
test;8;14;100;0.8000000000;0.0365812690;18.2909910790;10000;13239.5966972440;4200000;9747;253
train;8;14;100;0.8000000000;0.0299256370;181.0694182230;60000;13420.6661154670;4260000;;
test;8;14;100;0.8000000000;0.0334123220;124.0146315190;60000;13420.6661154670;4260000;59348;652
test;8;14;100;0.8000000000;0.0317838500;17.9063323080;10000;13420.6661154670;4260000;9740;260
train;8;14;100;0.8000000000;0.0310299230;196.2365558480;60000;13616.9026713150;4320000;;
test;8;14;100;0.8000000000;0.0368065940;108.6981910820;60000;13616.9026713150;4320000;59681;319
test;8;14;100;0.8000000000;0.0348647170;18.1697342600;10000;13616.9026713150;4320000;9770;230
train;8;14;100;0.8000000000;0.0322842440;189.6760502990;60000;13806.5787216140;4380000;;
test;8;14;100;0.8000000000;0.0350597110;110.1739991340;60000;13806.5787216140;4380000;59585;415
test;8;14;100;0.8000000000;0.0371369550;19.4528631320;10000;13806.5787216140;4380000;9777;223
train;8;14;100;0.8000000000;0.0287700620;199.9917073260;60000;14006.5704289400;4440000;;
test;8;14;100;0.8000000000;0.0357455140;111.7979405680;60000;14006.5704289400;4440000;59343;657
test;8;14;100;0.8000000000;0.0280152610;19.6638523650;10000;14006.5704289400;4440000;9725;275
train;8;14;100;0.8000000000;0.0291072570;185.9524073850;60000;14192.5228363250;4500000;;
test;8;14;100;0.8000000000;0.0346102300;110.4911348320;60000;14192.5228363250;4500000;59534;466
test;8;14;100;0.8000000000;0.0369334220;18.5708273280;10000;14192.5228363250;4500000;9767;233
train;8;14;100;0.8000000000;0.0283981600;195.3405336840;60000;14387.8633700090;4560000;;
test;8;14;100;0.8000000000;0.0344182790;114.3207453360;60000;14387.8633700090;4560000;59712;288
test;8;14;100;0.8000000000;0.0311925430;19.4634618050;10000;14387.8633700090;4560000;9778;222
train;8;14;100;0.8000000000;0.0311581280;191.0511277860;60000;14578.9144977950;4620000;;
test;8;14;100;0.8000000000;0.0389759590;108.9421669040;60000;14578.9144977950;4620000;59598;402
test;8;14;100;0.8000000000;0.0286724840;19.0814803800;10000;14578.9144977950;4620000;9775;225
train;8;14;100;0.8000000000;0.0303298290;192.1043923560;60000;14771.0188901510;4680000;;
test;8;14;100;0.8000000000;0.0387273450;110.4789491440;60000;14771.0188901510;4680000;59637;363
test;8;14;100;0.8000000000;0.0786860980;20.2490940250;10000;14771.0188901510;4680000;9768;232
train;8;14;100;0.8000000000;0.0286159030;195.0777326990;60000;14966.0966228500;4740000;;
test;8;14;100;0.8000000000;0.0309163470;112.1867171170;60000;14966.0966228500;4740000;59539;461
test;8;14;100;0.8000000000;0.0479759500;19.4331836830;10000;14966.0966228500;4740000;9747;253
train;8;14;100;0.8000000000;0.0318071830;193.4157517650;60000;15159.5123746150;4800000;;
test;8;14;100;0.8000000000;0.0392636970;110.6099835840;60000;15159.5123746150;4800000;58801;1199
test;8;14;100;0.8000000000;0.1095634010;19.6877186400;10000;15159.5123746150;4800000;9675;325
train;8;14;100;0.8000000000;0.0316042750;192.7607595070;60000;15352.2731341220;4860000;;
test;8;14;100;0.8000000000;0.0398478390;111.5107505070;60000;15352.2731341220;4860000;59610;390
test;8;14;100;0.8000000000;0.0455225530;19.9463287530;10000;15352.2731341220;4860000;9760;240
train;8;14;100;0.8000000000;0.0355572730;189.6258747300;60000;15541.8990088520;4920000;;
test;8;14;100;0.8000000000;0.0322619950;108.7673426200;60000;15541.8990088520;4920000;59700;300
test;8;14;100;0.8000000000;0.0765740600;18.9817237260;10000;15541.8990088520;4920000;9777;223
train;8;14;100;0.8000000000;0.0291733370;194.6855483790;60000;15736.5845572310;4980000;;
test;8;14;100;0.8000000000;0.0343065340;106.9106510970;60000;15736.5845572310;4980000;59640;360
test;8;14;100;0.8000000000;0.0365452710;17.7124680500;10000;15736.5845572310;4980000;9766;234
train;8;14;100;0.8000000000;0.0332376640;188.2175727110;60000;15924.8021299420;5040000;;
test;8;14;100;0.8000000000;0.0393044450;124.1633106700;60000;15924.8021299420;5040000;59578;422
test;8;14;100;0.8000000000;0.0359300900;19.6574477650;10000;15924.8021299420;5040000;9759;241
train;8;14;100;0.8000000000;0.0284246180;189.7979600020;60000;16114.6000899440;5100000;;
test;8;14;100;0.8000000000;0.0484317620;109.4605738730;60000;16114.6000899440;5100000;59667;333
test;8;14;100;0.8000000000;0.0422568600;19.4132187820;10000;16114.6000899440;5100000;9772;228
train;8;14;100;0.8000000000;0.0292656670;198.2474626160;60000;16312.8475525600;5160000;;
test;8;14;100;0.8000000000;0.0313666170;108.8651344830;60000;16312.8475525600;5160000;59570;430
test;8;14;100;0.8000000000;0.0293077880;18.6168780680;10000;16312.8475525600;5160000;9752;248
train;8;14;100;0.8000000000;0.0311519180;173.6282355660;60000;16486.4757881260;5220000;;
test;8;14;100;0.8000000000;0.0370424160;100.5027540220;60000;16486.4757881260;5220000;59546;454
test;8;14;100;0.8000000000;0.0335173570;17.6887697740;10000;16486.4757881260;5220000;9757;243
train;8;14;100;0.8000000000;0.0284389100;173.9761836500;60000;16660.4519717760;5280000;;
test;8;14;100;0.8000000000;0.0347124310;106.4404681480;60000;16660.4519717760;5280000;59714;286
test;8;14;100;0.8000000000;0.0422908170;19.0871831770;10000;16660.4519717760;5280000;9756;244
train;8;14;100;0.8000000000;0.0309627610;188.8988014260;60000;16849.3507732020;5340000;;
test;8;14;100;0.8000000000;0.0377584280;111.0061591960;60000;16849.3507732020;5340000;59381;619
test;8;14;100;0.8000000000;0.0371692450;19.6989906960;10000;16849.3507732020;5340000;9725;275
train;8;14;100;0.8000000000;0.0325080690;189.2220786550;60000;17038.5728518570;5400000;;
test;8;14;100;0.8000000000;0.0297174390;113.5718519320;60000;17038.5728518570;5400000;59723;277
test;8;14;100;0.8000000000;0.0380117510;19.5727165950;10000;17038.5728518570;5400000;9757;243
train;8;14;100;0.8000000000;0.0321994150;191.5129829990;60000;17230.0858348560;5460000;;
test;8;14;100;0.8000000000;0.0378388400;109.2674767880;60000;17230.0858348560;5460000;59733;267
test;8;14;100;0.8000000000;0.0297252300;18.5425213280;10000;17230.0858348560;5460000;9755;245
train;8;14;100;0.8000000000;0.0315222780;192.7600060020;60000;17422.8458408580;5520000;;
test;8;14;100;0.8000000000;0.0395308520;107.4963339020;60000;17422.8458408580;5520000;59705;295
test;8;14;100;0.8000000000;0.0370864140;19.2528504730;10000;17422.8458408580;5520000;9750;250
train;8;14;100;0.8000000000;0.0306301910;187.1599707340;60000;17610.0058115920;5580000;;
test;8;14;100;0.8000000000;0.0360120040;108.4349941160;60000;17610.0058115920;5580000;59660;340
test;8;14;100;0.8000000000;0.0365039400;19.1232184720;10000;17610.0058115920;5580000;9761;239
train;8;14;100;0.8000000000;0.0322104140;193.8704559590;60000;17803.8762675510;5640000;;
test;8;14;100;0.8000000000;0.0384319830;112.0468669320;60000;17803.8762675510;5640000;59641;359
test;8;14;100;0.8000000000;0.0308284330;19.5214174100;10000;17803.8762675510;5640000;9748;252
train;8;14;100;0.8000000000;0.0283133740;190.9300002870;60000;17994.8062678380;5700000;;
test;8;14;100;0.8000000000;0.0438089200;111.0387017690;60000;17994.8062678380;5700000;59750;250
test;8;14;100;0.8000000000;0.0685381130;17.7739316740;10000;17994.8062678380;5700000;9773;227
train;8;14;100;0.8000000000;0.0286717340;197.1512655470;60000;18191.9575333850;5760000;;
test;8;14;100;0.8000000000;0.0393014040;108.3913699000;60000;18191.9575333850;5760000;59696;304
test;8;14;100;0.8000000000;0.0343518650;19.5578602280;10000;18191.9575333850;5760000;9768;232
train;8;14;100;0.8000000000;0.0280690080;191.5550005450;60000;18383.5125339300;5820000;;
test;8;14;100;0.8000000000;0.0350634180;110.2856905700;60000;18383.5125339300;5820000;59759;241
test;8;14;100;0.8000000000;0.0375113560;18.4461443650;10000;18383.5125339300;5820000;9756;244
train;8;14;100;0.8000000000;0.0316188570;195.3032916470;60000;18578.8158255770;5880000;;
test;8;14;100;0.8000000000;0.0385533090;110.5947809010;60000;18578.8158255770;5880000;59553;447
test;8;14;100;0.8000000000;0.1075073210;18.6240713420;10000;18578.8158255770;5880000;9727;273
train;8;14;100;0.8000000000;0.0318149750;195.7572470400;60000;18774.5730726170;5940000;;
test;8;14;100;0.8000000000;0.0368097200;105.7453546030;60000;18774.5730726170;5940000;59664;336
test;8;14;100;0.8000000000;0.0377535950;19.2994678970;10000;18774.5730726170;5940000;9746;254
train;8;14;100;0.8000000000;0.0290095510;186.6495354690;60000;18961.2226080860;6000000;;
test;8;14;100;0.8000000000;0.0396577210;104.8896362120;60000;18961.2226080860;6000000;58922;1078
test;8;14;100;0.8000000000;0.0343804060;19.3928758650;10000;18961.2226080860;6000000;9660;340
