Mode;CPUs;Parallel;WorkerBatch;LearningRate;WorkerSetupTime;EpochElapsedTime;EpochLines;TotalElapsedTime;TotalLines;Correct;Incorrect
train;8;13;100;0.8000000000;0.0320274230;215.2261688590;60000;215.2261688590;60000;;
test;8;13;100;0.8000000000;0.0365561480;122.3848652990;60000;215.2261688590;60000;53384;6616
test;8;13;100;0.8000000000;0.0367900530;20.1201116200;10000;215.2261688590;60000;8937;1063
train;8;13;100;0.8000000000;0.0317519340;213.8018488580;60000;429.0280177170;120000;;
test;8;13;100;0.8000000000;0.0357412230;120.6370189920;60000;429.0280177170;120000;54932;5068
test;8;13;100;0.8000000000;0.0349990450;20.3855938550;10000;429.0280177170;120000;9182;818
train;8;13;100;0.8000000000;0.0348670100;209.5379135340;60000;638.5659312510;180000;;
test;8;13;100;0.8000000000;0.0352261630;122.0581120550;60000;638.5659312510;180000;55579;4421
test;8;13;100;0.8000000000;0.0339826730;19.2499780130;10000;638.5659312510;180000;9256;744
train;8;13;100;0.8000000000;0.0368428840;214.3650573240;60000;852.9309885750;240000;;
test;8;13;100;0.8000000000;0.0366916410;119.9413611390;60000;852.9309885750;240000;56043;3957
test;8;13;100;0.8000000000;0.0359884610;19.9344186350;10000;852.9309885750;240000;9337;663
train;8;13;100;0.8000000000;0.0328384300;211.2880487840;60000;1064.2190373590;300000;;
test;8;13;100;0.8000000000;0.0323250780;122.4173949520;60000;1064.2190373590;300000;56740;3260
test;8;13;100;0.8000000000;0.0418549620;20.9150518530;10000;1064.2190373590;300000;9443;557
train;8;13;100;0.8000000000;0.0344058210;210.4976328530;60000;1274.7166702120;360000;;
test;8;13;100;0.8000000000;0.0334766940;120.4256873170;60000;1274.7166702120;360000;56777;3223
test;8;13;100;0.8000000000;0.0404468120;20.0578958190;10000;1274.7166702120;360000;9422;578
train;8;13;100;0.8000000000;0.0403205690;215.9345278770;60000;1490.6511980890;420000;;
test;8;13;100;0.8000000000;0.0329339260;120.1692724050;60000;1490.6511980890;420000;57138;2862
test;8;13;100;0.8000000000;0.0396438900;20.7768328470;10000;1490.6511980890;420000;9492;508
train;8;13;100;0.8000000000;0.0369192570;213.2114970820;60000;1703.8626951710;480000;;
test;8;13;100;0.8000000000;0.0321077120;121.4903062810;60000;1703.8626951710;480000;57455;2545
test;8;13;100;0.8000000000;0.0347183510;20.8500487140;10000;1703.8626951710;480000;9539;461
train;8;13;100;0.8000000000;0.0323647010;207.6078781790;60000;1911.4705733500;540000;;
test;8;13;100;0.8000000000;0.0358558020;111.8528444740;60000;1911.4705733500;540000;57621;2379
test;8;13;100;0.8000000000;0.0340882090;18.4824571440;10000;1911.4705733500;540000;9554;446
train;8;13;100;0.8000000000;0.0335922740;193.6001404260;60000;2105.0707137760;600000;;
test;8;13;100;0.8000000000;0.0318548890;111.0861059150;60000;2105.0707137760;600000;57838;2162
test;8;13;100;0.8000000000;0.0337104340;19.6473946530;10000;2105.0707137760;600000;9588;412
train;8;13;100;0.8000000000;0.0354240700;207.5698890580;60000;2312.6406028340;660000;;
test;8;13;100;0.8000000000;0.0421679470;123.1451253500;60000;2312.6406028340;660000;57989;2011
test;8;13;100;0.8000000000;0.0435530130;19.7318801680;10000;2312.6406028340;660000;9600;400
train;8;13;100;0.8000000000;0.0346576450;214.5869877630;60000;2527.2275905970;720000;;
test;8;13;100;0.8000000000;0.0322152070;123.2627194510;60000;2527.2275905970;720000;58093;1907
test;8;13;100;0.8000000000;0.0344865680;19.8555356780;10000;2527.2275905970;720000;9611;389
train;8;13;100;0.8000000000;0.0327263500;213.6562212880;60000;2740.8838118850;780000;;
test;8;13;100;0.8000000000;0.0387126380;109.4304580350;60000;2740.8838118850;780000;58159;1841
test;8;13;100;0.8000000000;0.0313641580;18.0649161990;10000;2740.8838118850;780000;9641;359
train;8;13;100;0.8000000000;0.0311419610;194.1100747640;60000;2934.9938866490;840000;;
test;8;13;100;0.8000000000;0.0354813590;109.5810963490;60000;2934.9938866490;840000;58260;1740
test;8;13;100;0.8000000000;0.0336637290;18.0434399080;10000;2934.9938866490;840000;9653;347
train;8;13;100;0.8000000000;0.0337631400;205.0397123100;60000;3140.0335989590;900000;;
test;8;13;100;0.8000000000;0.0345729810;117.5391908770;60000;3140.0335989590;900000;58300;1700
test;8;13;100;0.8000000000;0.0334318620;19.6130302450;10000;3140.0335989590;900000;9644;356
train;8;13;100;0.8000000000;0.0334260720;214.4885148390;60000;3354.5221137980;960000;;
test;8;13;100;0.8000000000;0.0332443710;117.6898469840;60000;3354.5221137980;960000;58296;1704
test;8;13;100;0.8000000000;0.0318188490;21.2247250370;10000;3354.5221137980;960000;9639;361
train;8;13;100;0.8000000000;0.0333447000;216.2189585610;60000;3570.7410723590;1020000;;
test;8;13;100;0.8000000000;0.0325554820;121.4929657950;60000;3570.7410723590;1020000;58335;1665
test;8;13;100;0.8000000000;0.0358212610;20.4287461790;10000;3570.7410723590;1020000;9655;345
train;8;13;100;0.8000000000;0.0376228490;195.8701121780;60000;3766.6111845370;1080000;;
test;8;13;100;0.8000000000;0.0361822040;113.3195935400;60000;3766.6111845370;1080000;58587;1413
test;8;13;100;0.8000000000;0.0338710100;18.9267863230;10000;3766.6111845370;1080000;9683;317
train;8;13;100;0.8000000000;0.0380597060;215.3857959520;60000;3981.9969804890;1140000;;
test;8;13;100;0.8000000000;0.0367808850;120.8635736010;60000;3981.9969804890;1140000;58634;1366
test;8;13;100;0.8000000000;0.0319825100;20.9045685100;10000;3981.9969804890;1140000;9686;314
train;8;13;100;0.8000000000;0.0373161560;210.2238603030;60000;4192.2208407920;1200000;;
test;8;13;100;0.8000000000;0.0322794130;121.1499451600;60000;4192.2208407920;1200000;58629;1371
test;8;13;100;0.8000000000;0.0334075300;19.1643734630;10000;4192.2208407920;1200000;9682;318
train;8;13;100;0.8000000000;0.0370782070;215.6772770820;60000;4407.8981178740;1260000;;
test;8;13;100;0.8000000000;0.0325907750;122.7630342680;60000;4407.8981178740;1260000;58775;1225
test;8;13;100;0.8000000000;0.0320154640;20.3268535330;10000;4407.8981178740;1260000;9698;302
train;8;13;100;0.8000000000;0.0347935970;222.0282662960;60000;4629.9263841700;1320000;;
test;8;13;100;0.8000000000;0.0326676040;122.2655009000;60000;4629.9263841700;1320000;58721;1279
test;8;13;100;0.8000000000;0.0365725220;20.7565475050;10000;4629.9263841700;1320000;9688;312
train;8;13;100;0.8000000000;0.0358702180;216.1459250930;60000;4846.0723092630;1380000;;
test;8;13;100;0.8000000000;0.0332801210;114.0897103380;60000;4846.0723092630;1380000;58771;1229
test;8;13;100;0.8000000000;0.0334787780;20.5600717340;10000;4846.0723092630;1380000;9700;300
train;8;13;100;0.8000000000;0.0370217500;216.3183498570;60000;5062.3906591200;1440000;;
test;8;13;100;0.8000000000;0.0332874100;119.9286529730;60000;5062.3906591200;1440000;58830;1170
test;8;13;100;0.8000000000;0.0343030770;18.7378229410;10000;5062.3906591200;1440000;9686;314
train;8;13;100;0.8000000000;0.0308729310;209.8572768380;60000;5272.2479359580;1500000;;
test;8;13;100;0.8000000000;0.0348986740;121.2477596030;60000;5272.2479359580;1500000;58940;1060
test;8;13;100;0.8000000000;0.0325591520;19.7539032680;10000;5272.2479359580;1500000;9708;292
train;8;13;100;0.8000000000;0.0344798190;209.3572966690;60000;5481.6052326270;1560000;;
test;8;13;100;0.8000000000;0.0326887680;120.9778670530;60000;5481.6052326270;1560000;58882;1118
test;8;13;100;0.8000000000;0.0356935980;19.6856471450;10000;5481.6052326270;1560000;9693;307
train;8;13;100;0.8000000000;0.0336234380;219.2523746330;60000;5700.8576072600;1620000;;
test;8;13;100;0.8000000000;0.0337256840;119.9170718030;60000;5700.8576072600;1620000;58842;1158
test;8;13;100;0.8000000000;0.0314912790;19.3826952180;10000;5700.8576072600;1620000;9693;307
train;8;13;100;0.8000000000;0.0357663030;216.7186827810;60000;5917.5762900410;1680000;;
test;8;13;100;0.8000000000;0.0426236800;125.5357698920;60000;5917.5762900410;1680000;58977;1023
test;8;13;100;0.8000000000;0.0344003610;21.0004675780;10000;5917.5762900410;1680000;9709;291
train;8;13;100;0.8000000000;0.0339194680;197.3015277550;60000;6114.8778177960;1740000;;
test;8;13;100;0.8000000000;0.0332188710;112.5064781590;60000;6114.8778177960;1740000;59065;935
test;8;13;100;0.8000000000;0.0351255810;18.7724271290;10000;6114.8778177960;1740000;9720;280
train;8;13;100;0.8000000000;0.0312964130;197.8713593600;60000;6312.7491771560;1800000;;
test;8;13;100;0.8000000000;0.0364399430;121.6066879310;60000;6312.7491771560;1800000;59117;883
test;8;13;100;0.8000000000;0.0320153820;20.3023277090;10000;6312.7491771560;1800000;9733;267
train;8;13;100;0.8000000000;0.0372673240;212.7642854850;60000;6525.5134626410;1860000;;
test;8;13;100;0.8000000000;0.0350352520;119.8388602780;60000;6525.5134626410;1860000;59152;848
test;8;13;100;0.8000000000;0.0335053190;20.1023638360;10000;6525.5134626410;1860000;9733;267
train;8;13;100;0.8000000000;0.0373737380;214.8301520350;60000;6740.3436146760;1920000;;
test;8;13;100;0.8000000000;0.0347289320;120.7519831220;60000;6740.3436146760;1920000;59102;898
test;8;13;100;0.8000000000;0.0326461460;19.7264978170;10000;6740.3436146760;1920000;9730;270
train;8;13;100;0.8000000000;0.0353866950;210.9553560010;60000;6951.2989706770;1980000;;
test;8;13;100;0.8000000000;0.0350166280;123.4651450050;60000;6951.2989706770;1980000;59066;934
test;8;13;100;0.8000000000;0.0319565490;20.4225618590;10000;6951.2989706770;1980000;9707;293
train;8;13;100;0.8000000000;0.0388844220;216.1320366500;60000;7167.4310073270;2040000;;
test;8;13;100;0.8000000000;0.0635410780;110.3502548050;60000;7167.4310073270;2040000;59162;838
test;8;13;100;0.8000000000;0.0313332020;18.0677737000;10000;7167.4310073270;2040000;9727;273
train;8;13;100;0.8000000000;0.0353479070;195.3444279700;60000;7362.7754352970;2100000;;
test;8;13;100;0.8000000000;0.0325517760;109.6715801030;60000;7362.7754352970;2100000;59276;724
test;8;13;100;0.8000000000;0.0317521830;18.2986044210;10000;7362.7754352970;2100000;9745;255
train;8;13;100;0.8000000000;0.0353588230;207.4423825850;60000;7570.2178178820;2160000;;
test;8;13;100;0.8000000000;0.0483856840;125.6411939310;60000;7570.2178178820;2160000;59195;805
test;8;13;100;0.8000000000;0.0348393870;20.0485207620;10000;7570.2178178820;2160000;9737;263
train;8;13;100;0.8000000000;0.0341704570;219.7750055040;60000;7789.9928233860;2220000;;
test;8;13;100;0.8000000000;0.0317489350;109.9945021380;60000;7789.9928233860;2220000;59152;848
test;8;13;100;0.8000000000;0.0343510730;18.4668293980;10000;7789.9928233860;2220000;9717;283
train;8;13;100;0.8000000000;0.0355585220;197.3889682290;60000;7987.3817916150;2280000;;
test;8;13;100;0.8000000000;0.0331825830;109.8429721980;60000;7987.3817916150;2280000;59276;724
test;8;13;100;0.8000000000;0.0319765510;18.2566795030;10000;7987.3817916150;2280000;9743;257
train;8;13;100;0.8000000000;0.0369070900;196.7686648130;60000;8184.1504564280;2340000;;
test;8;13;100;0.8000000000;0.0350641260;108.8858343520;60000;8184.1504564280;2340000;59327;673
test;8;13;100;0.8000000000;0.0320081750;18.2581838560;10000;8184.1504564280;2340000;9733;267
train;8;13;100;0.8000000000;0.0372177430;198.3909153230;60000;8382.5413717510;2400000;;
test;8;13;100;0.8000000000;0.0373201540;116.6215098890;60000;8382.5413717510;2400000;59315;685
test;8;13;100;0.8000000000;0.0352354540;20.7372813280;10000;8382.5413717510;2400000;9730;270
train;8;13;100;0.8000000000;0.0354297350;221.5793091480;60000;8604.1206808990;2460000;;
test;8;13;100;0.8000000000;0.0360171290;124.7336465500;60000;8604.1206808990;2460000;59318;682
test;8;13;100;0.8000000000;0.0316022340;18.3524939920;10000;8604.1206808990;2460000;9738;262
train;8;13;100;0.8000000000;0.0339022590;198.0222100310;60000;8802.1428909300;2520000;;
test;8;13;100;0.8000000000;0.0322923690;112.2406104450;60000;8802.1428909300;2520000;59336;664
test;8;13;100;0.8000000000;0.0312742890;18.9029261340;10000;8802.1428909300;2520000;9739;261
train;8;13;100;0.8000000000;0.0353474480;200.1256325600;60000;9002.2685234900;2580000;;
test;8;13;100;0.8000000000;0.0342105810;118.8203426320;60000;9002.2685234900;2580000;59417;583
test;8;13;100;0.8000000000;0.0336236470;18.5853064180;10000;9002.2685234900;2580000;9752;248
train;8;13;100;0.8000000000;0.0342955760;220.8253747450;60000;9223.0938982350;2640000;;
test;8;13;100;0.8000000000;0.0353020750;118.9266202120;60000;9223.0938982350;2640000;59432;568
test;8;13;100;0.8000000000;0.0331444990;18.0696133300;10000;9223.0938982350;2640000;9756;244
train;8;13;100;0.8000000000;0.0344382790;221.6848786790;60000;9444.7787769140;2700000;;
test;8;13;100;0.8000000000;0.0334525270;119.2840662700;60000;9444.7787769140;2700000;59364;636
test;8;13;100;0.8000000000;0.0336746010;20.4886814510;10000;9444.7787769140;2700000;9734;266
train;8;13;100;0.8000000000;0.0356884330;214.1608759690;60000;9658.9396528830;2760000;;
test;8;13;100;0.8000000000;0.0343927810;125.0512803110;60000;9658.9396528830;2760000;59414;586
test;8;13;100;0.8000000000;0.0342750360;21.2261662680;10000;9658.9396528830;2760000;9756;244
train;8;13;100;0.8000000000;0.0376733060;216.5042081230;60000;9875.4438610060;2820000;;
test;8;13;100;0.8000000000;0.0316200240;122.8473877380;60000;9875.4438610060;2820000;59332;668
test;8;13;100;0.8000000000;0.0433198560;19.3905305050;10000;9875.4438610060;2820000;9718;282
train;8;13;100;0.8000000000;0.0376433920;218.7024384700;60000;10094.1462994760;2880000;;
test;8;13;100;0.8000000000;0.0326906440;121.2614990580;60000;10094.1462994760;2880000;59364;636
test;8;13;100;0.8000000000;0.0349281740;18.2784961550;10000;10094.1462994760;2880000;9755;245
train;8;13;100;0.8000000000;0.0377393870;196.9016163440;60000;10291.0479158200;2940000;;
test;8;13;100;0.8000000000;0.0347570150;110.4285260490;60000;10291.0479158200;2940000;59411;589
test;8;13;100;0.8000000000;0.0317878520;18.5729670680;10000;10291.0479158200;2940000;9753;247
train;8;13;100;0.8000000000;0.0380175840;207.9764556340;60000;10499.0243714540;3000000;;
test;8;13;100;0.8000000000;0.0384128170;119.3097704240;60000;10499.0243714540;3000000;59263;737
test;8;13;100;0.8000000000;0.0324604050;20.1614925990;10000;10499.0243714540;3000000;9715;285
train;8;13;100;0.8000000000;0.0316801890;221.9875118270;60000;10721.0118832810;3060000;;
test;8;13;100;0.8000000000;0.0353924470;122.3829308840;60000;10721.0118832810;3060000;59474;526
test;8;13;100;0.8000000000;0.0348805920;21.8804151820;10000;10721.0118832810;3060000;9752;248
train;8;13;100;0.8000000000;0.0394329410;218.8785574830;60000;10939.8904407640;3120000;;
test;8;13;100;0.8000000000;0.0354880250;108.5393035770;60000;10939.8904407640;3120000;59319;681
test;8;13;100;0.8000000000;0.0325491930;18.0120932480;10000;10939.8904407640;3120000;9729;271
train;8;13;100;0.8000000000;0.0326293550;185.2188019430;60000;11125.1092427070;3180000;;
test;8;13;100;0.8000000000;0.0277161090;106.5845121660;60000;11125.1092427070;3180000;59487;513
test;8;13;100;0.8000000000;0.0274022040;17.0462962720;10000;11125.1092427070;3180000;9744;256
train;8;13;100;0.8000000000;0.0280877170;174.4820582450;60000;11299.5913009520;3240000;;
test;8;13;100;0.8000000000;0.0305278630;102.5897965820;60000;11299.5913009520;3240000;59472;528
test;8;13;100;0.8000000000;0.0295769440;16.7772928070;10000;11299.5913009520;3240000;9747;253
train;8;13;100;0.8000000000;0.0314804890;190.5429698780;60000;11490.1342708300;3300000;;
test;8;13;100;0.8000000000;0.0287423130;110.9010347730;60000;11490.1342708300;3300000;59447;553
test;8;13;100;0.8000000000;0.0298010170;17.8448079390;10000;11490.1342708300;3300000;9734;266
train;8;13;100;0.8000000000;0.0270644260;188.7931728150;60000;11678.9274436450;3360000;;
test;8;13;100;0.8000000000;0.0309946330;108.2289381700;60000;11678.9274436450;3360000;59272;728
test;8;13;100;0.8000000000;0.0295008220;18.6187489040;10000;11678.9274436450;3360000;9709;291
train;8;13;100;0.8000000000;0.0334148640;191.5217431250;60000;11870.4491867700;3420000;;
test;8;13;100;0.8000000000;0.0296406080;112.0236521630;60000;11870.4491867700;3420000;59529;471
test;8;13;100;0.8000000000;0.0317125610;17.1670296960;10000;11870.4491867700;3420000;9754;246
train;8;13;100;0.8000000000;0.0307082290;191.9655346230;60000;12062.4147213930;3480000;;
test;8;13;100;0.8000000000;0.0280089700;111.8384328000;60000;12062.4147213930;3480000;59564;436
test;8;13;100;0.8000000000;0.0274124110;17.4150793040;10000;12062.4147213930;3480000;9764;236
train;8;13;100;0.8000000000;0.0285391540;191.4496929160;60000;12253.8644143090;3540000;;
test;8;13;100;0.8000000000;0.0308478490;104.3241398820;60000;12253.8644143090;3540000;59542;458
test;8;13;100;0.8000000000;0.0301991660;16.6355604890;10000;12253.8644143090;3540000;9770;230
train;8;13;100;0.8000000000;0.0275089070;189.3105037910;60000;12443.1749181000;3600000;;
test;8;13;100;0.8000000000;0.0325271090;109.9263844230;60000;12443.1749181000;3600000;59586;414
test;8;13;100;0.8000000000;0.0724905700;17.7469195360;10000;12443.1749181000;3600000;9753;247
train;8;13;100;0.8000000000;0.0327099770;193.2045072120;60000;12636.3794253120;3660000;;
test;8;13;100;0.8000000000;0.0314872380;109.8090816030;60000;12636.3794253120;3660000;59485;515
test;8;13;100;0.8000000000;0.0286511510;18.0193193130;10000;12636.3794253120;3660000;9752;248
train;8;13;100;0.8000000000;0.0341467060;191.5851758790;60000;12827.9646011910;3720000;;
test;8;13;100;0.8000000000;0.0297102730;114.8968975850;60000;12827.9646011910;3720000;59530;470
test;8;13;100;0.8000000000;0.0305032790;17.9813683090;10000;12827.9646011910;3720000;9754;246
train;8;13;100;0.8000000000;0.0306121090;186.6664409080;60000;13014.6310420990;3780000;;
test;8;13;100;0.8000000000;0.0269627660;114.8275230140;60000;13014.6310420990;3780000;59507;493
test;8;13;100;0.8000000000;0.0327165190;18.5550189220;10000;13014.6310420990;3780000;9748;252
train;8;13;100;0.8000000000;0.0298805560;192.3644798640;60000;13206.9955219630;3840000;;
test;8;13;100;0.8000000000;0.0307899330;112.4198331170;60000;13206.9955219630;3840000;59597;403
test;8;13;100;0.8000000000;0.0307501430;16.5864787540;10000;13206.9955219630;3840000;9760;240
train;8;13;100;0.8000000000;0.0307656010;192.6564038050;60000;13399.6519257680;3900000;;
test;8;13;100;0.8000000000;0.0318913460;112.6461446980;60000;13399.6519257680;3900000;59656;344
test;8;13;100;0.8000000000;0.0308438910;18.1018549940;10000;13399.6519257680;3900000;9770;230
train;8;13;100;0.8000000000;0.0339073430;190.2857089540;60000;13589.9376347220;3960000;;
test;8;13;100;0.8000000000;0.0322582070;109.8584326180;60000;13589.9376347220;3960000;59654;346
test;8;13;100;0.8000000000;0.0276566520;18.9058480530;10000;13589.9376347220;3960000;9769;231
train;8;13;100;0.8000000000;0.0294214090;192.0809165190;60000;13782.0185512410;4020000;;
test;8;13;100;0.8000000000;0.0306438990;108.8900392960;60000;13782.0185512410;4020000;59599;401
test;8;13;100;0.8000000000;0.0305712780;18.4318562250;10000;13782.0185512410;4020000;9761;239
train;8;13;100;0.8000000000;0.0349210090;189.4870959520;60000;13971.5056471930;4080000;;
test;8;13;100;0.8000000000;0.0299103460;110.8459851220;60000;13971.5056471930;4080000;59687;313
test;8;13;100;0.8000000000;0.0312807060;19.6371696760;10000;13971.5056471930;4080000;9767;233
train;8;13;100;0.8000000000;0.0344829440;186.8755918130;60000;14158.3812390060;4140000;;
test;8;13;100;0.8000000000;0.0271112580;111.8694128850;60000;14158.3812390060;4140000;59526;474
test;8;13;100;0.8000000000;0.0278774330;16.9366791630;10000;14158.3812390060;4140000;9751;249
train;8;13;100;0.8000000000;0.0295935270;191.7163020610;60000;14350.0975410670;4200000;;
test;8;13;100;0.8000000000;0.0301994190;114.0489594490;60000;14350.0975410670;4200000;59327;673
test;8;13;100;0.8000000000;0.0292964570;18.5044376240;10000;14350.0975410670;4200000;9704;296
train;8;13;100;0.8000000000;0.0269749300;195.7846362470;60000;14545.8821773140;4260000;;
test;8;13;100;0.8000000000;0.0311190450;113.5747283010;60000;14545.8821773140;4260000;59617;383
test;8;13;100;0.8000000000;0.0710043820;19.1123941860;10000;14545.8821773140;4260000;9755;245
train;8;13;100;0.8000000000;0.0303899520;193.8798056470;60000;14739.7619829610;4320000;;
test;8;13;100;0.8000000000;0.0284071200;112.5179881740;60000;14739.7619829610;4320000;59576;424
test;8;13;100;0.8000000000;0.0286727340;19.8657582390;10000;14739.7619829610;4320000;9756;244
train;8;13;100;0.8000000000;0.0361470380;179.6377120840;60000;14919.3996950450;4380000;;
test;8;13;100;0.8000000000;0.0295143230;104.6820597080;60000;14919.3996950450;4380000;59693;307
test;8;13;100;0.8000000000;0.0279147660;17.5627186600;10000;14919.3996950450;4380000;9767;233
train;8;13;100;0.8000000000;0.0326354800;180.8337190130;60000;15100.2334140580;4440000;;
test;8;13;100;0.8000000000;0.0274866160;106.0041457920;60000;15100.2334140580;4440000;59716;284
test;8;13;100;0.8000000000;0.0278664330;18.1264610250;10000;15100.2334140580;4440000;9779;221
train;8;13;100;0.8000000000;0.0300185090;182.5243634700;60000;15282.7577775280;4500000;;
test;8;13;100;0.8000000000;0.0330462550;113.1213730940;60000;15282.7577775280;4500000;59569;431
test;8;13;100;0.8000000000;0.0305030310;18.1272557440;10000;15282.7577775280;4500000;9756;244
train;8;13;100;0.8000000000;0.0342489100;195.5961647950;60000;15478.3539423230;4560000;;
test;8;13;100;0.8000000000;0.0341882880;113.1939040370;60000;15478.3539423230;4560000;59719;281
test;8;13;100;0.8000000000;0.0288285610;19.6214212650;10000;15478.3539423230;4560000;9771;229
train;8;13;100;0.8000000000;0.0274232860;194.9107210910;60000;15673.2646634140;4620000;;
test;8;13;100;0.8000000000;0.0336553940;113.4714971330;60000;15673.2646634140;4620000;59618;382
test;8;13;100;0.8000000000;0.0297073130;18.6579592310;10000;15673.2646634140;4620000;9752;248
train;8;13;100;0.8000000000;0.0338480940;200.3752701460;60000;15873.6399335600;4680000;;
test;8;13;100;0.8000000000;0.0312268740;112.9047946800;60000;15873.6399335600;4680000;59688;312
test;8;13;100;0.8000000000;0.0607394870;19.8742604590;10000;15873.6399335600;4680000;9773;227
train;8;13;100;0.8000000000;0.0368030520;202.2097099140;60000;16075.8496434740;4740000;;
test;8;13;100;0.8000000000;0.0314072840;109.0100138830;60000;16075.8496434740;4740000;59692;308
test;8;13;100;0.8000000000;0.0332402890;18.7141495790;10000;16075.8496434740;4740000;9756;244
train;8;13;100;0.8000000000;0.0275434890;196.3489100860;60000;16272.1985535600;4800000;;
test;8;13;100;0.8000000000;0.0296129830;117.2507470380;60000;16272.1985535600;4800000;59702;298
test;8;13;100;0.8000000000;0.0306811890;18.7803749520;10000;16272.1985535600;4800000;9773;227
train;8;13;100;0.8000000000;0.0321850000;199.3156476330;60000;16471.5142011930;4860000;;
test;8;13;100;0.8000000000;0.0272941670;103.1305077640;60000;16471.5142011930;4860000;59743;257
test;8;13;100;0.8000000000;0.0267463990;17.1607570460;10000;16471.5142011930;4860000;9774;226
train;8;13;100;0.8000000000;0.0322554140;194.1221582870;60000;16665.6363594800;4920000;;
test;8;13;100;0.8000000000;0.0272341700;112.0498214720;60000;16665.6363594800;4920000;59642;358
test;8;13;100;0.8000000000;0.0332987860;18.3265981800;10000;16665.6363594800;4920000;9760;240
train;8;13;100;0.8000000000;0.0302853310;183.5642734410;60000;16849.2006329210;4980000;;
test;8;13;100;0.8000000000;0.0295749440;102.3102456910;60000;16849.2006329210;4980000;59563;437
test;8;13;100;0.8000000000;0.0264953260;17.0433068570;10000;16849.2006329210;4980000;9750;250
train;8;13;100;0.8000000000;0.0280194280;176.4938509310;60000;17025.6944838520;5040000;;
test;8;13;100;0.8000000000;0.0260336800;101.9587641280;60000;17025.6944838520;5040000;59382;618
test;8;13;100;0.8000000000;0.0285424060;17.5588025770;10000;17025.6944838520;5040000;9729;271
train;8;13;100;0.8000000000;0.0332836200;196.2158436080;60000;17221.9103274600;5100000;;
test;8;13;100;0.8000000000;0.0338496770;111.1269882370;60000;17221.9103274600;5100000;59716;284
test;8;13;100;0.8000000000;0.0292752490;19.9414131330;10000;17221.9103274600;5100000;9773;227
train;8;13;100;0.8000000000;0.0321384180;196.4507007750;60000;17418.3610282350;5160000;;
test;8;13;100;0.8000000000;0.0298870570;114.2923485140;60000;17418.3610282350;5160000;59204;796
test;8;13;100;0.8000000000;0.0259347240;18.1255367740;10000;17418.3610282350;5160000;9691;309
train;8;13;100;0.8000000000;0.0292640830;196.6794976680;60000;17615.0405259030;5220000;;
test;8;13;100;0.8000000000;0.0320738780;111.7220343950;60000;17615.0405259030;5220000;59553;447
test;8;13;100;0.8000000000;0.0333808650;17.8994625600;10000;17615.0405259030;5220000;9752;248
train;8;13;100;0.8000000000;0.0272805420;193.6867583160;60000;17808.7272842190;5280000;;
test;8;13;100;0.8000000000;0.0284893240;112.2397489800;60000;17808.7272842190;5280000;59678;322
test;8;13;100;0.8000000000;0.0287232310;18.0137983000;10000;17808.7272842190;5280000;9763;237
train;8;13;100;0.8000000000;0.0271897540;192.8286566940;60000;18001.5559409130;5340000;;
test;8;13;100;0.8000000000;0.0309110120;111.0177992030;60000;18001.5559409130;5340000;59727;273
test;8;13;100;0.8000000000;0.0274337030;18.9207855790;10000;18001.5559409130;5340000;9777;223
train;8;13;100;0.8000000000;0.0363160740;198.2591110410;60000;18199.8150519540;5400000;;
test;8;13;100;0.8000000000;0.0279958880;112.3271980310;60000;18199.8150519540;5400000;59776;224
test;8;13;100;0.8000000000;0.0313860320;19.0109608540;10000;18199.8150519540;5400000;9783;217
train;8;13;100;0.8000000000;0.0297801030;192.5134169970;60000;18392.3284689510;5460000;;
test;8;13;100;0.8000000000;0.0279230550;117.2551110220;60000;18392.3284689510;5460000;59622;378
test;8;13;100;0.8000000000;0.0273945790;18.5349569040;10000;18392.3284689510;5460000;9754;246
train;8;13;100;0.8000000000;0.0325694430;196.7492912230;60000;18589.0777601740;5520000;;
test;8;13;100;0.8000000000;0.0310338830;106.9321958830;60000;18589.0777601740;5520000;59736;264
test;8;13;100;0.8000000000;0.0312646230;18.9648787380;10000;18589.0777601740;5520000;9761;239
train;8;13;100;0.8000000000;0.0283644130;193.7274937360;60000;18782.8052539100;5580000;;
test;8;13;100;0.8000000000;0.0284386600;111.2873522250;60000;18782.8052539100;5580000;59702;298
test;8;13;100;0.8000000000;0.0284536160;17.0453695200;10000;18782.8052539100;5580000;9758;242
train;8;13;100;0.8000000000;0.0275291160;188.1191974930;60000;18970.9244514030;5640000;;
test;8;13;100;0.8000000000;0.0292977900;106.1801261510;60000;18970.9244514030;5640000;59778;222
test;8;13;100;0.8000000000;0.0294526170;17.3620204870;10000;18970.9244514030;5640000;9772;228
train;8;13;100;0.8000000000;0.0321160040;193.0384243910;60000;19163.9628757940;5700000;;
test;8;13;100;0.8000000000;0.0276054460;110.2077319060;60000;19163.9628757940;5700000;59743;257
test;8;13;100;0.8000000000;0.0272790420;18.1541182610;10000;19163.9628757940;5700000;9764;236
train;8;13;100;0.8000000000;0.0362586580;197.4585706680;60000;19361.4214464620;5760000;;
test;8;13;100;0.8000000000;0.0317450610;114.0862269900;60000;19361.4214464620;5760000;59770;230
test;8;13;100;0.8000000000;0.0272408360;19.0140588050;10000;19361.4214464620;5760000;9768;232
train;8;13;100;0.8000000000;0.0311789990;196.1479563400;60000;19557.5694028020;5820000;;
test;8;13;100;0.8000000000;0.0297451030;112.4244160050;60000;19557.5694028020;5820000;59742;258
test;8;13;100;0.8000000000;0.0307358520;18.8488431960;10000;19557.5694028020;5820000;9755;245
train;8;13;100;0.8000000000;0.0324301560;190.4855619050;60000;19748.0549647070;5880000;;
test;8;13;100;0.8000000000;0.0303814510;109.8186876090;60000;19748.0549647070;5880000;59644;356
test;8;13;100;0.8000000000;0.0315045690;19.1543587260;10000;19748.0549647070;5880000;9749;251
train;8;13;100;0.8000000000;0.0271148820;189.8061730300;60000;19937.8611377370;5940000;;
test;8;13;100;0.8000000000;0.0304151580;108.3056382320;60000;19937.8611377370;5940000;59775;225
test;8;13;100;0.8000000000;0.0296889400;17.6180071710;10000;19937.8611377370;5940000;9777;223
train;8;13;100;0.8000000000;0.0318634280;194.5907540580;60000;20132.4518917950;6000000;;
test;8;13;100;0.8000000000;0.0277846470;99.9900698110;60000;20132.4518917950;6000000;59790;210
test;8;13;100;0.8000000000;0.0265541160;17.3421773770;10000;20132.4518917950;6000000;9766;234
