Mode;CPUs;Parallel;WorkerBatch;LearningRate;WorkerSetupTime;EpochElapsedTime;EpochLines;TotalElapsedTime;TotalLines;Correct;Incorrect
train;8;4;100;0.8000000000;0.0095099270;310.5194755130;60000;310.5194755130;60000;;
test;8;4;100;0.8000000000;0.0102546030;183.5115811130;60000;310.5194755130;60000;54780;5220
test;8;4;100;0.8000000000;0.0096980020;30.4056552690;10000;310.5194755130;60000;9136;864
train;8;4;100;0.8000000000;0.0098964940;303.8225438680;60000;614.3420193810;120000;;
test;8;4;100;0.8000000000;0.0152108070;178.6963941040;60000;614.3420193810;120000;55130;4870
test;8;4;100;0.8000000000;0.0092847700;28.9646528490;10000;614.3420193810;120000;9195;805
train;8;4;100;0.8000000000;0.0092514380;302.9534352640;60000;917.2954546450;180000;;
test;8;4;100;0.8000000000;0.0110639020;181.4342979310;60000;917.2954546450;180000;56811;3189
test;8;4;100;0.8000000000;0.0094598460;28.5836400560;10000;917.2954546450;180000;9451;549
train;8;4;100;0.8000000000;0.0096570880;299.0348698500;60000;1216.3303244950;240000;;
test;8;4;100;0.8000000000;0.0095493830;194.2136850790;60000;1216.3303244950;240000;57356;2644
test;8;4;100;0.8000000000;0.0114939660;30.1167523670;10000;1216.3303244950;240000;9524;476
train;8;4;100;0.8000000000;0.0092191490;302.1666170150;60000;1518.4969415100;300000;;
test;8;4;100;0.8000000000;0.0094673460;171.8260307420;60000;1518.4969415100;300000;57551;2449
test;8;4;100;0.8000000000;0.0094243890;30.2318605710;10000;1518.4969415100;300000;9531;469
train;8;4;100;0.8000000000;0.0092500220;307.8703008820;60000;1826.3672423920;360000;;
test;8;4;100;0.8000000000;0.0101942310;202.4928748950;60000;1826.3672423920;360000;57960;2040
test;8;4;100;0.8000000000;0.0098374550;31.2272164100;10000;1826.3672423920;360000;9610;390
train;8;4;100;0.8000000000;0.0101924810;307.5660738850;60000;2133.9333162770;420000;;
test;8;4;100;0.8000000000;0.0101579000;191.2229233210;60000;2133.9333162770;420000;58224;1776
test;8;4;100;0.8000000000;0.0109041180;31.3847276370;10000;2133.9333162770;420000;9635;365
train;8;4;100;0.8000000000;0.0120433610;306.1607084050;60000;2440.0940246820;480000;;
test;8;4;100;0.8000000000;0.0095650090;179.3189233680;60000;2440.0940246820;480000;58428;1572
test;8;4;100;0.8000000000;0.0094479710;27.4259462750;10000;2440.0940246820;480000;9681;319
train;8;4;100;0.8000000000;0.0095997970;309.5915617000;60000;2749.6855863820;540000;;
test;8;4;100;0.8000000000;0.0094955530;176.8941654180;60000;2749.6855863820;540000;58638;1362
test;8;4;100;0.8000000000;0.0110163620;27.4347980670;10000;2749.6855863820;540000;9701;299
train;8;4;100;0.8000000000;0.0088409140;307.2810960290;60000;3056.9666824110;600000;;
test;8;4;100;0.8000000000;0.0100462790;189.9044195890;60000;3056.9666824110;600000;58741;1259
test;8;4;100;0.8000000000;0.0094015990;29.5536880960;10000;3056.9666824110;600000;9699;301
train;8;4;100;0.8000000000;0.0113735970;310.6629267900;60000;3367.6296092010;660000;;
test;8;4;100;0.8000000000;0.0096879200;176.0800930700;60000;3367.6296092010;660000;58726;1274
test;8;4;100;0.8000000000;0.0096897110;27.6758340960;10000;3367.6296092010;660000;9694;306
train;8;4;100;0.8000000000;0.0094660540;297.2214469310;60000;3664.8510561320;720000;;
test;8;4;100;0.8000000000;0.0094251810;188.9220102300;60000;3664.8510561320;720000;58845;1155
test;8;4;100;0.8000000000;0.0130512760;28.5780947080;10000;3664.8510561320;720000;9725;275
train;8;4;100;0.8000000000;0.0094956770;298.6057036110;60000;3963.4567597430;780000;;
test;8;4;100;0.8000000000;0.0109840310;178.0834139250;60000;3963.4567597430;780000;58928;1072
test;8;4;100;0.8000000000;0.0095484670;28.7705231490;10000;3963.4567597430;780000;9736;264
train;8;4;100;0.8000000000;0.0094580130;301.8660883200;60000;4265.3228480630;840000;;
test;8;4;100;0.8000000000;0.0095270520;173.4670862420;60000;4265.3228480630;840000;59021;979
test;8;4;100;0.8000000000;0.0094299310;31.3627554500;10000;4265.3228480630;840000;9720;280
train;8;4;100;0.8000000000;0.0095511750;305.3711264450;60000;4570.6939745080;900000;;
test;8;4;100;0.8000000000;0.0099779900;194.9443117800;60000;4570.6939745080;900000;59050;950
test;8;4;100;0.8000000000;0.0096367560;28.1906390910;10000;4570.6939745080;900000;9742;258
train;8;4;100;0.8000000000;0.0093043940;299.0976591260;60000;4869.7916336340;960000;;
test;8;4;100;0.8000000000;0.0098926190;186.9377191590;60000;4869.7916336340;960000;59038;962
test;8;4;100;0.8000000000;0.0095383010;29.8529019760;10000;4869.7916336340;960000;9729;271
train;8;4;100;0.8000000000;0.0093770160;309.0914562050;60000;5178.8830898390;1020000;;
test;8;4;100;0.8000000000;0.0093483500;183.0932856590;60000;5178.8830898390;1020000;59116;884
test;8;4;100;0.8000000000;0.0111302320;30.6421099160;10000;5178.8830898390;1020000;9733;267
train;8;4;100;0.8000000000;0.0101707320;313.2493105660;60000;5492.1324004050;1080000;;
test;8;4;100;0.8000000000;0.0119064500;182.7091465770;60000;5492.1324004050;1080000;59266;734
test;8;4;100;0.8000000000;0.0094760120;30.0231418680;10000;5492.1324004050;1080000;9754;246
train;8;4;100;0.8000000000;0.0095664660;305.7251837290;60000;5797.8575841340;1140000;;
test;8;4;100;0.8000000000;0.0093391430;167.6442629950;60000;5797.8575841340;1140000;59271;729
test;8;4;100;0.8000000000;0.0096389220;28.9035565070;10000;5797.8575841340;1140000;9723;277
train;8;4;100;0.8000000000;0.0090991940;307.1134789850;60000;6104.9710631190;1200000;;
test;8;4;100;0.8000000000;0.0110610260;165.7792622380;60000;6104.9710631190;1200000;59346;654
test;8;4;100;0.8000000000;0.0116651270;31.2970829680;10000;6104.9710631190;1200000;9761;239
train;8;4;100;0.8000000000;0.0096650450;317.7064412060;60000;6422.6775043250;1260000;;
test;8;4;100;0.8000000000;0.0102190630;181.4186856360;60000;6422.6775043250;1260000;59198;802
test;8;4;100;0.8000000000;0.0217434870;29.8677220950;10000;6422.6775043250;1260000;9736;264
train;8;4;100;0.8000000000;0.0099399510;318.7051273630;60000;6741.3826316880;1320000;;
test;8;4;100;0.8000000000;0.0101509830;188.4060953590;60000;6741.3826316880;1320000;59399;601
test;8;4;100;0.8000000000;0.0171877670;32.3771549780;10000;6741.3826316880;1320000;9765;235
train;8;4;100;0.8000000000;0.0104557610;320.8358674340;60000;7062.2184991220;1380000;;
test;8;4;100;0.8000000000;0.0095050940;193.6218264160;60000;7062.2184991220;1380000;59397;603
test;8;4;100;0.8000000000;0.0164847540;30.7222989480;10000;7062.2184991220;1380000;9762;238
train;8;4;100;0.8000000000;0.0104695530;314.6417929660;60000;7376.8602920880;1440000;;
test;8;4;100;0.8000000000;0.0107028350;182.4951009190;60000;7376.8602920880;1440000;59412;588
test;8;4;100;0.8000000000;0.0166211240;29.3466898580;10000;7376.8602920880;1440000;9744;256
train;8;4;100;0.8000000000;0.0102602700;322.1916401200;60000;7699.0519322080;1500000;;
test;8;4;100;0.8000000000;0.0095572990;182.9220584300;60000;7699.0519322080;1500000;59481;519
test;8;4;100;0.8000000000;0.0095946320;31.5108190020;10000;7699.0519322080;1500000;9765;235
train;8;4;100;0.8000000000;0.0105240910;301.5277976940;60000;8000.5797299020;1560000;;
test;8;4;100;0.8000000000;0.0159952340;183.5607407980;60000;8000.5797299020;1560000;59409;591
test;8;4;100;0.8000000000;0.0098055400;29.1283002780;10000;8000.5797299020;1560000;9747;253
train;8;4;100;0.8000000000;0.0098634120;312.5088264540;60000;8313.0885563560;1620000;;
test;8;4;100;0.8000000000;0.0176472030;188.8344498000;60000;8313.0885563560;1620000;59474;526
test;8;4;100;0.8000000000;0.0095862560;29.4744748610;10000;8313.0885563560;1620000;9766;234
train;8;4;100;0.8000000000;0.0092650210;285.9207794900;60000;8599.0093358460;1680000;;
test;8;4;100;0.8000000000;0.0109331990;182.8853054180;60000;8599.0093358460;1680000;59536;464
test;8;4;100;0.8000000000;0.0095310920;29.9706474420;10000;8599.0093358460;1680000;9751;249
train;8;4;100;0.8000000000;0.0087015450;297.3504635880;60000;8896.3597994340;1740000;;
test;8;4;100;0.8000000000;0.0106504620;185.3992437250;60000;8896.3597994340;1740000;59550;450
test;8;4;100;0.8000000000;0.0097137510;28.7912007630;10000;8896.3597994340;1740000;9769;231
train;8;4;100;0.8000000000;0.0093213110;309.3284485790;60000;9205.6882480130;1800000;;
test;8;4;100;0.8000000000;0.0095522170;188.4979553020;60000;9205.6882480130;1800000;59453;547
test;8;4;100;0.8000000000;0.0095926320;29.5384286690;10000;9205.6882480130;1800000;9743;257
train;8;4;100;0.8000000000;0.0098864520;309.9084139980;60000;9515.5966620110;1860000;;
test;8;4;100;0.8000000000;0.0096587540;198.9888934770;60000;9515.5966620110;1860000;59543;457
test;8;4;100;0.8000000000;0.0095196350;29.4849277440;10000;9515.5966620110;1860000;9760;240
train;8;4;100;0.8000000000;0.0094415540;308.6762401580;60000;9824.2729021690;1920000;;
test;8;4;100;0.8000000000;0.0094516790;167.3043424420;60000;9824.2729021690;1920000;59532;468
test;8;4;100;0.8000000000;0.0129219060;29.0928635440;10000;9824.2729021690;1920000;9740;260
train;8;4;100;0.8000000000;0.0100271540;311.5113762910;60000;10135.7842784600;1980000;;
test;8;4;100;0.8000000000;0.0095840910;165.7268794360;60000;10135.7842784600;1980000;59585;415
test;8;4;100;0.8000000000;0.0090917370;27.7674854770;10000;10135.7842784600;1980000;9748;252
train;8;4;100;0.8000000000;0.0124335100;308.2050632960;60000;10443.9893417560;2040000;;
test;8;4;100;0.8000000000;0.0104239290;196.4904134230;60000;10443.9893417560;2040000;59696;304
test;8;4;100;0.8000000000;0.0095198850;28.6212763230;10000;10443.9893417560;2040000;9767;233
train;8;4;100;0.8000000000;0.0095731320;293.2573240830;60000;10737.2466658390;2100000;;
test;8;4;100;0.8000000000;0.0107334570;197.2168791940;60000;10737.2466658390;2100000;59601;399
test;8;4;100;0.8000000000;0.0106998760;31.7073452670;10000;10737.2466658390;2100000;9744;256
train;8;4;100;0.8000000000;0.0091946900;323.6733412160;60000;11060.9200070550;2160000;;
test;8;4;100;0.8000000000;0.0123363070;195.8200001470;60000;11060.9200070550;2160000;59692;308
test;8;4;100;0.8000000000;0.0097551670;31.8292929740;10000;11060.9200070550;2160000;9761;239
train;8;4;100;0.8000000000;0.0101466070;326.3731635800;60000;11387.2931706350;2220000;;
test;8;4;100;0.8000000000;0.0110556110;177.4018698800;60000;11387.2931706350;2220000;59602;398
test;8;4;100;0.8000000000;0.0098117470;32.5329316540;10000;11387.2931706350;2220000;9763;237
train;8;4;100;0.8000000000;0.0097876650;317.7132045130;60000;11705.0063751480;2280000;;
test;8;4;100;0.8000000000;0.0095172190;185.4209628560;60000;11705.0063751480;2280000;59698;302
test;8;4;100;0.8000000000;0.0096394640;30.4837508100;10000;11705.0063751480;2280000;9777;223
train;8;4;100;0.8000000000;0.0114052630;314.7562650360;60000;12019.7626401840;2340000;;
test;8;4;100;0.8000000000;0.0095668410;178.3996001580;60000;12019.7626401840;2340000;59629;371
test;8;4;100;0.8000000000;0.0092213140;28.5582050970;10000;12019.7626401840;2340000;9730;270
train;8;4;100;0.8000000000;0.0096578800;320.6622241750;60000;12340.4248643590;2400000;;
test;8;4;100;0.8000000000;0.0111288580;186.0617484210;60000;12340.4248643590;2400000;59628;372
test;8;4;100;0.8000000000;0.0095225930;31.6318685370;10000;12340.4248643590;2400000;9743;257
train;8;4;100;0.8000000000;0.0098725370;309.7570691690;60000;12650.1819335280;2460000;;
test;8;4;100;0.8000000000;0.0106197130;196.9798841630;60000;12650.1819335280;2460000;59683;317
test;8;4;100;0.8000000000;0.0118916600;28.4770987320;10000;12650.1819335280;2460000;9756;244
train;8;4;100;0.8000000000;0.0097370420;304.0217720670;60000;12954.2037055950;2520000;;
test;8;4;100;0.8000000000;0.0140446500;188.4894951300;60000;12954.2037055950;2520000;59637;363
test;8;4;100;0.8000000000;0.0161472670;31.0881395210;10000;12954.2037055950;2520000;9755;245
train;8;4;100;0.8000000000;0.0100790280;309.6453975700;60000;13263.8491031650;2580000;;
test;8;4;100;0.8000000000;0.0096598790;179.4380720330;60000;13263.8491031650;2580000;59661;339
test;8;4;100;0.8000000000;0.0093769740;27.2758566100;10000;13263.8491031650;2580000;9747;253
train;8;4;100;0.8000000000;0.0091543170;309.1804716090;60000;13573.0295747740;2640000;;
test;8;4;100;0.8000000000;0.0112365610;181.1689008540;60000;13573.0295747740;2640000;59729;271
test;8;4;100;0.8000000000;0.0097054600;28.5965810800;10000;13573.0295747740;2640000;9767;233
train;8;4;100;0.8000000000;0.0095080510;316.1706569560;60000;13889.2002317300;2700000;;
test;8;4;100;0.8000000000;0.0114097620;175.1155268790;60000;13889.2002317300;2700000;59730;270
test;8;4;100;0.8000000000;0.0093818070;32.2055238910;10000;13889.2002317300;2700000;9757;243
train;8;4;100;0.8000000000;0.0096185060;312.5492275650;60000;14201.7494592950;2760000;;
test;8;4;100;0.8000000000;0.0124378840;187.6627779250;60000;14201.7494592950;2760000;59754;246
test;8;4;100;0.8000000000;0.0094334730;28.9935660350;10000;14201.7494592950;2760000;9759;241
train;8;4;100;0.8000000000;0.0103819330;308.7648552840;60000;14510.5143145790;2820000;;
test;8;4;100;0.8000000000;0.0123042660;195.2203929390;60000;14510.5143145790;2820000;59713;287
test;8;4;100;0.8000000000;0.0093886830;28.0425898850;10000;14510.5143145790;2820000;9753;247
train;8;4;100;0.8000000000;0.0095832990;333.4420560710;60000;14843.9563706500;2880000;;
test;8;4;100;0.8000000000;0.0108667030;175.5961890430;60000;14843.9563706500;2880000;59777;223
test;8;4;100;0.8000000000;0.0118009530;32.7873740730;10000;14843.9563706500;2880000;9775;225
train;8;4;100;0.8000000000;0.0107245420;313.9152137340;60000;15157.8715843840;2940000;;
test;8;4;100;0.8000000000;0.0092811040;172.1366715990;60000;15157.8715843840;2940000;59679;321
test;8;4;100;0.8000000000;0.0096875440;32.3392444300;10000;15157.8715843840;2940000;9743;257
train;8;4;100;0.8000000000;0.0099760730;315.6306680410;60000;15473.5022524250;3000000;;
test;8;4;100;0.8000000000;0.0098732030;170.9112705030;60000;15473.5022524250;3000000;59810;190
test;8;4;100;0.8000000000;0.0097542910;29.0610915210;10000;15473.5022524250;3000000;9764;236
train;8;4;100;0.8000000000;0.0104396780;333.5748375600;60000;15807.0770899850;3060000;;
test;8;4;100;0.8000000000;0.0095234680;199.1357784790;60000;15807.0770899850;3060000;59685;315
test;8;4;100;0.8000000000;0.0096640040;29.4088594560;10000;15807.0770899850;3060000;9750;250
train;8;4;100;0.8000000000;0.0105223840;329.7691347400;60000;16136.8462247250;3120000;;
test;8;4;100;0.8000000000;0.0111059010;167.9464032990;60000;16136.8462247250;3120000;58958;1042
test;8;4;100;0.8000000000;0.0095216350;30.2841359190;10000;16136.8462247250;3120000;9647;353
train;8;4;100;0.8000000000;0.0096048400;320.9949225890;60000;16457.8411473140;3180000;;
test;8;4;100;0.8000000000;0.0101669400;184.1284869960;60000;16457.8411473140;3180000;59719;281
test;8;4;100;0.8000000000;0.0093987640;32.3214218190;10000;16457.8411473140;3180000;9740;260
train;8;4;100;0.8000000000;0.0104358040;332.3200898490;60000;16790.1612371630;3240000;;
test;8;4;100;0.8000000000;0.0165131270;177.9355109940;60000;16790.1612371630;3240000;59816;184
test;8;4;100;0.8000000000;0.0098889940;28.8994979660;10000;16790.1612371630;3240000;9766;234
train;8;4;100;0.8000000000;0.0104350960;319.2382794970;60000;17109.3995166600;3300000;;
test;8;4;100;0.8000000000;0.0113843870;194.2919598220;60000;17109.3995166600;3300000;59787;213
test;8;4;100;0.8000000000;0.0096776690;30.7164539060;10000;17109.3995166600;3300000;9758;242
train;8;4;100;0.8000000000;0.0101243180;317.0578817630;60000;17426.4573984230;3360000;;
test;8;4;100;0.8000000000;0.0101574830;179.1349584010;60000;17426.4573984230;3360000;59732;268
test;8;4;100;0.8000000000;0.0094223890;29.9371580420;10000;17426.4573984230;3360000;9742;258
train;8;4;100;0.8000000000;0.0098768270;296.1500854270;60000;17722.6074838500;3420000;;
test;8;4;100;0.8000000000;0.0097005010;177.7023882320;60000;17722.6074838500;3420000;59797;203
test;8;4;100;0.8000000000;0.0095013030;32.6616153260;10000;17722.6074838500;3420000;9758;242
train;8;4;100;0.8000000000;0.0094692630;326.0742781100;60000;18048.6817619600;3480000;;
test;8;4;100;0.8000000000;0.0094665960;180.4973832230;60000;18048.6817619600;3480000;59771;229
test;8;4;100;0.8000000000;0.0093756410;30.3562539670;10000;18048.6817619600;3480000;9746;254
train;8;4;100;0.8000000000;0.0101302330;308.6230979650;60000;18357.3048599250;3540000;;
test;8;4;100;0.8000000000;0.0110740270;195.1245376540;60000;18357.3048599250;3540000;59803;197
test;8;4;100;0.8000000000;0.0099563250;31.5461316160;10000;18357.3048599250;3540000;9767;233
train;8;4;100;0.8000000000;0.0094316810;315.4267811330;60000;18672.7316410580;3600000;;
test;8;4;100;0.8000000000;0.0096943770;173.7646188580;60000;18672.7316410580;3600000;59709;291
test;8;4;100;0.8000000000;0.0095291750;30.7744318820;10000;18672.7316410580;3600000;9743;257
train;8;4;100;0.8000000000;0.0109267420;325.3150082580;60000;18998.0466493160;3660000;;
test;8;4;100;0.8000000000;0.0113532650;183.7125141070;60000;18998.0466493160;3660000;59798;202
test;8;4;100;0.8000000000;0.0092928110;28.9994619490;10000;18998.0466493160;3660000;9758;242
train;8;4;100;0.8000000000;0.0100387800;317.4145525440;60000;19315.4612018600;3720000;;
test;8;4;100;0.8000000000;0.0112517690;185.6419528570;60000;19315.4612018600;3720000;59728;272
test;8;4;100;0.8000000000;0.0095779650;30.8090709440;10000;19315.4612018600;3720000;9739;261
train;8;4;100;0.8000000000;0.0101487320;309.5575164590;60000;19625.0187183190;3780000;;
test;8;4;100;0.8000000000;0.0111921870;190.3044771090;60000;19625.0187183190;3780000;59373;627
test;8;4;100;0.8000000000;0.0099665750;31.5887262530;10000;19625.0187183190;3780000;9715;285
train;8;4;100;0.8000000000;0.0096334630;323.5033254600;60000;19948.5220437790;3840000;;
test;8;4;100;0.8000000000;0.0094765120;193.3645910720;60000;19948.5220437790;3840000;59692;308
test;8;4;100;0.8000000000;0.0096977930;30.6606236660;10000;19948.5220437790;3840000;9715;285
train;8;4;100;0.8000000000;0.0106805840;322.0925097270;60000;20270.6145535060;3900000;;
test;8;4;100;0.8000000000;0.0093889740;180.9470291240;60000;20270.6145535060;3900000;59622;378
test;8;4;100;0.8000000000;0.0096870440;31.6241347810;10000;20270.6145535060;3900000;9744;256
train;8;4;100;0.8000000000;0.0101215270;321.4556998960;60000;20592.0702534020;3960000;;
test;8;4;100;0.8000000000;0.0096995850;192.9864557850;60000;20592.0702534020;3960000;59851;149
test;8;4;100;0.8000000000;0.0106325040;32.6289997520;10000;20592.0702534020;3960000;9765;235
train;8;4;100;0.8000000000;0.0100878200;335.9552616810;60000;20928.0255150830;4020000;;
test;8;4;100;0.8000000000;0.0093527260;181.1120931580;60000;20928.0255150830;4020000;59851;149
test;8;4;100;0.8000000000;0.0094361380;30.0249649170;10000;20928.0255150830;4020000;9749;251
train;8;4;100;0.8000000000;0.0091917740;305.6979096050;60000;21233.7234246880;4080000;;
test;8;4;100;0.8000000000;0.0108812840;172.2388408180;60000;21233.7234246880;4080000;59721;279
test;8;4;100;0.8000000000;0.0095536760;29.6595892420;10000;21233.7234246880;4080000;9747;253
train;8;4;100;0.8000000000;0.0096916680;322.7690487760;60000;21556.4924734640;4140000;;
test;8;4;100;0.8000000000;0.0094455970;188.6247873490;60000;21556.4924734640;4140000;59856;144
test;8;4;100;0.8000000000;0.0094271810;31.4652871540;10000;21556.4924734640;4140000;9766;234
train;8;4;100;0.8000000000;0.0103411830;322.8994468210;60000;21879.3919202850;4200000;;
test;8;4;100;0.8000000000;0.0097147510;178.2559842590;60000;21879.3919202850;4200000;59766;234
test;8;4;100;0.8000000000;0.0099543240;33.9937126860;10000;21879.3919202850;4200000;9732;268
train;8;4;100;0.8000000000;0.0103724740;320.8355454360;60000;22200.2274657210;4260000;;
test;8;4;100;0.8000000000;0.0096600880;187.6103756490;60000;22200.2274657210;4260000;59855;145
test;8;4;100;0.8000000000;0.0098510360;29.7110227480;10000;22200.2274657210;4260000;9742;258
train;8;4;100;0.8000000000;0.0113854720;322.2098749990;60000;22522.4373407200;4320000;;
test;8;4;100;0.8000000000;0.0094432630;194.2395532330;60000;22522.4373407200;4320000;59851;149
test;8;4;100;0.8000000000;0.0112248540;31.6628552120;10000;22522.4373407200;4320000;9747;253
train;8;4;100;0.8000000000;0.0098658700;318.2703286880;60000;22840.7076694080;4380000;;
test;8;4;100;0.8000000000;0.0091784840;187.9045863670;60000;22840.7076694080;4380000;59639;361
test;8;4;100;0.8000000000;0.0099422820;30.1861414860;10000;22840.7076694080;4380000;9726;274
train;8;4;100;0.8000000000;0.0094643460;314.0955950290;60000;23154.8032644370;4440000;;
test;8;4;100;0.8000000000;0.0092159390;183.5194191050;60000;23154.8032644370;4440000;59879;121
test;8;4;100;0.8000000000;0.0096209630;30.2639046220;10000;23154.8032644370;4440000;9762;238
train;8;4;100;0.8000000000;0.0095964230;305.1897815670;60000;23459.9930460040;4500000;;
test;8;4;100;0.8000000000;0.0095137180;179.1238626680;60000;23459.9930460040;4500000;59878;122
test;8;4;100;0.8000000000;0.0099017010;29.2968324880;10000;23459.9930460040;4500000;9756;244
train;8;4;100;0.8000000000;0.0092955190;318.0490166900;60000;23778.0420626940;4560000;;
test;8;4;100;0.8000000000;0.0122462270;189.9220003660;60000;23778.0420626940;4560000;59878;122
test;8;4;100;0.8000000000;0.0097838740;27.4598297020;10000;23778.0420626940;4560000;9754;246
train;8;4;100;0.8000000000;0.0100865690;311.9064968650;60000;24089.9485595590;4620000;;
test;8;4;100;0.8000000000;0.0105943390;186.2142979040;60000;24089.9485595590;4620000;59877;123
test;8;4;100;0.8000000000;0.0104870930;28.7702396580;10000;24089.9485595590;4620000;9757;243
train;8;4;100;0.8000000000;0.0122479360;320.9944237310;60000;24410.9429832900;4680000;;
test;8;4;100;0.8000000000;0.0113723480;190.3938194990;60000;24410.9429832900;4680000;59844;156
test;8;4;100;0.8000000000;0.0093786000;30.9177505130;10000;24410.9429832900;4680000;9752;248
train;8;4;100;0.8000000000;0.0098709520;324.9592140000;60000;24735.9021972900;4740000;;
test;8;4;100;0.8000000000;0.0113073090;173.9375464250;60000;24735.9021972900;4740000;59766;234
test;8;4;100;0.8000000000;0.0095401340;32.3905097380;10000;24735.9021972900;4740000;9739;261
train;8;4;100;0.8000000000;0.0103396410;322.3413792070;60000;25058.2435764970;4800000;;
test;8;4;100;0.8000000000;0.0133617210;181.3430475780;60000;25058.2435764970;4800000;59684;316
test;8;4;100;0.8000000000;0.0103485160;30.1515922130;10000;25058.2435764970;4800000;9730;270
train;8;4;100;0.8000000000;0.0105857570;331.2771712620;60000;25389.5207477590;4860000;;
test;8;4;100;0.8000000000;0.0118407850;186.3360976490;60000;25389.5207477590;4860000;59836;164
test;8;4;100;0.8000000000;0.0095415930;32.5359587740;10000;25389.5207477590;4860000;9759;241
train;8;4;100;0.8000000000;0.0103569730;331.0049593880;60000;25720.5257071470;4920000;;
test;8;4;100;0.8000000000;0.0111115260;196.5287015400;60000;25720.5257071470;4920000;59809;191
test;8;4;100;0.8000000000;0.0094495540;32.2264079190;10000;25720.5257071470;4920000;9739;261
train;8;4;100;0.8000000000;0.0104734680;321.0545857810;60000;26041.5802929280;4980000;;
test;8;4;100;0.8000000000;0.0111885640;173.6411718350;60000;26041.5802929280;4980000;59673;327
test;8;4;100;0.8000000000;0.0108983270;32.1917858560;10000;26041.5802929280;4980000;9734;266
train;8;4;100;0.8000000000;0.0100591540;323.6735093690;60000;26365.2538022970;5040000;;
test;8;4;100;0.8000000000;0.0095071770;194.2295565410;60000;26365.2538022970;5040000;59846;154
test;8;4;100;0.8000000000;0.0094053470;32.3888979320;10000;26365.2538022970;5040000;9752;248
train;8;4;100;0.8000000000;0.0105248840;314.3518939410;60000;26679.6056962380;5100000;;
test;8;4;100;0.8000000000;0.0101651070;168.5969832430;60000;26679.6056962380;5100000;59605;395
test;8;4;100;0.8000000000;0.0098055400;31.8533193650;10000;26679.6056962380;5100000;9720;280
train;8;4;100;0.8000000000;0.0103524760;310.0011430030;60000;26989.6068392410;5160000;;
test;8;4;100;0.8000000000;0.0095322170;194.4173190070;60000;26989.6068392410;5160000;59812;188
test;8;4;100;0.8000000000;0.0094588040;30.6975476720;10000;26989.6068392410;5160000;9748;252
train;8;4;100;0.8000000000;0.0092081070;310.5573257240;60000;27300.1641649650;5220000;;
test;8;4;100;0.8000000000;0.0095395510;173.9108390330;60000;27300.1641649650;5220000;59821;179
test;8;4;100;0.8000000000;0.0112224370;28.4980821300;10000;27300.1641649650;5220000;9742;258
train;8;4;100;0.8000000000;0.0092001480;317.9798852620;60000;27618.1440502270;5280000;;
test;8;4;100;0.8000000000;0.0114438450;200.5134661260;60000;27618.1440502270;5280000;59779;221
test;8;4;100;0.8000000000;0.0095993390;28.6328864900;10000;27618.1440502270;5280000;9743;257
train;8;4;100;0.8000000000;0.0099824060;306.0692496870;60000;27924.2132999140;5340000;;
test;8;4;100;0.8000000000;0.0092276880;173.6441084580;60000;27924.2132999140;5340000;59704;296
test;8;4;100;0.8000000000;0.0093103510;31.4772139760;10000;27924.2132999140;5340000;9741;259
train;8;4;100;0.8000000000;0.0106689180;315.6917231470;60000;28239.9050230610;5400000;;
test;8;4;100;0.8000000000;0.0100588200;179.7859896980;60000;28239.9050230610;5400000;59805;195
test;8;4;100;0.8000000000;0.0098774120;32.1803569270;10000;28239.9050230610;5400000;9750;250
train;8;4;100;0.8000000000;0.0095008860;316.5731999750;60000;28556.4782230360;5460000;;
test;8;4;100;0.8000000000;0.0094655130;194.9512995190;60000;28556.4782230360;5460000;59625;375
test;8;4;100;0.8000000000;0.0097509160;29.7516691360;10000;28556.4782230360;5460000;9725;275
train;8;4;100;0.8000000000;0.0103544320;317.5052896320;60000;28873.9835126680;5520000;;
test;8;4;100;0.8000000000;0.0094904700;178.3817827060;60000;28873.9835126680;5520000;59893;107
test;8;4;100;0.8000000000;0.0120748580;31.7900706060;10000;28873.9835126680;5520000;9751;249
train;8;4;100;0.8000000000;0.0102440210;303.6860634060;60000;29177.6695760740;5580000;;
test;8;4;100;0.8000000000;0.0110468210;179.3110235640;60000;29177.6695760740;5580000;59821;179
test;8;4;100;0.8000000000;0.0093155600;26.4031030260;10000;29177.6695760740;5580000;9746;254
train;8;4;100;0.8000000000;0.0091911080;326.1453622810;60000;29503.8149383550;5640000;;
test;8;4;100;0.8000000000;0.0097304180;183.5252378150;60000;29503.8149383550;5640000;59883;117
test;8;4;100;0.8000000000;0.0098604960;34.5085698080;10000;29503.8149383550;5640000;9758;242
train;8;4;100;0.8000000000;0.0106329620;312.4590835040;60000;29816.2740218590;5700000;;
test;8;4;100;0.8000000000;0.0099354920;176.5848907060;60000;29816.2740218590;5700000;59870;130
test;8;4;100;0.8000000000;0.0100101140;30.3548251910;10000;29816.2740218590;5700000;9738;262
train;8;4;100;0.8000000000;0.0099055350;319.0946314210;60000;30135.3686532800;5760000;;
test;8;4;100;0.8000000000;0.0111735220;194.9566667940;60000;30135.3686532800;5760000;59881;119
test;8;4;100;0.8000000000;0.0101434830;29.1927103580;10000;30135.3686532800;5760000;9759;241
train;8;4;100;0.8000000000;0.0103942230;319.8985042750;60000;30455.2671575550;5820000;;
test;8;4;100;0.8000000000;0.0096120050;181.2395816640;60000;30455.2671575550;5820000;59850;150
test;8;4;100;0.8000000000;0.0097066690;30.1412940670;10000;30455.2671575550;5820000;9746;254
train;8;4;100;0.8000000000;0.0114143450;318.2833574300;60000;30773.5505149850;5880000;;
test;8;4;100;0.8000000000;0.0095955060;190.5523080870;60000;30773.5505149850;5880000;59890;110
test;8;4;100;0.8000000000;0.0097159180;29.8536754430;10000;30773.5505149850;5880000;9749;251
train;8;4;100;0.8000000000;0.0094637630;325.6482553180;60000;31099.1987703030;5940000;;
test;8;4;100;0.8000000000;0.0120997740;205.1390998860;60000;31099.1987703030;5940000;59622;378
test;8;4;100;0.8000000000;0.0117126670;34.2894340070;10000;31099.1987703030;5940000;9711;289
train;8;4;100;0.8000000000;0.0118935740;352.4325012610;60000;31451.6312715640;6000000;;
test;8;4;100;0.8000000000;0.0116427110;193.1190979940;60000;31451.6312715640;6000000;59887;113
test;8;4;100;0.8000000000;0.0248951020;35.5907150600;10000;31451.6312715640;6000000;9769;231
