Mode;CPUs;Parallel;WorkerBatch;LearningRate;WorkerSetupTime;EpochElapsedTime;EpochLines;TotalElapsedTime;TotalLines;Correct;Incorrect
train;8;7;100;0.8000000000;0.0181270590;230.3769942650;60000;230.3769942650;60000;;
test;8;7;100;0.8000000000;0.0188476100;139.6100317620;60000;230.3769942650;60000;53846;6154
test;8;7;100;0.8000000000;0.0186963260;24.0407301990;10000;230.3769942650;60000;8990;1010
train;8;7;100;0.8000000000;0.0224508330;230.5748836360;60000;460.9518779010;120000;;
test;8;7;100;0.8000000000;0.0200955150;133.4866602420;60000;460.9518779010;120000;55000;5000
test;8;7;100;0.8000000000;0.0210968470;22.0879255200;10000;460.9518779010;120000;9172;828
train;8;7;100;0.8000000000;0.0195693720;227.9591538400;60000;688.9110317410;180000;;
test;8;7;100;0.8000000000;0.0197231990;138.3164508660;60000;688.9110317410;180000;56071;3929
test;8;7;100;0.8000000000;0.0218031100;22.7521655550;10000;688.9110317410;180000;9345;655
train;8;7;100;0.8000000000;0.0204470000;227.7414195970;60000;916.6524513380;240000;;
test;8;7;100;0.8000000000;0.0222245490;137.2171075220;60000;916.6524513380;240000;56539;3461
test;8;7;100;0.8000000000;0.0190408530;22.9376162530;10000;916.6524513380;240000;9372;628
train;8;7;100;0.8000000000;0.0207948190;235.3771721120;60000;1152.0296234500;300000;;
test;8;7;100;0.8000000000;0.0183378400;134.3491524550;60000;1152.0296234500;300000;56834;3166
test;8;7;100;0.8000000000;0.0206524080;23.4455830870;10000;1152.0296234500;300000;9438;562
train;8;7;100;0.8000000000;0.0195096230;235.6283616390;60000;1387.6579850890;360000;;
test;8;7;100;0.8000000000;0.0185407910;132.4292945850;60000;1387.6579850890;360000;57679;2321
test;8;7;100;0.8000000000;0.0205429150;23.3311691430;10000;1387.6579850890;360000;9576;424
train;8;7;100;0.8000000000;0.0194730850;223.8303148650;60000;1611.4882999540;420000;;
test;8;7;100;0.8000000000;0.0216385760;135.7502051280;60000;1611.4882999540;420000;57924;2076
test;8;7;100;0.8000000000;0.0192987590;25.1811399590;10000;1611.4882999540;420000;9610;390
train;8;7;100;0.8000000000;0.0195583300;230.1791213820;60000;1841.6674213360;480000;;
test;8;7;100;0.8000000000;0.0226204080;131.2993617940;60000;1841.6674213360;480000;58070;1930
test;8;7;100;0.8000000000;0.0210042280;24.7511470440;10000;1841.6674213360;480000;9605;395
train;8;7;100;0.8000000000;0.0184836260;233.4588076410;60000;2075.1262289770;540000;;
test;8;7;100;0.8000000000;0.0204420030;131.9819825360;60000;2075.1262289770;540000;58213;1787
test;8;7;100;0.8000000000;0.0187217840;24.1606369000;10000;2075.1262289770;540000;9634;366
train;8;7;100;0.8000000000;0.0204713340;230.4982360750;60000;2305.6244650520;600000;;
test;8;7;100;0.8000000000;0.0182193890;135.3858791100;60000;2305.6244650520;600000;58076;1924
test;8;7;100;0.8000000000;0.0189377750;22.6404569120;10000;2305.6244650520;600000;9604;396
train;8;7;100;0.8000000000;0.0206577830;234.2559518180;60000;2539.8804168700;660000;;
test;8;7;100;0.8000000000;0.0222627150;137.0136362530;60000;2539.8804168700;660000;58332;1668
test;8;7;100;0.8000000000;0.0208854410;24.7122885800;10000;2539.8804168700;660000;9641;359
train;8;7;100;0.8000000000;0.0204862920;232.9015977870;60000;2772.7820146570;720000;;
test;8;7;100;0.8000000000;0.0184515860;140.8603914890;60000;2772.7820146570;720000;58643;1357
test;8;7;100;0.8000000000;0.0265494080;23.7498732890;10000;2772.7820146570;720000;9681;319
train;8;7;100;0.8000000000;0.0182636360;231.5396353630;60000;3004.3216500200;780000;;
test;8;7;100;0.8000000000;0.0210756820;129.5750912260;60000;3004.3216500200;780000;58527;1473
test;8;7;100;0.8000000000;0.0199232300;21.4794732330;10000;3004.3216500200;780000;9663;337
train;8;7;100;0.8000000000;0.0183826310;232.9937412270;60000;3237.3153912470;840000;;
test;8;7;100;0.8000000000;0.0190106880;129.0395982870;60000;3237.3153912470;840000;58749;1251
test;8;7;100;0.8000000000;0.0182012640;22.9541406300;10000;3237.3153912470;840000;9698;302
train;8;7;100;0.8000000000;0.0236736130;230.2796706270;60000;3467.5950618740;900000;;
test;8;7;100;0.8000000000;0.0184259210;137.2005556930;60000;3467.5950618740;900000;58743;1257
test;8;7;100;0.8000000000;0.0242170480;22.8388065180;10000;3467.5950618740;900000;9690;310
train;8;7;100;0.8000000000;0.0200242700;232.9704358050;60000;3700.5654976790;960000;;
test;8;7;100;0.8000000000;0.0182437190;132.8113125150;60000;3700.5654976790;960000;58877;1123
test;8;7;100;0.8000000000;0.0196947840;23.3008855630;10000;3700.5654976790;960000;9710;290
train;8;7;100;0.8000000000;0.0193952970;233.2721378700;60000;3933.8376355490;1020000;;
test;8;7;100;0.8000000000;0.0180238120;137.0740747920;60000;3933.8376355490;1020000;58793;1207
test;8;7;100;0.8000000000;0.0201584720;22.9651419520;10000;3933.8376355490;1020000;9685;315
train;8;7;100;0.8000000000;0.0181668490;234.8419472420;60000;4168.6795827910;1080000;;
test;8;7;100;0.8000000000;0.0206060790;138.2812816700;60000;4168.6795827910;1080000;58923;1077
test;8;7;100;0.8000000000;0.0240506800;23.0537208330;10000;4168.6795827910;1080000;9713;287
train;8;7;100;0.8000000000;0.0195712880;229.1795359350;60000;4397.8591187260;1140000;;
test;8;7;100;0.8000000000;0.0209421890;135.1945570760;60000;4397.8591187260;1140000;59054;946
test;8;7;100;0.8000000000;0.0186310360;22.2775862510;10000;4397.8591187260;1140000;9707;293
train;8;7;100;0.8000000000;0.0203325900;233.3796708990;60000;4631.2387896250;1200000;;
test;8;7;100;0.8000000000;0.0187205340;137.1904752030;60000;4631.2387896250;1200000;58961;1039
test;8;7;100;0.8000000000;0.0265434890;23.1929523820;10000;4631.2387896250;1200000;9689;311
train;8;7;100;0.8000000000;0.0196319110;230.5686657760;60000;4861.8074554010;1260000;;
test;8;7;100;0.8000000000;0.0230373920;138.3398996660;60000;4861.8074554010;1260000;59112;888
test;8;7;100;0.8000000000;0.0269057680;23.3197584220;10000;4861.8074554010;1260000;9726;274
train;8;7;100;0.8000000000;0.0184167140;231.6826881320;60000;5093.4901435330;1320000;;
test;8;7;100;0.8000000000;0.0212497150;133.4010153110;60000;5093.4901435330;1320000;59091;909
test;8;7;100;0.8000000000;0.0198019460;24.0485750260;10000;5093.4901435330;1320000;9709;291
train;8;7;100;0.8000000000;0.0191468910;236.4352843580;60000;5329.9254278910;1380000;;
test;8;7;100;0.8000000000;0.0193974610;128.6724625920;60000;5329.9254278910;1380000;59066;934
test;8;7;100;0.8000000000;0.0207720300;22.7296229740;10000;5329.9254278910;1380000;9709;291
train;8;7;100;0.8000000000;0.0206833650;236.9246080270;60000;5566.8500359180;1440000;;
test;8;7;100;0.8000000000;0.0211827610;130.4685270490;60000;5566.8500359180;1440000;59164;836
test;8;7;100;0.8000000000;0.0187347000;22.4940309170;10000;5566.8500359180;1440000;9717;283
train;8;7;100;0.8000000000;0.0206537430;235.6755414860;60000;5802.5255774040;1500000;;
test;8;7;100;0.8000000000;0.0184795860;131.7168700350;60000;5802.5255774040;1500000;59125;875
test;8;7;100;0.8000000000;0.0189328150;22.8830270030;10000;5802.5255774040;1500000;9725;275
train;8;7;100;0.8000000000;0.0205668710;233.2835580410;60000;6035.8091354450;1560000;;
test;8;7;100;0.8000000000;0.0205910370;131.2112110660;60000;6035.8091354450;1560000;59152;848
test;8;7;100;0.8000000000;0.0199240240;22.8160132840;10000;6035.8091354450;1560000;9729;271
train;8;7;100;0.8000000000;0.0203034230;234.8049177850;60000;6270.6140532300;1620000;;
test;8;7;100;0.8000000000;0.0182808030;129.0464522030;60000;6270.6140532300;1620000;59257;743
test;8;7;100;0.8000000000;0.0197565290;22.9024127990;10000;6270.6140532300;1620000;9729;271
train;8;7;100;0.8000000000;0.0191366410;230.3118071290;60000;6500.9258603590;1680000;;
test;8;7;100;0.8000000000;0.0266797770;132.3559557190;60000;6500.9258603590;1680000;59340;660
test;8;7;100;0.8000000000;0.0216186180;23.3686135430;10000;6500.9258603590;1680000;9744;256
train;8;7;100;0.8000000000;0.0207207810;231.9613110140;60000;6732.8871713730;1740000;;
test;8;7;100;0.8000000000;0.0205019560;137.9181812250;60000;6732.8871713730;1740000;59353;647
test;8;7;100;0.8000000000;0.0219448130;24.3961304630;10000;6732.8871713730;1740000;9748;252
train;8;7;100;0.8000000000;0.0240703040;224.7281877880;60000;6957.6153591610;1800000;;
test;8;7;100;0.8000000000;0.0182704270;133.8105489800;60000;6957.6153591610;1800000;59270;730
test;8;7;100;0.8000000000;0.0181723050;22.4185264760;10000;6957.6153591610;1800000;9714;286
train;8;7;100;0.8000000000;0.0195977440;230.2091420930;60000;7187.8245012540;1860000;;
test;8;7;100;0.8000000000;0.0224814560;135.4995480460;60000;7187.8245012540;1860000;59400;600
test;8;7;100;0.8000000000;0.0222352590;23.3278209950;10000;7187.8245012540;1860000;9753;247
train;8;7;100;0.8000000000;0.0214968730;233.3477010980;60000;7421.1722023520;1920000;;
test;8;7;100;0.8000000000;0.0214803720;124.8001151210;60000;7421.1722023520;1920000;59380;620
test;8;7;100;0.8000000000;0.0194479610;21.6230453930;10000;7421.1722023520;1920000;9749;251
train;8;7;100;0.8000000000;0.0182994670;226.7910835020;60000;7647.9632858540;1980000;;
test;8;7;100;0.8000000000;0.0187280750;129.4376213550;60000;7647.9632858540;1980000;59441;559
test;8;7;100;0.8000000000;0.0230259320;22.6827710600;10000;7647.9632858540;1980000;9749;251
train;8;7;100;0.8000000000;0.0206403680;237.0115971860;60000;7884.9748830400;2040000;;
test;8;7;100;0.8000000000;0.0263458730;132.5962985810;60000;7884.9748830400;2040000;59445;555
test;8;7;100;0.8000000000;0.0189522310;24.8128439050;10000;7884.9748830400;2040000;9762;238
train;8;7;100;0.8000000000;0.0196808260;239.5739483030;60000;8124.5488313430;2100000;;
test;8;7;100;0.8000000000;0.0205948700;138.4298121600;60000;8124.5488313430;2100000;59387;613
test;8;7;100;0.8000000000;0.0201413490;23.6769972400;10000;8124.5488313430;2100000;9733;267
train;8;7;100;0.8000000000;0.0183617140;236.7532838510;60000;8361.3021151940;2160000;;
test;8;7;100;0.8000000000;0.0202726760;134.9196254930;60000;8361.3021151940;2160000;59499;501
test;8;7;100;0.8000000000;0.0196614500;22.1094089370;10000;8361.3021151940;2160000;9750;250
train;8;7;100;0.8000000000;0.0223637510;232.2469553470;60000;8593.5490705410;2220000;;
test;8;7;100;0.8000000000;0.0244581220;137.4413197300;60000;8593.5490705410;2220000;59382;618
test;8;7;100;0.8000000000;0.0188786520;23.5755604040;10000;8593.5490705410;2220000;9720;280
train;8;7;100;0.8000000000;0.0185862480;235.4660286080;60000;8829.0150991490;2280000;;
test;8;7;100;0.8000000000;0.0207046990;141.4063169170;60000;8829.0150991490;2280000;59574;426
test;8;7;100;0.8000000000;0.0196771590;23.0100698230;10000;8829.0150991490;2280000;9745;255
train;8;7;100;0.8000000000;0.0187596570;232.0927754740;60000;9061.1078746230;2340000;;
test;8;7;100;0.8000000000;0.0208086100;134.2009115850;60000;9061.1078746230;2340000;59255;745
test;8;7;100;0.8000000000;0.0207991950;23.1348788230;10000;9061.1078746230;2340000;9730;270
train;8;7;100;0.8000000000;0.0190104790;229.2297058380;60000;9290.3375804610;2400000;;
test;8;7;100;0.8000000000;0.0203406730;129.2030774150;60000;9290.3375804610;2400000;59541;459
test;8;7;100;0.8000000000;0.0190520600;21.7470214710;10000;9290.3375804610;2400000;9754;246
train;8;7;100;0.8000000000;0.0179205250;224.0764279270;60000;9514.4140083880;2460000;;
test;8;7;100;0.8000000000;0.0205697880;130.1153188170;60000;9514.4140083880;2460000;59463;537
test;8;7;100;0.8000000000;0.0199956020;23.5107042620;10000;9514.4140083880;2460000;9761;239
train;8;7;100;0.8000000000;0.0199907280;233.9343067340;60000;9748.3483151220;2520000;;
test;8;7;100;0.8000000000;0.0223709610;136.7754586780;60000;9748.3483151220;2520000;59485;515
test;8;7;100;0.8000000000;0.0187996560;22.3716929780;10000;9748.3483151220;2520000;9725;275
train;8;7;100;0.8000000000;0.0203342990;237.0071194260;60000;9985.3554345480;2580000;;
test;8;7;100;0.8000000000;0.0199577710;133.2884769090;60000;9985.3554345480;2580000;59414;586
test;8;7;100;0.8000000000;0.0200381030;22.4869687630;10000;9985.3554345480;2580000;9726;274
train;8;7;100;0.8000000000;0.0194805420;238.5517612850;60000;10223.9071958330;2640000;;
test;8;7;100;0.8000000000;0.0220345170;137.0194310880;60000;10223.9071958330;2640000;59588;412
test;8;7;100;0.8000000000;0.0207866110;23.5194662630;10000;10223.9071958330;2640000;9746;254
train;8;7;100;0.8000000000;0.0215038730;236.4186624370;60000;10460.3258582700;2700000;;
test;8;7;100;0.8000000000;0.0204858750;136.4329372030;60000;10460.3258582700;2700000;59606;394
test;8;7;100;0.8000000000;0.0273675800;23.3595286820;10000;10460.3258582700;2700000;9760;240
train;8;7;100;0.8000000000;0.0192858430;232.9274586770;60000;10693.2533169470;2760000;;
test;8;7;100;0.8000000000;0.0204073780;126.5899935970;60000;10693.2533169470;2760000;59646;354
test;8;7;100;0.8000000000;0.0187389500;21.2849620480;10000;10693.2533169470;2760000;9759;241
train;8;7;100;0.8000000000;0.0181663060;224.6272171870;60000;10917.8805341340;2820000;;
test;8;7;100;0.8000000000;0.0219311040;126.8468925720;60000;10917.8805341340;2820000;59628;372
test;8;7;100;0.8000000000;0.0192220940;22.1452544480;10000;10917.8805341340;2820000;9751;249
train;8;7;100;0.8000000000;0.0176821610;234.3783448810;60000;11152.2588790150;2880000;;
test;8;7;100;0.8000000000;0.0215402460;139.5814217750;60000;11152.2588790150;2880000;59639;361
test;8;7;100;0.8000000000;0.0202989640;22.8382512080;10000;11152.2588790150;2880000;9770;230
train;8;7;100;0.8000000000;0.0210548490;234.3358983660;60000;11386.5947773810;2940000;;
test;8;7;100;0.8000000000;0.0179239850;133.4246469730;60000;11386.5947773810;2940000;59552;448
test;8;7;100;0.8000000000;0.0209169380;23.2748755470;10000;11386.5947773810;2940000;9744;256
train;8;7;100;0.8000000000;0.0192368030;234.1722473530;60000;11620.7670247340;3000000;;
test;8;7;100;0.8000000000;0.0188899010;135.9625860010;60000;11620.7670247340;3000000;59648;352
test;8;7;100;0.8000000000;0.0199765220;23.9191836410;10000;11620.7670247340;3000000;9761;239
train;8;7;100;0.8000000000;0.0201626390;234.3301471100;60000;11855.0971718440;3060000;;
test;8;7;100;0.8000000000;0.0217749450;139.2503736310;60000;11855.0971718440;3060000;59699;301
test;8;7;100;0.8000000000;0.0191933050;23.3319079000;10000;11855.0971718440;3060000;9770;230
train;8;7;100;0.8000000000;0.0184105050;251.3254360320;60000;12106.4226078760;3120000;;
test;8;7;100;0.8000000000;0.0238201490;134.5277217420;60000;12106.4226078760;3120000;59698;302
test;8;7;100;0.8000000000;0.0196374540;22.6736921960;10000;12106.4226078760;3120000;9768;232
train;8;7;100;0.8000000000;0.0188298630;232.5786050870;60000;12339.0012129630;3180000;;
test;8;7;100;0.8000000000;0.0207499460;131.5598827880;60000;12339.0012129630;3180000;59604;396
test;8;7;100;0.8000000000;0.0198957320;23.4283021980;10000;12339.0012129630;3180000;9745;255
train;8;7;100;0.8000000000;0.0181774730;232.8614772500;60000;12571.8626902130;3240000;;
test;8;7;100;0.8000000000;0.0213515460;134.0756499390;60000;12571.8626902130;3240000;59722;278
test;8;7;100;0.8000000000;0.0217191130;23.9493739310;10000;12571.8626902130;3240000;9767;233
train;8;7;100;0.8000000000;0.0208787740;234.4348451310;60000;12806.2975353440;3300000;;
test;8;7;100;0.8000000000;0.0214152100;131.3202799740;60000;12806.2975353440;3300000;59720;280
test;8;7;100;0.8000000000;0.0184348370;24.2963151060;10000;12806.2975353440;3300000;9773;227
train;8;7;100;0.8000000000;0.0198157780;236.9483286380;60000;13043.2458639820;3360000;;
test;8;7;100;0.8000000000;0.0210185190;134.8943557390;60000;13043.2458639820;3360000;59588;412
test;8;7;100;0.8000000000;0.0201809710;23.4261787060;10000;13043.2458639820;3360000;9749;251
train;8;7;100;0.8000000000;0.0181409760;237.7464358220;60000;13280.9922998040;3420000;;
test;8;7;100;0.8000000000;0.0209859370;139.8392450050;60000;13280.9922998040;3420000;59720;280
test;8;7;100;0.8000000000;0.0200896820;23.7644287120;10000;13280.9922998040;3420000;9770;230
train;8;7;100;0.8000000000;0.0200362690;235.8896907990;60000;13516.8819906030;3480000;;
test;8;7;100;0.8000000000;0.0183030930;137.0755739440;60000;13516.8819906030;3480000;59553;447
test;8;7;100;0.8000000000;0.0203310890;23.2286577320;10000;13516.8819906030;3480000;9736;264
train;8;7;100;0.8000000000;0.0202924650;235.4689219420;60000;13752.3509125450;3540000;;
test;8;7;100;0.8000000000;0.0200900590;138.1729168420;60000;13752.3509125450;3540000;59741;259
test;8;7;100;0.8000000000;0.0209638130;21.8833632630;10000;13752.3509125450;3540000;9771;229
train;8;7;100;0.8000000000;0.0190782690;233.6707630380;60000;13986.0216755830;3600000;;
test;8;7;100;0.8000000000;0.0207281570;134.3024134100;60000;13986.0216755830;3600000;59659;341
test;8;7;100;0.8000000000;0.0262782920;23.9712111230;10000;13986.0216755830;3600000;9729;271
train;8;7;100;0.8000000000;0.0214112930;233.1260229550;60000;14219.1476985380;3660000;;
test;8;7;100;0.8000000000;0.0203910450;131.3575437590;60000;14219.1476985380;3660000;59697;303
test;8;7;100;0.8000000000;0.0223793370;23.4202980850;10000;14219.1476985380;3660000;9761;239
train;8;7;100;0.8000000000;0.0185396240;233.3760727210;60000;14452.5237712590;3720000;;
test;8;7;100;0.8000000000;0.0204159190;141.4694281330;60000;14452.5237712590;3720000;59707;293
test;8;7;100;0.8000000000;0.0207220730;23.3708910680;10000;14452.5237712590;3720000;9746;254
train;8;7;100;0.8000000000;0.0190806020;227.0650819210;60000;14679.5888531800;3780000;;
test;8;7;100;0.8000000000;0.0183760900;129.3060005180;60000;14679.5888531800;3780000;59661;339
test;8;7;100;0.8000000000;0.0190656850;22.9856229500;10000;14679.5888531800;3780000;9746;254
train;8;7;100;0.8000000000;0.0193578810;233.6537713920;60000;14913.2426245720;3840000;;
test;8;7;100;0.8000000000;0.0215117900;137.2844211800;60000;14913.2426245720;3840000;59759;241
test;8;7;100;0.8000000000;0.0186025380;23.4134374620;10000;14913.2426245720;3840000;9766;234
train;8;7;100;0.8000000000;0.0206174930;233.4588607630;60000;15146.7014853350;3900000;;
test;8;7;100;0.8000000000;0.0180789350;134.5345312480;60000;15146.7014853350;3900000;59796;204
test;8;7;100;0.8000000000;0.0198395670;22.5456555440;10000;15146.7014853350;3900000;9769;231
train;8;7;100;0.8000000000;0.0208407760;235.6299371920;60000;15382.3314225270;3960000;;
test;8;7;100;0.8000000000;0.0185809980;134.4688762190;60000;15382.3314225270;3960000;59479;521
test;8;7;100;0.8000000000;0.0195715390;24.6028351320;10000;15382.3314225270;3960000;9714;286
train;8;7;100;0.8000000000;0.0199307730;230.5165787550;60000;15612.8480012820;4020000;;
test;8;7;100;0.8000000000;0.0209892290;135.3796061700;60000;15612.8480012820;4020000;59515;485
test;8;7;100;0.8000000000;0.0183731730;23.3751011420;10000;15612.8480012820;4020000;9738;262
train;8;7;100;0.8000000000;0.0181255580;236.1282136510;60000;15848.9762149330;4080000;;
test;8;7;100;0.8000000000;0.0184995430;137.7318568920;60000;15848.9762149330;4080000;59753;247
test;8;7;100;0.8000000000;0.0230678480;22.3879219090;10000;15848.9762149330;4080000;9744;256
train;8;7;100;0.8000000000;0.0182758850;229.9323603850;60000;16078.9085753180;4140000;;
test;8;7;100;0.8000000000;0.0208445670;128.1766696160;60000;16078.9085753180;4140000;59795;205
test;8;7;100;0.8000000000;0.0203649620;24.0639413260;10000;16078.9085753180;4140000;9760;240
train;8;7;100;0.8000000000;0.0190879350;237.0700692750;60000;16315.9786445930;4200000;;
test;8;7;100;0.8000000000;0.0187754480;135.7239749530;60000;16315.9786445930;4200000;59757;243
test;8;7;100;0.8000000000;0.0213661690;22.9164006580;10000;16315.9786445930;4200000;9765;235
train;8;7;100;0.8000000000;0.0202160120;231.7802028310;60000;16547.7588474240;4260000;;
test;8;7;100;0.8000000000;0.0185158740;134.1967833440;60000;16547.7588474240;4260000;59797;203
test;8;7;100;0.8000000000;0.0204865000;23.6213369080;10000;16547.7588474240;4260000;9763;237
train;8;7;100;0.8000000000;0.0208272350;232.3291257140;60000;16780.0879731380;4320000;;
test;8;7;100;0.8000000000;0.0220181000;140.7558058790;60000;16780.0879731380;4320000;59766;234
test;8;7;100;0.8000000000;0.0195255820;22.9076467040;10000;16780.0879731380;4320000;9769;231
train;8;7;100;0.8000000000;0.0244064570;234.4437653830;60000;17014.5317385210;4380000;;
test;8;7;100;0.8000000000;0.0240538460;136.4125044140;60000;17014.5317385210;4380000;59781;219
test;8;7;100;0.8000000000;0.0208531900;22.5200542640;10000;17014.5317385210;4380000;9761;239
train;8;7;100;0.8000000000;0.0227477360;235.3783911080;60000;17249.9101296290;4440000;;
test;8;7;100;0.8000000000;0.0186959500;138.0513574190;60000;17249.9101296290;4440000;59789;211
test;8;7;100;0.8000000000;0.0193723390;21.8460601520;10000;17249.9101296290;4440000;9771;229
train;8;7;100;0.8000000000;0.0184856690;225.3648607900;60000;17475.2749904190;4500000;;
test;8;7;100;0.8000000000;0.0201635950;126.6578921010;60000;17475.2749904190;4500000;59712;288
test;8;7;100;0.8000000000;0.0179058590;21.5705954660;10000;17475.2749904190;4500000;9739;261
train;8;7;100;0.8000000000;0.0196268290;231.4413589000;60000;17706.7163493190;4560000;;
test;8;7;100;0.8000000000;0.0193948800;136.2400599440;60000;17706.7163493190;4560000;59260;740
test;8;7;100;0.8000000000;0.0187334500;23.1231701170;10000;17706.7163493190;4560000;9680;320
train;8;7;100;0.8000000000;0.0187619900;237.5175858160;60000;17944.2339351350;4620000;;
test;8;7;100;0.8000000000;0.0183947550;134.2729100050;60000;17944.2339351350;4620000;59809;191
test;8;7;100;0.8000000000;0.0200978080;22.9745863380;10000;17944.2339351350;4620000;9769;231
train;8;7;100;0.8000000000;0.0201095990;234.5965616060;60000;18178.8304967410;4680000;;
test;8;7;100;0.8000000000;0.0184530450;140.8863372590;60000;18178.8304967410;4680000;59630;370
test;8;7;100;0.8000000000;0.0180584790;22.9185598150;10000;18178.8304967410;4680000;9729;271
train;8;7;100;0.8000000000;0.0204347520;238.6611978160;60000;18417.4916945570;4740000;;
test;8;7;100;0.8000000000;0.0189711900;136.9880333980;60000;18417.4916945570;4740000;59807;193
test;8;7;100;0.8000000000;0.0255513660;22.7539156040;10000;18417.4916945570;4740000;9767;233
train;8;7;100;0.8000000000;0.0212159680;232.0948714720;60000;18649.5865660290;4800000;;
test;8;7;100;0.8000000000;0.0185456650;134.3619816550;60000;18649.5865660290;4800000;59817;183
test;8;7;100;0.8000000000;0.0193960040;23.3691903110;10000;18649.5865660290;4800000;9757;243
train;8;7;100;0.8000000000;0.0190425200;234.5098082690;60000;18884.0963742980;4860000;;
test;8;7;100;0.8000000000;0.0205465810;132.6442051940;60000;18884.0963742980;4860000;59829;171
test;8;7;100;0.8000000000;0.0251200090;23.1140760040;10000;18884.0963742980;4860000;9773;227
train;8;7;100;0.8000000000;0.0183275500;231.3069006050;60000;19115.4032749030;4920000;;
test;8;7;100;0.8000000000;0.0208100690;138.0351168050;60000;19115.4032749030;4920000;59687;313
test;8;7;100;0.8000000000;0.0207417800;24.0731407650;10000;19115.4032749030;4920000;9742;258
train;8;7;100;0.8000000000;0.0185160420;237.7400941820;60000;19353.1433690850;4980000;;
test;8;7;100;0.8000000000;0.0181097680;129.7447839760;60000;19353.1433690850;4980000;59842;158
test;8;7;100;0.8000000000;0.0189576070;24.2677087040;10000;19353.1433690850;4980000;9771;229
train;8;7;100;0.8000000000;0.0185252080;233.5923523130;60000;19586.7357213980;5040000;;
test;8;7;100;0.8000000000;0.0184871690;136.8273022610;60000;19586.7357213980;5040000;59838;162
test;8;7;100;0.8000000000;0.0272796260;23.0341591720;10000;19586.7357213980;5040000;9776;224
train;8;7;100;0.8000000000;0.0183429240;233.0375437650;60000;19819.7732651630;5100000;;
test;8;7;100;0.8000000000;0.0194415440;133.6556920960;60000;19819.7732651630;5100000;59806;194
test;8;7;100;0.8000000000;0.0257291930;22.9961501680;10000;19819.7732651630;5100000;9752;248
train;8;7;100;0.8000000000;0.0202941740;232.9232784450;60000;20052.6965436080;5160000;;
test;8;7;100;0.8000000000;0.0229437270;137.6641941690;60000;20052.6965436080;5160000;59828;172
test;8;7;100;0.8000000000;0.0214441670;22.5891935600;10000;20052.6965436080;5160000;9766;234
train;8;7;100;0.8000000000;0.0182417200;238.3951732630;60000;20291.0917168710;5220000;;
test;8;7;100;0.8000000000;0.0187731150;129.9300317320;60000;20291.0917168710;5220000;59591;409
test;8;7;100;0.8000000000;0.0186639930;22.8443353650;10000;20291.0917168710;5220000;9742;258
train;8;7;100;0.8000000000;0.0207975680;233.7909660340;60000;20524.8826829050;5280000;;
test;8;7;100;0.8000000000;0.0205200400;129.0261144460;60000;20524.8826829050;5280000;59814;186
test;8;7;100;0.8000000000;0.0248233560;22.6986040100;10000;20524.8826829050;5280000;9752;248
train;8;7;100;0.8000000000;0.0192428020;237.0294171300;60000;20761.9121000350;5340000;;
test;8;7;100;0.8000000000;0.0184809180;131.8827968150;60000;20761.9121000350;5340000;59844;156
test;8;7;100;0.8000000000;0.0196054130;23.7647661550;10000;20761.9121000350;5340000;9760;240
train;8;7;100;0.8000000000;0.0210258940;233.2074747170;60000;20995.1195747520;5400000;;
test;8;7;100;0.8000000000;0.0186677030;132.4773245860;60000;20995.1195747520;5400000;59830;170
test;8;7;100;0.8000000000;0.0207450310;22.8792372080;10000;20995.1195747520;5400000;9754;246
train;8;7;100;0.8000000000;0.0185394590;232.0489438120;60000;21227.1685185640;5460000;;
test;8;7;100;0.8000000000;0.0256199040;128.9291816230;60000;21227.1685185640;5460000;59856;144
test;8;7;100;0.8000000000;0.0201532210;24.8223630820;10000;21227.1685185640;5460000;9764;236
train;8;7;100;0.8000000000;0.0187791570;235.4938465890;60000;21462.6623651530;5520000;;
test;8;7;100;0.8000000000;0.0189516060;136.3686717850;60000;21462.6623651530;5520000;59520;480
test;8;7;100;0.8000000000;0.0261198830;23.0845101030;10000;21462.6623651530;5520000;9717;283
train;8;7;100;0.8000000000;0.0186909920;236.5163275190;60000;21699.1786926720;5580000;;
test;8;7;100;0.8000000000;0.0196387840;135.9679048600;60000;21699.1786926720;5580000;59862;138
test;8;7;100;0.8000000000;0.0206358260;22.7799007450;10000;21699.1786926720;5580000;9758;242
train;8;7;100;0.8000000000;0.0191436810;234.8983330810;60000;21934.0770257530;5640000;;
test;8;7;100;0.8000000000;0.0212545500;130.6423880740;60000;21934.0770257530;5640000;58454;1546
test;8;7;100;0.8000000000;0.0189686050;21.9765881570;10000;21934.0770257530;5640000;9564;436
train;8;7;100;0.8000000000;0.0183467990;233.4982886160;60000;22167.5753143690;5700000;;
test;8;7;100;0.8000000000;0.0215764530;139.0738013380;60000;22167.5753143690;5700000;59818;182
test;8;7;100;0.8000000000;0.0181786400;22.2042490940;10000;22167.5753143690;5700000;9763;237
train;8;7;100;0.8000000000;0.0182469700;235.3766185200;60000;22402.9519328890;5760000;;
test;8;7;100;0.8000000000;0.0183730900;127.1092968560;60000;22402.9519328890;5760000;59861;139
test;8;7;100;0.8000000000;0.1050452190;20.7658315240;10000;22402.9519328890;5760000;9762;238
train;8;7;100;0.8000000000;0.0196391190;224.7947332330;60000;22627.7466661220;5820000;;
test;8;7;100;0.8000000000;0.0206066620;136.6327804430;60000;22627.7466661220;5820000;59822;178
test;8;7;100;0.8000000000;0.0231389700;20.7958605280;10000;22627.7466661220;5820000;9762;238
train;8;7;100;0.8000000000;0.0180426030;238.4154204850;60000;22866.1620866070;5880000;;
test;8;7;100;0.8000000000;0.0185762050;131.9878234510;60000;22866.1620866070;5880000;59789;211
test;8;7;100;0.8000000000;0.0192887180;25.1356990260;10000;22866.1620866070;5880000;9749;251
train;8;7;100;0.8000000000;0.0219571870;230.6296633380;60000;23096.7917499450;5940000;;
test;8;7;100;0.8000000000;0.0193828380;137.2593057170;60000;23096.7917499450;5940000;59123;877
test;8;7;100;0.8000000000;0.0253934570;22.6844742780;10000;23096.7917499450;5940000;9674;326
train;8;7;100;0.8000000000;0.0196523690;238.5359502090;60000;23335.3277001540;6000000;;
test;8;7;100;0.8000000000;0.0231216790;135.8354529390;60000;23335.3277001540;6000000;59804;196
test;8;7;100;0.8000000000;0.0252625870;23.8176146070;10000;23335.3277001540;6000000;9754;246
