Mode;CPUs;Parallel;WorkerBatch;LearningRate;WorkerSetupTime;EpochElapsedTime;EpochLines;TotalElapsedTime;TotalLines;Correct;Incorrect
train;8;3;100;0.8000000000;0.0103537240;491.4395534570;60000;491.4395534570;60000;;
test;8;3;100;0.8000000000;0.0105355490;235.8449626600;60000;491.4395534570;60000;54875;5125
test;8;3;100;0.8000000000;0.0094600130;38.6102678070;10000;491.4395534570;60000;9153;847
train;8;3;100;0.8000000000;0.0079806580;435.0854741720;60000;926.5250276290;120000;;
test;8;3;100;0.8000000000;0.0089464510;280.0528615980;60000;926.5250276290;120000;56420;3580
test;8;3;100;0.8000000000;0.0101837320;41.5088508550;10000;926.5250276290;120000;9377;623
train;8;3;100;0.8000000000;0.0077321280;474.9633481160;60000;1401.4883757450;180000;;
test;8;3;100;0.8000000000;0.0099477830;260.0234972680;60000;1401.4883757450;180000;57024;2976
test;8;3;100;0.8000000000;0.0125337550;39.2829777250;10000;1401.4883757450;180000;9478;522
train;8;3;100;0.8000000000;0.0085076770;462.8471296110;60000;1864.3355053560;240000;;
test;8;3;100;0.8000000000;0.0091180270;255.0579513100;60000;1864.3355053560;240000;57330;2670
test;8;3;100;0.8000000000;0.0174697530;42.8835870240;10000;1864.3355053560;240000;9513;487
train;8;3;100;0.8000000000;0.0083869740;444.9243428790;60000;2309.2598482350;300000;;
test;8;3;100;0.8000000000;0.0091441920;271.0379059820;60000;2309.2598482350;300000;57989;2011
test;8;3;100;0.8000000000;0.0169872750;42.4100229690;10000;2309.2598482350;300000;9598;402
train;8;3;100;0.8000000000;0.0092453130;459.2174282260;60000;2768.4772764610;360000;;
test;8;3;100;0.8000000000;0.0093281010;237.2613817210;60000;2768.4772764610;360000;58166;1834
test;8;3;100;0.8000000000;0.0074592650;35.6369784160;10000;2768.4772764610;360000;9615;385
train;8;3;100;0.8000000000;0.0073963920;442.9490537910;60000;3211.4263302520;420000;;
test;8;3;100;0.8000000000;0.0095233860;239.0988983630;60000;3211.4263302520;420000;58368;1632
test;8;3;100;0.8000000000;0.0104763860;41.5451752170;10000;3211.4263302520;420000;9654;346
train;8;3;100;0.8000000000;0.0090216150;454.9119800580;60000;3666.3383103100;480000;;
test;8;3;100;0.8000000000;0.0088646630;265.4978910260;60000;3666.3383103100;480000;58599;1401
test;8;3;100;0.8000000000;0.0090212810;40.4849954040;10000;3666.3383103100;480000;9684;316
train;8;3;100;0.8000000000;0.0089275770;472.6722984740;60000;4139.0106087840;540000;;
test;8;3;100;0.8000000000;0.0100133640;268.0791363750;60000;4139.0106087840;540000;58722;1278
test;8;3;100;0.8000000000;0.0093787660;40.8877451960;10000;4139.0106087840;540000;9708;292
train;8;3;100;0.8000000000;0.0098078720;435.3411145470;60000;4574.3517233310;600000;;
test;8;3;100;0.8000000000;0.0100426960;243.4762553330;60000;4574.3517233310;600000;58757;1243
test;8;3;100;0.8000000000;0.0093173940;39.0645554800;10000;4574.3517233310;600000;9707;293
train;8;3;100;0.8000000000;0.0089568670;461.0999302000;60000;5035.4516535310;660000;;
test;8;3;100;0.8000000000;0.0091097770;267.1907122330;60000;5035.4516535310;660000;58869;1131
test;8;3;100;0.8000000000;0.0090884030;36.2806766160;10000;5035.4516535310;660000;9699;301
train;8;3;100;0.8000000000;0.0101706910;446.1205145160;60000;5481.5721680470;720000;;
test;8;3;100;0.8000000000;0.0090701130;253.3138747490;60000;5481.5721680470;720000;58936;1064
test;8;3;100;0.8000000000;0.0088979940;43.5924140650;10000;5481.5721680470;720000;9712;288
train;8;3;100;0.8000000000;0.0089462430;438.3866791460;60000;5919.9588471930;780000;;
test;8;3;100;0.8000000000;0.0089604090;260.6069125440;60000;5919.9588471930;780000;59111;889
test;8;3;100;0.8000000000;0.0161113950;41.0390554300;10000;5919.9588471930;780000;9738;262
train;8;3;100;0.8000000000;0.0075381770;458.8499163470;60000;6378.8087635400;840000;;
test;8;3;100;0.8000000000;0.0092461050;268.9192523870;60000;6378.8087635400;840000;59159;841
test;8;3;100;0.8000000000;0.0093900990;39.4463392470;10000;6378.8087635400;840000;9717;283
train;8;3;100;0.8000000000;0.0088843700;466.9461437390;60000;6845.7549072790;900000;;
test;8;3;100;0.8000000000;0.0146844980;238.1655408750;60000;6845.7549072790;900000;58969;1031
test;8;3;100;0.8000000000;0.0091745240;40.9105050090;10000;6845.7549072790;900000;9694;306
train;8;3;100;0.8000000000;0.0100209880;459.5048856960;60000;7305.2597929750;960000;;
test;8;3;100;0.8000000000;0.0098637030;249.3718875550;60000;7305.2597929750;960000;59181;819
test;8;3;100;0.8000000000;0.0094073480;45.3873636010;10000;7305.2597929750;960000;9731;269
train;8;3;100;0.8000000000;0.0073190620;455.6625189890;60000;7760.9223119640;1020000;;
test;8;3;100;0.8000000000;0.0090848200;245.3025066170;60000;7760.9223119640;1020000;59222;778
test;8;3;100;0.8000000000;0.0158351140;43.8931807080;10000;7760.9223119640;1020000;9732;268
train;8;3;100;0.8000000000;0.0075578020;442.4249883120;60000;8203.3473002760;1080000;;
test;8;3;100;0.8000000000;0.0100788200;275.3601528090;60000;8203.3473002760;1080000;59329;671
test;8;3;100;0.8000000000;0.0095491760;38.7925585200;10000;8203.3473002760;1080000;9749;251
train;8;3;100;0.8000000000;0.0090629880;521.1044924170;60000;8724.4517926930;1140000;;
test;8;3;100;0.8000000000;0.0091516500;245.2204894680;60000;8724.4517926930;1140000;59253;747
test;8;3;100;0.8000000000;0.0095148430;48.9979210150;10000;8724.4517926930;1140000;9746;254
train;8;3;100;0.8000000000;0.0077637100;462.6895972240;60000;9187.1413899170;1200000;;
test;8;3;100;0.8000000000;0.0090896950;255.2288897060;60000;9187.1413899170;1200000;59405;595
test;8;3;100;0.8000000000;0.0126302520;41.7670233640;10000;9187.1413899170;1200000;9741;259
train;8;3;100;0.8000000000;0.0084265980;490.3110598040;60000;9677.4524497210;1260000;;
test;8;3;100;0.8000000000;0.0093785980;265.0022895390;60000;9677.4524497210;1260000;59459;541
test;8;3;100;0.8000000000;0.0095451330;40.5519606690;10000;9677.4524497210;1260000;9738;262
train;8;3;100;0.8000000000;0.0121037330;440.1126823430;60000;10117.5651320640;1320000;;
test;8;3;100;0.8000000000;0.0102018560;272.2463510130;60000;10117.5651320640;1320000;59496;504
test;8;3;100;0.8000000000;0.0109286180;39.4921917100;10000;10117.5651320640;1320000;9771;229
train;8;3;100;0.8000000000;0.0137738290;458.6316365000;60000;10576.1967685640;1380000;;
test;8;3;100;0.8000000000;0.0092652290;246.4826123190;60000;10576.1967685640;1380000;59370;630
test;8;3;100;0.8000000000;0.0088484960;40.7244770020;10000;10576.1967685640;1380000;9744;256
train;8;3;100;0.8000000000;0.0088869950;468.7473785470;60000;11044.9441471110;1440000;;
test;8;3;100;0.8000000000;0.0088509550;251.3929906780;60000;11044.9441471110;1440000;59309;691
test;8;3;100;0.8000000000;0.0101677320;38.8726787990;10000;11044.9441471110;1440000;9748;252
train;8;3;100;0.8000000000;0.0131880610;457.4540425910;60000;11502.3981897020;1500000;;
test;8;3;100;0.8000000000;0.0089059530;265.4029730800;60000;11502.3981897020;1500000;59492;508
test;8;3;100;0.8000000000;0.0096576280;47.9114180740;10000;11502.3981897020;1500000;9744;256
train;8;3;100;0.8000000000;0.0202345510;463.0390871090;60000;11965.4372768110;1560000;;
test;8;3;100;0.8000000000;0.0149724860;233.2647296160;60000;11965.4372768110;1560000;59552;448
test;8;3;100;0.8000000000;0.0089878650;40.6406007060;10000;11965.4372768110;1560000;9752;248
train;8;3;100;0.8000000000;0.0093514750;494.8164720120;60000;12460.2537488230;1620000;;
test;8;3;100;0.8000000000;0.0092996030;210.7330749170;60000;12460.2537488230;1620000;59470;530
test;8;3;100;0.8000000000;0.0121856880;35.5049955970;10000;12460.2537488230;1620000;9735;265
train;8;3;100;0.8000000000;0.0076390490;384.8013733010;60000;12845.0551221240;1680000;;
test;8;3;100;0.8000000000;0.0073917250;218.7531907140;60000;12845.0551221240;1680000;59537;463
test;8;3;100;0.8000000000;0.0077807090;40.4785784240;10000;12845.0551221240;1680000;9743;257
train;8;3;100;0.8000000000;0.0082198980;388.0820650920;60000;13233.1371872160;1740000;;
test;8;3;100;0.8000000000;0.0075332190;248.3746691800;60000;13233.1371872160;1740000;59564;436
test;8;3;100;0.8000000000;0.0075041790;39.0149574360;10000;13233.1371872160;1740000;9751;249
train;8;3;100;0.8000000000;0.0079587430;376.9440426630;60000;13610.0812298790;1800000;;
test;8;3;100;0.8000000000;0.0129899450;223.8501321770;60000;13610.0812298790;1800000;59558;442
test;8;3;100;0.8000000000;0.0079601190;41.4368140580;10000;13610.0812298790;1800000;9749;251
train;8;3;100;0.8000000000;0.0078315410;375.7362909010;60000;13985.8175207800;1860000;;
test;8;3;100;0.8000000000;0.0109431580;221.9596760590;60000;13985.8175207800;1860000;59610;390
test;8;3;100;0.8000000000;0.0153753830;35.1579303890;10000;13985.8175207800;1860000;9754;246
train;8;3;100;0.8000000000;0.0084154320;393.2448123400;60000;14379.0623331200;1920000;;
test;8;3;100;0.8000000000;0.0075658430;211.1124144060;60000;14379.0623331200;1920000;59651;349
test;8;3;100;0.8000000000;0.0075970090;33.8957244880;10000;14379.0623331200;1920000;9772;228
train;8;3;100;0.8000000000;0.0077108370;387.2941109730;60000;14766.3564440930;1980000;;
test;8;3;100;0.8000000000;0.0089952410;249.8806065120;60000;14766.3564440930;1980000;59680;320
test;8;3;100;0.8000000000;0.0090236140;37.0831642360;10000;14766.3564440930;1980000;9757;243
train;8;3;100;0.8000000000;0.0085485090;368.4048156760;60000;15134.7612597690;2040000;;
test;8;3;100;0.8000000000;0.0087513340;223.7052677420;60000;15134.7612597690;2040000;59484;516
test;8;3;100;0.8000000000;0.0078365820;37.3385182820;10000;15134.7612597690;2040000;9729;271
train;8;3;100;0.8000000000;0.0077378770;411.2919672110;60000;15546.0532269800;2100000;;
test;8;3;100;0.8000000000;0.0119581560;215.6400343820;60000;15546.0532269800;2100000;59671;329
test;8;3;100;0.8000000000;0.0076700060;36.9856410310;10000;15546.0532269800;2100000;9758;242
train;8;3;100;0.8000000000;0.0083519350;414.3342282050;60000;15960.3874551850;2160000;;
test;8;3;100;0.8000000000;0.0078265820;244.8555061340;60000;15960.3874551850;2160000;59683;317
test;8;3;100;0.8000000000;0.0079126210;40.8392336410;10000;15960.3874551850;2160000;9753;247
train;8;3;100;0.8000000000;0.0079679090;389.7706608950;60000;16350.1581160800;2220000;;
test;8;3;100;0.8000000000;0.0081680260;220.7875564880;60000;16350.1581160800;2220000;59732;268
test;8;3;100;0.8000000000;0.0078517480;43.0658145280;10000;16350.1581160800;2220000;9767;233
train;8;3;100;0.8000000000;0.0095571330;370.9067796420;60000;16721.0648957220;2280000;;
test;8;3;100;0.8000000000;0.0101243170;242.1818949520;60000;16721.0648957220;2280000;59728;272
test;8;3;100;0.8000000000;0.0087485420;41.4310840950;10000;16721.0648957220;2280000;9748;252
train;8;3;100;0.8000000000;0.0077457110;389.6153258600;60000;17110.6802215820;2340000;;
test;8;3;100;0.8000000000;0.0094749690;208.5973235150;60000;17110.6802215820;2340000;59576;424
test;8;3;100;0.8000000000;0.0071182780;35.7539947470;10000;17110.6802215820;2340000;9736;264
train;8;3;100;0.8000000000;0.0070873650;396.8857407570;60000;17507.5659623390;2400000;;
test;8;3;100;0.8000000000;0.0090189060;245.5472465400;60000;17507.5659623390;2400000;59674;326
test;8;3;100;0.8000000000;0.0076845470;37.6520599690;10000;17507.5659623390;2400000;9739;261
train;8;3;100;0.8000000000;0.0076305910;386.2086074460;60000;17893.7745697850;2460000;;
test;8;3;100;0.8000000000;0.0072080680;228.4514131020;60000;17893.7745697850;2460000;59696;304
test;8;3;100;0.8000000000;0.0077911260;36.9643484440;10000;17893.7745697850;2460000;9754;246
train;8;3;100;0.8000000000;0.0074116000;374.6929586300;60000;18268.4675284150;2520000;;
test;8;3;100;0.8000000000;0.0197005760;238.8538633680;60000;18268.4675284150;2520000;59449;551
test;8;3;100;0.8000000000;0.0078184570;37.8062068370;10000;18268.4675284150;2520000;9723;277
train;8;3;100;0.8000000000;0.0075402610;374.8176814090;60000;18643.2852098240;2580000;;
test;8;3;100;0.8000000000;0.0076948370;220.6870746050;60000;18643.2852098240;2580000;59771;229
test;8;3;100;0.8000000000;0.0079381620;40.1859134770;10000;18643.2852098240;2580000;9772;228
train;8;3;100;0.8000000000;0.0073044790;371.8732176600;60000;19015.1584274840;2640000;;
test;8;3;100;0.8000000000;0.0103267250;225.5747505230;60000;19015.1584274840;2640000;59695;305
test;8;3;100;0.8000000000;0.0075889260;39.7639687970;10000;19015.1584274840;2640000;9754;246
train;8;3;100;0.8000000000;0.0109809070;358.5911083270;60000;19373.7495358110;2700000;;
test;8;3;100;0.8000000000;0.0253192490;226.3916819820;60000;19373.7495358110;2700000;59732;268
test;8;3;100;0.8000000000;0.0072638150;37.7229176890;10000;19373.7495358110;2700000;9743;257
train;8;3;100;0.8000000000;0.0082402320;363.9627482190;60000;19737.7122840300;2760000;;
test;8;3;100;0.8000000000;0.0076691310;238.5114718000;60000;19737.7122840300;2760000;59809;191
test;8;3;100;0.8000000000;0.0081099870;38.2114136080;10000;19737.7122840300;2760000;9774;226
train;8;3;100;0.8000000000;0.0073289360;377.9799516850;60000;20115.6922357150;2820000;;
test;8;3;100;0.8000000000;0.0077540850;223.0269534930;60000;20115.6922357150;2820000;59731;269
test;8;3;100;0.8000000000;0.0090233650;39.6718024420;10000;20115.6922357150;2820000;9744;256
train;8;3;100;0.8000000000;0.0077040870;363.0595443470;60000;20478.7517800620;2880000;;
test;8;3;100;0.8000000000;0.0078731210;242.2081243240;60000;20478.7517800620;2880000;59756;244
test;8;3;100;0.8000000000;0.0073967660;36.4433536250;10000;20478.7517800620;2880000;9739;261
train;8;3;100;0.8000000000;0.0139560290;420.4574931870;60000;20899.2092732490;2940000;;
test;8;3;100;0.8000000000;0.0086300060;219.3852021970;60000;20899.2092732490;2940000;59797;203
test;8;3;100;0.8000000000;0.0073832680;34.6458764410;10000;20899.2092732490;2940000;9750;250
train;8;3;100;0.8000000000;0.0078049580;368.1194227410;60000;21267.3286959900;3000000;;
test;8;3;100;0.8000000000;0.0100936520;221.3110504450;60000;21267.3286959900;3000000;59812;188
test;8;3;100;0.8000000000;0.0077064620;35.7486738470;10000;21267.3286959900;3000000;9763;237
train;8;3;100;0.8000000000;0.0081935670;404.1074611990;60000;21671.4361571890;3060000;;
test;8;3;100;0.8000000000;0.0075430530;248.8254758560;60000;21671.4361571890;3060000;59811;189
test;8;3;100;0.8000000000;0.0130811510;35.9265482940;10000;21671.4361571890;3060000;9769;231
train;8;3;100;0.8000000000;0.0081316110;385.5915235320;60000;22057.0276807210;3120000;;
test;8;3;100;0.8000000000;0.0082435640;207.7789504970;60000;22057.0276807210;3120000;59440;560
test;8;3;100;0.8000000000;0.0100357380;39.9405116290;10000;22057.0276807210;3120000;9720;280
train;8;3;100;0.8000000000;0.0079874090;365.0183261180;60000;22422.0460068390;3180000;;
test;8;3;100;0.8000000000;0.0080404480;226.4868592070;60000;22422.0460068390;3180000;59768;232
test;8;3;100;0.8000000000;0.0080749880;36.4933492370;10000;22422.0460068390;3180000;9753;247
train;8;3;100;0.8000000000;0.0080446140;408.8649736300;60000;22830.9109804690;3240000;;
test;8;3;100;0.8000000000;0.0075670930;230.8087820560;60000;22830.9109804690;3240000;59806;194
test;8;3;100;0.8000000000;0.0076344650;37.7900901950;10000;22830.9109804690;3240000;9749;251
train;8;3;100;0.8000000000;0.0077496280;413.6020251240;60000;23244.5130055930;3300000;;
test;8;3;100;0.8000000000;0.0076714220;207.3382029960;60000;23244.5130055930;3300000;59768;232
test;8;3;100;0.8000000000;0.0081585270;41.8043946040;10000;23244.5130055930;3300000;9761;239
train;8;3;100;0.8000000000;0.0078389560;422.6319698080;60000;23667.1449754010;3360000;;
test;8;3;100;0.8000000000;0.0142096000;248.4627104030;60000;23667.1449754010;3360000;59820;180
test;8;3;100;0.8000000000;0.0080166570;40.7763087810;10000;23667.1449754010;3360000;9762;238
train;8;3;100;0.8000000000;0.0079291610;362.9086752650;60000;24030.0536506660;3420000;;
test;8;3;100;0.8000000000;0.0075791760;253.6697845850;60000;24030.0536506660;3420000;59815;185
test;8;3;100;0.8000000000;0.0076888790;37.4706098900;10000;24030.0536506660;3420000;9751;249
train;8;3;100;0.8000000000;0.0112673100;409.7469796150;60000;24439.8006302810;3480000;;
test;8;3;100;0.8000000000;0.0081118610;244.1303789980;60000;24439.8006302810;3480000;59833;167
test;8;3;100;0.8000000000;0.0079478270;35.6331721190;10000;24439.8006302810;3480000;9750;250
train;8;3;100;0.8000000000;0.0087102530;389.2351458710;60000;24829.0357761520;3540000;;
test;8;3;100;0.8000000000;0.0083743500;212.9259215790;60000;24829.0357761520;3540000;59788;212
test;8;3;100;0.8000000000;0.0078864970;38.2425261940;10000;24829.0357761520;3540000;9738;262
train;8;3;100;0.8000000000;0.0076740470;366.2061801790;60000;25195.2419563310;3600000;;
test;8;3;100;0.8000000000;0.0146590410;242.4254039990;60000;25195.2419563310;3600000;59856;144
test;8;3;100;0.8000000000;0.0145336280;37.5442114140;10000;25195.2419563310;3600000;9753;247
train;8;3;100;0.8000000000;0.0074700970;420.8615010470;60000;25616.1034573780;3660000;;
test;8;3;100;0.8000000000;0.0092361460;217.5447993500;60000;25616.1034573780;3660000;59863;137
test;8;3;100;0.8000000000;0.0081266940;38.0824926980;10000;25616.1034573780;3660000;9756;244
train;8;3;100;0.8000000000;0.0078639560;386.7811079840;60000;26002.8845653620;3720000;;
test;8;3;100;0.8000000000;0.0078784540;249.4341790970;60000;26002.8845653620;3720000;59780;220
test;8;3;100;0.8000000000;0.0079674100;41.1105569180;10000;26002.8845653620;3720000;9746;254
train;8;3;100;0.8000000000;0.0079247030;370.9848373740;60000;26373.8694027360;3780000;;
test;8;3;100;0.8000000000;0.0077804600;190.0798950330;60000;26373.8694027360;3780000;59803;197
test;8;3;100;0.8000000000;0.0077241270;38.3219538010;10000;26373.8694027360;3780000;9758;242
train;8;3;100;0.8000000000;0.0083884740;376.6234337350;60000;26750.4928364710;3840000;;
test;8;3;100;0.8000000000;0.0090147390;267.5846666300;60000;26750.4928364710;3840000;59853;147
test;8;3;100;0.8000000000;0.0080366980;44.8345634770;10000;26750.4928364710;3840000;9751;249
train;8;3;100;0.8000000000;0.0086210910;399.6678684250;60000;27150.1607048960;3900000;;
test;8;3;100;0.8000000000;0.0075000550;257.9811244210;60000;27150.1607048960;3900000;59853;147
test;8;3;100;0.8000000000;0.0077571680;38.7625516790;10000;27150.1607048960;3900000;9757;243
train;8;3;100;0.8000000000;0.0125662950;395.6527550230;60000;27545.8134599190;3960000;;
test;8;3;100;0.8000000000;0.0074291410;252.3271788030;60000;27545.8134599190;3960000;59818;182
test;8;3;100;0.8000000000;0.0089768660;39.3426736780;10000;27545.8134599190;3960000;9758;242
train;8;3;100;0.8000000000;0.0081005280;361.2742505270;60000;27907.0877104460;4020000;;
test;8;3;100;0.8000000000;0.0130805240;242.5545940860;60000;27907.0877104460;4020000;59816;184
test;8;3;100;0.8000000000;0.0081482770;40.7154004720;10000;27907.0877104460;4020000;9754;246
train;8;3;100;0.8000000000;0.0078422060;393.6496785800;60000;28300.7373890260;4080000;;
test;8;3;100;0.8000000000;0.0074325990;211.2685052910;60000;28300.7373890260;4080000;59413;587
test;8;3;100;0.8000000000;0.0073455600;37.9441813190;10000;28300.7373890260;4080000;9703;297
train;8;3;100;0.8000000000;0.0072591070;368.9103745680;60000;28669.6477635940;4140000;;
test;8;3;100;0.8000000000;0.0096567120;232.6816181900;60000;28669.6477635940;4140000;59864;136
test;8;3;100;0.8000000000;0.0108014960;34.1711220200;10000;28669.6477635940;4140000;9747;253
train;8;3;100;0.8000000000;0.0080440320;374.2967785570;60000;29043.9445421510;4200000;;
test;8;3;100;0.8000000000;0.0074173070;208.9529878190;60000;29043.9445421510;4200000;59825;175
test;8;3;100;0.8000000000;0.0087420850;36.1181213550;10000;29043.9445421510;4200000;9752;248
train;8;3;100;0.8000000000;0.0072021930;357.2003900850;60000;29401.1449322360;4260000;;
test;8;3;100;0.8000000000;0.0078160000;209.5454406300;60000;29401.1449322360;4260000;59868;132
test;8;3;100;0.8000000000;0.0072299420;40.0535561690;10000;29401.1449322360;4260000;9754;246
train;8;3;100;0.8000000000;0.0077023370;374.4820075470;60000;29775.6269397830;4320000;;
test;8;3;100;0.8000000000;0.0079703270;229.5593245810;60000;29775.6269397830;4320000;59837;163
test;8;3;100;0.8000000000;0.0072288990;36.7102313850;10000;29775.6269397830;4320000;9758;242
train;8;3;100;0.8000000000;0.0073240620;375.4674419020;60000;30151.0943816850;4380000;;
test;8;3;100;0.8000000000;0.0075845920;244.1599156610;60000;30151.0943816850;4380000;59822;178
test;8;3;100;0.8000000000;0.0074200990;36.6459545880;10000;30151.0943816850;4380000;9769;231
train;8;3;100;0.8000000000;0.0077255450;389.2015667550;60000;30540.2959484400;4440000;;
test;8;3;100;0.8000000000;0.0074173500;240.9420446290;60000;30540.2959484400;4440000;59602;398
test;8;3;100;0.8000000000;0.0086250900;33.0346575840;10000;30540.2959484400;4440000;9729;271
train;8;3;100;0.8000000000;0.0114963000;390.9681323360;60000;30931.2640807760;4500000;;
test;8;3;100;0.8000000000;0.0075806340;221.8399016360;60000;30931.2640807760;4500000;59820;180
test;8;3;100;0.8000000000;0.0075405100;38.9519031230;10000;30931.2640807760;4500000;9754;246
train;8;3;100;0.8000000000;0.0073525610;371.2865659470;60000;31302.5506467230;4560000;;
test;8;3;100;0.8000000000;0.0075173040;230.5102230270;60000;31302.5506467230;4560000;59258;742
test;8;3;100;0.8000000000;0.0077004630;39.1210844380;10000;31302.5506467230;4560000;9678;322
train;8;3;100;0.8000000000;0.0079184530;361.2206921070;60000;31663.7713388300;4620000;;
test;8;3;100;0.8000000000;0.0077410450;248.3586601020;60000;31663.7713388300;4620000;59843;157
test;8;3;100;0.8000000000;0.0097124590;33.5562833760;10000;31663.7713388300;4620000;9742;258
train;8;3;100;0.8000000000;0.0074226830;380.8910264810;60000;32044.6623653110;4680000;;
test;8;3;100;0.8000000000;0.0074350990;239.3862276640;60000;32044.6623653110;4680000;59837;163
test;8;3;100;0.8000000000;0.0075447610;40.0277241910;10000;32044.6623653110;4680000;9762;238
train;8;3;100;0.8000000000;0.0080926130;389.5924404710;60000;32434.2548057820;4740000;;
test;8;3;100;0.8000000000;0.0074658470;224.2774899190;60000;32434.2548057820;4740000;59856;144
test;8;3;100;0.8000000000;0.0072594810;39.5484690520;10000;32434.2548057820;4740000;9761;239
train;8;3;100;0.8000000000;0.0081419440;395.3052376600;60000;32829.5600434420;4800000;;
test;8;3;100;0.8000000000;0.0075260940;254.6974342530;60000;32829.5600434420;4800000;59866;134
test;8;3;100;0.8000000000;0.0088867040;37.0256609030;10000;32829.5600434420;4800000;9758;242
train;8;3;100;0.8000000000;0.0074833890;374.6490186560;60000;33204.2090620980;4860000;;
test;8;3;100;0.8000000000;0.0077662510;219.3177358390;60000;33204.2090620980;4860000;59893;107
test;8;3;100;0.8000000000;0.0073003550;39.3702686690;10000;33204.2090620980;4860000;9767;233
train;8;3;100;0.8000000000;0.0072162330;365.9159732470;60000;33570.1250353450;4920000;;
test;8;3;100;0.8000000000;0.0079993250;227.6701036490;60000;33570.1250353450;4920000;59891;109
test;8;3;100;0.8000000000;0.0078202070;39.3451034870;10000;33570.1250353450;4920000;9772;228
train;8;3;100;0.8000000000;0.0099104090;386.2861649280;60000;33956.4112002730;4980000;;
test;8;3;100;0.8000000000;0.0076741720;243.3212737530;60000;33956.4112002730;4980000;59857;143
test;8;3;100;0.8000000000;0.0074418070;45.3737189330;10000;33956.4112002730;4980000;9752;248
train;8;3;100;0.8000000000;0.0080251160;368.8224233690;60000;34325.2336236420;5040000;;
test;8;3;100;0.8000000000;0.0081383180;235.3454756360;60000;34325.2336236420;5040000;59891;109
test;8;3;100;0.8000000000;0.0096319220;32.5817280270;10000;34325.2336236420;5040000;9765;235
train;8;3;100;0.8000000000;0.0075473850;381.6872528710;60000;34706.9208765130;5100000;;
test;8;3;100;0.8000000000;0.0088500800;239.5035978870;60000;34706.9208765130;5100000;59792;208
test;8;3;100;0.8000000000;0.0073982260;38.6617211930;10000;34706.9208765130;5100000;9763;237
train;8;3;100;0.8000000000;0.0090312380;367.4385357160;60000;35074.3594122290;5160000;;
test;8;3;100;0.8000000000;0.0078374570;213.0419735810;60000;35074.3594122290;5160000;59894;106
test;8;3;100;0.8000000000;0.0077294190;42.0996069450;10000;35074.3594122290;5160000;9764;236
train;8;3;100;0.8000000000;0.0077363360;411.8315948650;60000;35486.1910070940;5220000;;
test;8;3;100;0.8000000000;0.0081785670;223.3544760360;60000;35486.1910070940;5220000;59896;104
test;8;3;100;0.8000000000;0.0079355360;37.0029726680;10000;35486.1910070940;5220000;9754;246
train;8;3;100;0.8000000000;0.0077390440;389.4663429510;60000;35875.6573500450;5280000;;
test;8;3;100;0.8000000000;0.0134433840;231.0503061530;60000;35875.6573500450;5280000;59830;170
test;8;3;100;0.8000000000;0.0076000920;32.2564965870;10000;35875.6573500450;5280000;9756;244
train;8;3;100;0.8000000000;0.0070663230;358.7958172350;60000;36234.4531672800;5340000;;
test;8;3;100;0.8000000000;0.0089361600;210.2489887260;60000;36234.4531672800;5340000;59793;207
test;8;3;100;0.8000000000;0.0114922170;37.5543508970;10000;36234.4531672800;5340000;9740;260
train;8;3;100;0.8000000000;0.0097547910;349.2926109410;60000;36583.7457782210;5400000;;
test;8;3;100;0.8000000000;0.0072885640;188.2932782130;60000;36583.7457782210;5400000;59886;114
test;8;3;100;0.8000000000;0.0070361580;32.9945818840;10000;36583.7457782210;5400000;9770;230
train;8;3;100;0.8000000000;0.0073214370;357.7932611560;60000;36941.5390393770;5460000;;
test;8;3;100;0.8000000000;0.0079590360;254.6491269780;60000;36941.5390393770;5460000;59774;226
test;8;3;100;0.8000000000;0.0076348410;36.2967175150;10000;36941.5390393770;5460000;9752;248
train;8;3;100;0.8000000000;0.0078675390;359.9182079860;60000;37301.4572473630;5520000;;
test;8;3;100;0.8000000000;0.0091464420;208.1298731270;60000;37301.4572473630;5520000;59889;111
test;8;3;100;0.8000000000;0.0078338320;39.1307325670;10000;37301.4572473630;5520000;9774;226
train;8;3;100;0.8000000000;0.0077219200;394.6772273320;60000;37696.1344746950;5580000;;
test;8;3;100;0.8000000000;0.0128137860;218.9713547280;60000;37696.1344746950;5580000;59823;177
test;8;3;100;0.8000000000;0.0072536900;39.0087875320;10000;37696.1344746950;5580000;9757;243
train;8;3;100;0.8000000000;0.0076634230;367.7703882960;60000;38063.9048629910;5640000;;
test;8;3;100;0.8000000000;0.0075789670;221.5291241270;60000;38063.9048629910;5640000;59576;424
test;8;3;100;0.8000000000;0.0073426860;36.8161373150;10000;38063.9048629910;5640000;9727;273
train;8;3;100;0.8000000000;0.0069544520;372.4491843020;60000;38436.3540472930;5700000;;
test;8;3;100;0.8000000000;0.0079339530;233.9987871090;60000;38436.3540472930;5700000;59723;277
test;8;3;100;0.8000000000;0.0075158040;34.2748163010;10000;38436.3540472930;5700000;9755;245
train;8;3;100;0.8000000000;0.0070284910;376.2293893360;60000;38812.5834366290;5760000;;
test;8;3;100;0.8000000000;0.0087027530;194.5319769810;60000;38812.5834366290;5760000;59856;144
test;8;3;100;0.8000000000;0.0078386640;36.2882222570;10000;38812.5834366290;5760000;9776;224
train;8;3;100;0.8000000000;0.0117079150;367.1575718130;60000;39179.7410084420;5820000;;
test;8;3;100;0.8000000000;0.0074944300;215.8275972940;60000;39179.7410084420;5820000;59818;182
test;8;3;100;0.8000000000;0.0083501430;34.2531817570;10000;39179.7410084420;5820000;9765;235
train;8;3;100;0.8000000000;0.0079282860;396.4639416040;60000;39576.2049500460;5880000;;
test;8;3;100;0.8000000000;0.0077706270;233.7426027210;60000;39576.2049500460;5880000;59822;178
test;8;3;100;0.8000000000;0.0080198240;36.3944567530;10000;39576.2049500460;5880000;9767;233
train;8;3;100;0.8000000000;0.0076254250;366.8394620790;60000;39943.0444121250;5940000;;
test;8;3;100;0.8000000000;0.0086970860;237.9747954410;60000;39943.0444121250;5940000;59896;104
test;8;3;100;0.8000000000;0.0079232440;36.3220775560;10000;39943.0444121250;5940000;9763;237
train;8;3;100;0.8000000000;0.0071131120;397.2109098060;60000;40340.2553219310;6000000;;
test;8;3;100;0.8000000000;0.0141001060;228.0869839200;60000;40340.2553219310;6000000;59902;98
test;8;3;100;0.8000000000;0.0077954170;37.9905945770;10000;40340.2553219310;6000000;9778;222
