Mode;CPUs;Parallel;WorkerBatch;LearningRate;WorkerSetupTime;EpochElapsedTime;EpochLines;TotalElapsedTime;TotalLines;Correct;Incorrect
train;8;15;100;0.8000000000;0.0571288100;180.7809430960;60000;180.7809430960;60000;;
test;8;15;100;0.8000000000;0.0371436640;106.7216299620;60000;180.7809430960;60000;49276;10724
test;8;15;100;0.8000000000;0.0320569640;17.9896138350;10000;180.7809430960;60000;8303;1697
train;8;15;100;0.8000000000;0.0345751070;191.9209474410;60000;372.7018905370;120000;;
test;8;15;100;0.8000000000;0.0318859300;106.6275219410;60000;372.7018905370;120000;54173;5827
test;8;15;100;0.8000000000;0.0325144860;17.7839773710;10000;372.7018905370;120000;9053;947
train;8;15;100;0.8000000000;0.0337947640;186.7077319780;60000;559.4096225150;180000;;
test;8;15;100;0.8000000000;0.0378063000;107.6382180890;60000;559.4096225150;180000;54610;5390
test;8;15;100;0.8000000000;0.0352400360;18.2707469010;10000;559.4096225150;180000;9137;863
train;8;15;100;0.8000000000;0.0378537570;197.4418616210;60000;756.8514841360;240000;;
test;8;15;100;0.8000000000;0.0428262940;101.0204569010;60000;756.8514841360;240000;55970;4030
test;8;15;100;0.8000000000;0.0515278810;18.2660612290;10000;756.8514841360;240000;9327;673
train;8;15;100;0.8000000000;0.0432604840;188.6646562240;60000;945.5161403600;300000;;
test;8;15;100;0.8000000000;0.0424471450;109.0598592450;60000;945.5161403600;300000;56190;3810
test;8;15;100;0.8000000000;0.0426220110;18.6308297610;10000;945.5161403600;300000;9348;652
train;8;15;100;0.8000000000;0.0333998240;193.8810250100;60000;1139.3971653700;360000;;
test;8;15;100;0.8000000000;0.0363771540;105.4418218240;60000;1139.3971653700;360000;56698;3302
test;8;15;100;0.8000000000;0.0368703830;17.6466926540;10000;1139.3971653700;360000;9433;567
train;8;15;100;0.8000000000;0.0408405060;189.5545044870;60000;1328.9516698570;420000;;
test;8;15;100;0.8000000000;0.0323557820;105.5667358160;60000;1328.9516698570;420000;56292;3708
test;8;15;100;0.8000000000;0.0436178020;18.2287219470;10000;1328.9516698570;420000;9363;637
train;8;15;100;0.8000000000;0.0309070130;189.4611780190;60000;1518.4128478760;480000;;
test;8;15;100;0.8000000000;0.0339467580;107.2168591740;60000;1518.4128478760;480000;56730;3270
test;8;15;100;0.8000000000;0.0308732640;17.1004035840;10000;1518.4128478760;480000;9431;569
train;8;15;100;0.8000000000;0.0389137540;185.9476870830;60000;1704.3605349590;540000;;
test;8;15;100;0.8000000000;0.0386470990;107.8216285380;60000;1704.3605349590;540000;57431;2569
test;8;15;100;0.8000000000;0.0379850840;18.2244200470;10000;1704.3605349590;540000;9539;461
train;8;15;100;0.8000000000;0.0324240720;189.8226924030;60000;1894.1832273620;600000;;
test;8;15;100;0.8000000000;0.0385098950;110.9723358070;60000;1894.1832273620;600000;57714;2286
test;8;15;100;0.8000000000;0.0825922200;16.9935716080;10000;1894.1832273620;600000;9568;432
train;8;15;100;0.8000000000;0.0380327890;190.7860220640;60000;2084.9692494260;660000;;
test;8;15;100;0.8000000000;0.0352297030;112.1047902470;60000;2084.9692494260;660000;57803;2197
test;8;15;100;0.8000000000;0.0362775340;19.0477335720;10000;2084.9692494260;660000;9583;417
train;8;15;100;0.8000000000;0.0324601540;187.8820513420;60000;2272.8513007680;720000;;
test;8;15;100;0.8000000000;0.0415242690;106.9227901610;60000;2272.8513007680;720000;57858;2142
test;8;15;100;0.8000000000;0.0366541840;17.5201604800;10000;2272.8513007680;720000;9586;414
train;8;15;100;0.8000000000;0.0320323800;191.3603301870;60000;2464.2116309550;780000;;
test;8;15;100;0.8000000000;0.0402364880;109.9313755010;60000;2464.2116309550;780000;57947;2053
test;8;15;100;0.8000000000;0.0335721080;18.4541329400;10000;2464.2116309550;780000;9597;403
train;8;15;100;0.8000000000;0.0328284300;184.5096811680;60000;2648.7213121230;840000;;
test;8;15;100;0.8000000000;0.0412643620;112.7780386830;60000;2648.7213121230;840000;58149;1851
test;8;15;100;0.8000000000;0.0390472070;18.9087893440;10000;2648.7213121230;840000;9627;373
train;8;15;100;0.8000000000;0.0350074620;188.1612525730;60000;2836.8825646960;900000;;
test;8;15;100;0.8000000000;0.0396324320;110.7357258370;60000;2836.8825646960;900000;58098;1902
test;8;15;100;0.8000000000;0.1028321470;17.8799787240;10000;2836.8825646960;900000;9630;370
train;8;15;100;0.8000000000;0.0388753390;191.6255996020;60000;3028.5081642980;960000;;
test;8;15;100;0.8000000000;0.0393236540;115.5859231440;60000;3028.5081642980;960000;58338;1662
test;8;15;100;0.8000000000;0.0688141840;18.7758762310;10000;3028.5081642980;960000;9664;336
train;8;15;100;0.8000000000;0.0305292790;197.7046851480;60000;3226.2128494460;1020000;;
test;8;15;100;0.8000000000;0.0381339110;117.6051761040;60000;3226.2128494460;1020000;58383;1617
test;8;15;100;0.8000000000;0.0401713250;20.5033321170;10000;3226.2128494460;1020000;9659;341
train;8;15;100;0.8000000000;0.0409072100;204.9476200330;60000;3431.1604694790;1080000;;
test;8;15;100;0.8000000000;0.0444982620;119.5295950770;60000;3431.1604694790;1080000;58182;1818
test;8;15;100;0.8000000000;0.0415723060;19.0196498110;10000;3431.1604694790;1080000;9616;384
train;8;15;100;0.8000000000;0.0402832790;211.3065004950;60000;3642.4669699740;1140000;;
test;8;15;100;0.8000000000;0.0423027330;122.9437609150;60000;3642.4669699740;1140000;58150;1850
test;8;15;100;0.8000000000;0.0449303700;21.1979509730;10000;3642.4669699740;1140000;9632;368
train;8;15;100;0.8000000000;0.0443803090;216.7313113730;60000;3859.1982813470;1200000;;
test;8;15;100;0.8000000000;0.0431635320;116.9885524540;60000;3859.1982813470;1200000;58208;1792
test;8;15;100;0.8000000000;0.0397834660;19.1910831560;10000;3859.1982813470;1200000;9603;397
train;8;15;100;0.8000000000;0.0408833360;211.4210771370;60000;4070.6193584840;1260000;;
test;8;15;100;0.8000000000;0.0426515920;108.1166129710;60000;4070.6193584840;1260000;58725;1275
test;8;15;100;0.8000000000;0.0424242720;18.0687926160;10000;4070.6193584840;1260000;9704;296
train;8;15;100;0.8000000000;0.0412265700;210.6177753460;60000;4281.2371338300;1320000;;
test;8;15;100;0.8000000000;0.0458352500;122.6300908150;60000;4281.2371338300;1320000;58667;1333
test;8;15;100;0.8000000000;0.0415235170;19.6681438080;10000;4281.2371338300;1320000;9682;318
train;8;15;100;0.8000000000;0.0431804880;215.4176580980;60000;4496.6547919280;1380000;;
test;8;15;100;0.8000000000;0.0422161550;121.8281677150;60000;4496.6547919280;1380000;58747;1253
test;8;15;100;0.8000000000;0.0401787830;20.6410334810;10000;4496.6547919280;1380000;9701;299
train;8;15;100;0.8000000000;0.0418096720;208.3858363930;60000;4705.0406283210;1440000;;
test;8;15;100;0.8000000000;0.0368395500;116.8573822280;60000;4705.0406283210;1440000;58686;1314
test;8;15;100;0.8000000000;0.0714433640;19.7022885140;10000;4705.0406283210;1440000;9676;324
train;8;15;100;0.8000000000;0.0410085820;215.8747903870;60000;4920.9154187080;1500000;;
test;8;15;100;0.8000000000;0.0424323540;114.2029425430;60000;4920.9154187080;1500000;58895;1105
test;8;15;100;0.8000000000;0.0410307880;19.8067860920;10000;4920.9154187080;1500000;9713;287
train;8;15;100;0.8000000000;0.0367893850;212.2535193160;60000;5133.1689380240;1560000;;
test;8;15;100;0.8000000000;0.0374306930;119.0112730110;60000;5133.1689380240;1560000;58824;1176
test;8;15;100;0.8000000000;0.0414528110;18.7815149880;10000;5133.1689380240;1560000;9703;297
train;8;15;100;0.8000000000;0.0411322840;206.3070484040;60000;5339.4759864280;1620000;;
test;8;15;100;0.8000000000;0.0430150780;120.2611745570;60000;5339.4759864280;1620000;58692;1308
test;8;15;100;0.8000000000;0.0439974530;19.8267488220;10000;5339.4759864280;1620000;9693;307
train;8;15;100;0.8000000000;0.0422512370;211.6903703800;60000;5551.1663568080;1680000;;
test;8;15;100;0.8000000000;0.0458904150;119.3414939860;60000;5551.1663568080;1680000;58906;1094
test;8;15;100;0.8000000000;0.0447778370;20.1216399270;10000;5551.1663568080;1680000;9703;297
train;8;15;100;0.8000000000;0.0418466700;214.7374799190;60000;5765.9038367270;1740000;;
test;8;15;100;0.8000000000;0.0418738360;120.3587825870;60000;5765.9038367270;1740000;58943;1057
test;8;15;100;0.8000000000;0.0409016690;19.5173498370;10000;5765.9038367270;1740000;9720;280
train;8;15;100;0.8000000000;0.0429647880;212.9467997680;60000;5978.8506364950;1800000;;
test;8;15;100;0.8000000000;0.0455773420;125.5377101030;60000;5978.8506364950;1800000;58999;1001
test;8;15;100;0.8000000000;0.0374693150;20.2196453650;10000;5978.8506364950;1800000;9713;287
train;8;15;100;0.8000000000;0.0434799350;207.8820763790;60000;6186.7327128740;1860000;;
test;8;15;100;0.8000000000;0.0410188280;115.5850266020;60000;6186.7327128740;1860000;58908;1092
test;8;15;100;0.8000000000;0.0359171730;20.5120812460;10000;6186.7327128740;1860000;9702;298
train;8;15;100;0.8000000000;0.0444585990;217.1737858840;60000;6403.9064987580;1920000;;
test;8;15;100;0.8000000000;0.0431074090;110.7705149770;60000;6403.9064987580;1920000;59113;887
test;8;15;100;0.8000000000;0.0840545750;18.4355668560;10000;6403.9064987580;1920000;9730;270
train;8;15;100;0.8000000000;0.0351464140;199.5064137730;60000;6603.4129125310;1980000;;
test;8;15;100;0.8000000000;0.0418741690;121.2200631170;60000;6603.4129125310;1980000;58902;1098
test;8;15;100;0.8000000000;0.0434782660;20.6601541650;10000;6603.4129125310;1980000;9699;301
train;8;15;100;0.8000000000;0.0360807060;209.9789476880;60000;6813.3918602190;2040000;;
test;8;15;100;0.8000000000;0.0415001850;123.2689348120;60000;6813.3918602190;2040000;59181;819
test;8;15;100;0.8000000000;0.0446241760;20.2220150970;10000;6813.3918602190;2040000;9739;261
train;8;15;100;0.8000000000;0.0359434230;216.5001672100;60000;7029.8920274290;2100000;;
test;8;15;100;0.8000000000;0.0430371180;106.9574354240;60000;7029.8920274290;2100000;59154;846
test;8;15;100;0.8000000000;0.0442794400;18.1599635950;10000;7029.8920274290;2100000;9716;284
train;8;15;100;0.8000000000;0.0497979130;193.8401256350;60000;7223.7321530640;2160000;;
test;8;15;100;0.8000000000;0.0413664830;106.6076912490;60000;7223.7321530640;2160000;59139;861
test;8;15;100;0.8000000000;0.0443919360;18.6178149420;10000;7223.7321530640;2160000;9722;278
train;8;15;100;0.8000000000;0.0377805110;202.0979530620;60000;7425.8301061260;2220000;;
test;8;15;100;0.8000000000;0.0382014930;120.2107904150;60000;7425.8301061260;2220000;59163;837
test;8;15;100;0.8000000000;0.0365846450;20.3732884640;10000;7425.8301061260;2220000;9729;271
train;8;15;100;0.8000000000;0.0362313270;215.4681858060;60000;7641.2982919320;2280000;;
test;8;15;100;0.8000000000;0.0417100520;120.3318348690;60000;7641.2982919320;2280000;59186;814
test;8;15;100;0.8000000000;0.0384789400;20.0008586720;10000;7641.2982919320;2280000;9730;270
train;8;15;100;0.8000000000;0.0443358560;213.2987325660;60000;7854.5970244980;2340000;;
test;8;15;100;0.8000000000;0.0462477730;117.5017082750;60000;7854.5970244980;2340000;59158;842
test;8;15;100;0.8000000000;0.0365742270;17.9140642690;10000;7854.5970244980;2340000;9724;276
train;8;15;100;0.8000000000;0.0390256650;211.7317075300;60000;8066.3287320280;2400000;;
test;8;15;100;0.8000000000;0.0449494540;117.7011419130;60000;8066.3287320280;2400000;59191;809
test;8;15;100;0.8000000000;0.0408791690;20.1967316340;10000;8066.3287320280;2400000;9740;260
train;8;15;100;0.8000000000;0.0393449860;212.6265471200;60000;8278.9552791480;2460000;;
test;8;15;100;0.8000000000;0.0431684470;121.4750897190;60000;8278.9552791480;2460000;59276;724
test;8;15;100;0.8000000000;0.0421020750;20.2888113220;10000;8278.9552791480;2460000;9747;253
train;8;15;100;0.8000000000;0.0364755260;216.0179936450;60000;8494.9732727930;2520000;;
test;8;15;100;0.8000000000;0.0439194120;118.5708360010;60000;8494.9732727930;2520000;59208;792
test;8;15;100;0.8000000000;0.0403539840;20.7412028250;10000;8494.9732727930;2520000;9720;280
train;8;15;100;0.8000000000;0.0419884150;217.7351060550;60000;8712.7083788480;2580000;;
test;8;15;100;0.8000000000;0.0441698630;115.5695452650;60000;8712.7083788480;2580000;59341;659
test;8;15;100;0.8000000000;0.0440946580;20.6583713230;10000;8712.7083788480;2580000;9751;249
train;8;15;100;0.8000000000;0.0369522530;212.1098972890;60000;8924.8182761370;2640000;;
test;8;15;100;0.8000000000;0.0435879710;121.6376730160;60000;8924.8182761370;2640000;59398;602
test;8;15;100;0.8000000000;0.0403074860;19.1367054350;10000;8924.8182761370;2640000;9747;253
train;8;15;100;0.8000000000;0.0440608690;210.1462807840;60000;9134.9645569210;2700000;;
test;8;15;100;0.8000000000;0.0418742940;118.5844493370;60000;9134.9645569210;2700000;59112;888
test;8;15;100;0.8000000000;0.0406494290;19.4815839460;10000;9134.9645569210;2700000;9730;270
train;8;15;100;0.8000000000;0.0435582640;219.5124398950;60000;9354.4769968160;2760000;;
test;8;15;100;0.8000000000;0.0434580180;119.0893468390;60000;9354.4769968160;2760000;59378;622
test;8;15;100;0.8000000000;0.0370930400;20.5116030950;10000;9354.4769968160;2760000;9768;232
train;8;15;100;0.8000000000;0.0422969830;214.7217473770;60000;9569.1987441930;2820000;;
test;8;15;100;0.8000000000;0.0456223410;116.3747845150;60000;9569.1987441930;2820000;59434;566
test;8;15;100;0.8000000000;0.0441135730;19.8560996100;10000;9569.1987441930;2820000;9758;242
train;8;15;100;0.8000000000;0.0392735700;202.5474364400;60000;9771.7461806330;2880000;;
test;8;15;100;0.8000000000;0.0459081630;121.3433237700;60000;9771.7461806330;2880000;59344;656
test;8;15;100;0.8000000000;0.0431122840;18.6916562050;10000;9771.7461806330;2880000;9752;248
train;8;15;100;0.8000000000;0.0385928910;217.3641336610;60000;9989.1103142940;2940000;;
test;8;15;100;0.8000000000;0.0399471680;120.0533978510;60000;9989.1103142940;2940000;59135;865
test;8;15;100;0.8000000000;0.0448053330;20.3217698750;10000;9989.1103142940;2940000;9714;286
train;8;15;100;0.8000000000;0.0379006310;203.4058343830;60000;10192.5161486770;3000000;;
test;8;15;100;0.8000000000;0.0415868900;114.1182786560;60000;10192.5161486770;3000000;59237;763
test;8;15;100;0.8000000000;0.0643898740;19.6672720550;10000;10192.5161486770;3000000;9743;257
train;8;15;100;0.8000000000;0.0415024340;218.0483075500;60000;10410.5644562270;3060000;;
test;8;15;100;0.8000000000;0.0459953260;124.8926489180;60000;10410.5644562270;3060000;59219;781
test;8;15;100;0.8000000000;0.0383356530;19.1691738850;10000;10410.5644562270;3060000;9729;271
train;8;15;100;0.8000000000;0.0436716330;209.1714576920;60000;10619.7359139190;3120000;;
test;8;15;100;0.8000000000;0.0413640220;120.2755005230;60000;10619.7359139190;3120000;59456;544
test;8;15;100;0.8000000000;0.0409325420;19.4730666890;10000;10619.7359139190;3120000;9753;247
train;8;15;100;0.8000000000;0.0392499490;209.3001236140;60000;10829.0360375330;3180000;;
test;8;15;100;0.8000000000;0.0419949550;118.4894721880;60000;10829.0360375330;3180000;59423;577
test;8;15;100;0.8000000000;0.0426114700;20.6683209020;10000;10829.0360375330;3180000;9753;247
train;8;15;100;0.8000000000;0.0410672450;217.9437393920;60000;11046.9797769250;3240000;;
test;8;15;100;0.8000000000;0.0433533150;120.4519154880;60000;11046.9797769250;3240000;59410;590
test;8;15;100;0.8000000000;0.0410420800;19.9098499800;10000;11046.9797769250;3240000;9751;249
train;8;15;100;0.8000000000;0.0362867410;219.5700171860;60000;11266.5497941110;3300000;;
test;8;15;100;0.8000000000;0.0438162960;123.0346901170;60000;11266.5497941110;3300000;59497;503
test;8;15;100;0.8000000000;0.0386503490;20.2738846690;10000;11266.5497941110;3300000;9756;244
train;8;15;100;0.8000000000;0.0362644080;217.1742468580;60000;11483.7240409690;3360000;;
test;8;15;100;0.8000000000;0.0428651270;117.0864931440;60000;11483.7240409690;3360000;59500;500
test;8;15;100;0.8000000000;0.0420105390;18.2064495680;10000;11483.7240409690;3360000;9745;255
train;8;15;100;0.8000000000;0.0420520770;220.9157638780;60000;11704.6398048470;3420000;;
test;8;15;100;0.8000000000;0.0428951250;121.0159174700;60000;11704.6398048470;3420000;59534;466
test;8;15;100;0.8000000000;0.0413622330;20.1743007620;10000;11704.6398048470;3420000;9763;237
train;8;15;100;0.8000000000;0.0436073860;219.4346860890;60000;11924.0744909360;3480000;;
test;8;15;100;0.8000000000;0.0454414320;124.4473673690;60000;11924.0744909360;3480000;59397;603
test;8;15;100;0.8000000000;0.0402727800;19.4578510030;10000;11924.0744909360;3480000;9741;259
train;8;15;100;0.8000000000;0.0378311340;216.9653272420;60000;12141.0398181780;3540000;;
test;8;15;100;0.8000000000;0.0442858160;124.1633492130;60000;12141.0398181780;3540000;59418;582
test;8;15;100;0.8000000000;0.0420229940;20.5061716210;10000;12141.0398181780;3540000;9763;237
train;8;15;100;0.8000000000;0.0407819250;218.7157054840;60000;12359.7555236620;3600000;;
test;8;15;100;0.8000000000;0.0437298820;118.2987772490;60000;12359.7555236620;3600000;59471;529
test;8;15;100;0.8000000000;0.0451273620;20.2962193830;10000;12359.7555236620;3600000;9754;246
train;8;15;100;0.8000000000;0.0441018660;217.1473137580;60000;12576.9028374200;3660000;;
test;8;15;100;0.8000000000;0.0413003180;120.1121476330;60000;12576.9028374200;3660000;59467;533
test;8;15;100;0.8000000000;0.0473085210;19.3955515810;10000;12576.9028374200;3660000;9741;259
train;8;15;100;0.8000000000;0.0369929620;195.8849606660;60000;12772.7877980860;3720000;;
test;8;15;100;0.8000000000;0.0414649780;110.2569522930;60000;12772.7877980860;3720000;59530;470
test;8;15;100;0.8000000000;0.0372006180;18.8544193740;10000;12772.7877980860;3720000;9760;240
train;8;15;100;0.8000000000;0.0407285520;214.3779644000;60000;12987.1657624860;3780000;;
test;8;15;100;0.8000000000;0.0405093920;123.4948081530;60000;12987.1657624860;3780000;59522;478
test;8;15;100;0.8000000000;0.0433061930;20.1321241050;10000;12987.1657624860;3780000;9749;251
train;8;15;100;0.8000000000;0.0402344050;217.1903403370;60000;13204.3561028230;3840000;;
test;8;15;100;0.8000000000;0.0408917530;119.6857767250;60000;13204.3561028230;3840000;59464;536
test;8;15;100;0.8000000000;0.0391469100;18.3423107190;10000;13204.3561028230;3840000;9736;264
train;8;15;100;0.8000000000;0.0386231820;201.5706359770;60000;13405.9267388000;3900000;;
test;8;15;100;0.8000000000;0.0440869920;105.3940020320;60000;13405.9267388000;3900000;59524;476
test;8;15;100;0.8000000000;0.0385293130;17.4158731870;10000;13405.9267388000;3900000;9758;242
train;8;15;100;0.8000000000;0.0314344910;177.2007459300;60000;13583.1274847300;3960000;;
test;8;15;100;0.8000000000;0.0387839660;102.1390889660;60000;13583.1274847300;3960000;59578;422
test;8;15;100;0.8000000000;0.0362193690;17.1503942370;10000;13583.1274847300;3960000;9771;229
train;8;15;100;0.8000000000;0.0380045850;174.4813864340;60000;13757.6088711640;4020000;;
test;8;15;100;0.8000000000;0.0367535110;104.1721519190;60000;13757.6088711640;4020000;59604;396
test;8;15;100;0.8000000000;0.0324198650;16.9026784900;10000;13757.6088711640;4020000;9775;225
train;8;15;100;0.8000000000;0.0355221080;184.5751353670;60000;13942.1840065310;4080000;;
test;8;15;100;0.8000000000;0.0373351970;109.2679352330;60000;13942.1840065310;4080000;59484;516
test;8;15;100;0.8000000000;0.0401048700;17.6424771680;10000;13942.1840065310;4080000;9738;262
train;8;15;100;0.8000000000;0.0545963760;185.5632023560;60000;14127.7472088870;4140000;;
test;8;15;100;0.8000000000;0.0476996300;102.1865161080;60000;14127.7472088870;4140000;59516;484
test;8;15;100;0.8000000000;0.0334594020;17.0078219140;10000;14127.7472088870;4140000;9751;249
train;8;15;100;0.8000000000;0.0393301540;183.5302047660;60000;14311.2774136530;4200000;;
test;8;15;100;0.8000000000;0.0404719780;109.1603880350;60000;14311.2774136530;4200000;59600;400
test;8;15;100;0.8000000000;0.0415384760;19.1690177230;10000;14311.2774136530;4200000;9744;256
train;8;15;100;0.8000000000;0.0369792940;180.2472632790;60000;14491.5246769320;4260000;;
test;8;15;100;0.8000000000;0.0371008720;102.1318206590;60000;14491.5246769320;4260000;59519;481
test;8;15;100;0.8000000000;0.0310350080;17.0259396820;10000;14491.5246769320;4260000;9756;244
train;8;15;100;0.8000000000;0.0341453330;173.9357947540;60000;14665.4604716860;4320000;;
test;8;15;100;0.8000000000;0.0372936570;108.5135954210;60000;14665.4604716860;4320000;59592;408
test;8;15;100;0.8000000000;0.0348948840;17.7894021820;10000;14665.4604716860;4320000;9762;238
train;8;15;100;0.8000000000;0.0332334130;189.2948477140;60000;14854.7553194000;4380000;;
test;8;15;100;0.8000000000;0.0312007930;109.6838356680;60000;14854.7553194000;4380000;59490;510
test;8;15;100;0.8000000000;0.0761936610;18.2921626100;10000;14854.7553194000;4380000;9751;249
train;8;15;100;0.8000000000;0.0340476300;188.4135170420;60000;15043.1688364420;4440000;;
test;8;15;100;0.8000000000;0.0410922850;108.4133189610;60000;15043.1688364420;4440000;59588;412
test;8;15;100;0.8000000000;0.0350494610;18.0737669420;10000;15043.1688364420;4440000;9757;243
train;8;15;100;0.8000000000;0.0339560910;190.8641055240;60000;15234.0329419660;4500000;;
test;8;15;100;0.8000000000;0.0372407400;111.9230639310;60000;15234.0329419660;4500000;59538;462
test;8;15;100;0.8000000000;0.0779675430;18.0085284850;10000;15234.0329419660;4500000;9744;256
train;8;15;100;0.8000000000;0.0323624090;186.8269536780;60000;15420.8598956440;4560000;;
test;8;15;100;0.8000000000;0.0372604490;105.3103223180;60000;15420.8598956440;4560000;59232;768
test;8;15;100;0.8000000000;0.0354891500;18.4542262270;10000;15420.8598956440;4560000;9735;265
train;8;15;100;0.8000000000;0.0350967900;196.8023734570;60000;15617.6622691010;4620000;;
test;8;15;100;0.8000000000;0.0340607530;108.1141115050;60000;15617.6622691010;4620000;59634;366
test;8;15;100;0.8000000000;0.0315209040;18.5685314270;10000;15617.6622691010;4620000;9756;244
train;8;15;100;0.8000000000;0.0348309280;187.5121880640;60000;15805.1744571650;4680000;;
test;8;15;100;0.8000000000;0.0419898740;106.1717684650;60000;15805.1744571650;4680000;59675;325
test;8;15;100;0.8000000000;0.0350528760;17.4281918250;10000;15805.1744571650;4680000;9757;243
train;8;15;100;0.8000000000;0.0360835430;187.3938550340;60000;15992.5683121990;4740000;;
test;8;15;100;0.8000000000;0.0381521610;106.4566019990;60000;15992.5683121990;4740000;59644;356
test;8;15;100;0.8000000000;0.0319231780;18.3391218970;10000;15992.5683121990;4740000;9758;242
train;8;15;100;0.8000000000;0.0370790410;191.2674847850;60000;16183.8357969840;4800000;;
test;8;15;100;0.8000000000;0.0429489140;109.6604595390;60000;16183.8357969840;4800000;59044;956
test;8;15;100;0.8000000000;0.0356491030;17.4929431830;10000;16183.8357969840;4800000;9702;298
train;8;15;100;0.8000000000;0.0382995300;173.4670756210;60000;16357.3028726050;4860000;;
test;8;15;100;0.8000000000;0.0371532040;104.3907013300;60000;16357.3028726050;4860000;59702;298
test;8;15;100;0.8000000000;0.0361151660;17.5661927600;10000;16357.3028726050;4860000;9763;237
train;8;15;100;0.8000000000;0.0362012450;175.8685498660;60000;16533.1714224710;4920000;;
test;8;15;100;0.8000000000;0.0370686670;101.8232061310;60000;16533.1714224710;4920000;59706;294
test;8;15;100;0.8000000000;0.0353458640;16.9278945420;10000;16533.1714224710;4920000;9766;234
train;8;15;100;0.8000000000;0.0742680330;176.1128112170;60000;16709.2842336880;4980000;;
test;8;15;100;0.8000000000;0.0408597530;101.9062077540;60000;16709.2842336880;4980000;59513;487
test;8;15;100;0.8000000000;0.0352005810;16.8644282940;10000;16709.2842336880;4980000;9725;275
train;8;15;100;0.8000000000;0.0296676070;175.9097955600;60000;16885.1940292480;5040000;;
test;8;15;100;0.8000000000;0.0368730060;97.4788816220;60000;16885.1940292480;5040000;59565;435
test;8;15;100;0.8000000000;0.0353237820;16.9125242790;10000;16885.1940292480;5040000;9757;243
train;8;15;100;0.8000000000;0.0326833940;175.9892995400;60000;17061.1833287880;5100000;;
test;8;15;100;0.8000000000;0.0366645150;100.4667088570;60000;17061.1833287880;5100000;59714;286
test;8;15;100;0.8000000000;0.0359673810;17.1368835240;10000;17061.1833287880;5100000;9768;232
train;8;15;100;0.8000000000;0.0319035110;188.0687270710;60000;17249.2520558590;5160000;;
test;8;15;100;0.8000000000;0.0406705960;110.1673846680;60000;17249.2520558590;5160000;58931;1069
test;8;15;100;0.8000000000;0.0385676850;18.0561030320;10000;17249.2520558590;5160000;9683;317
train;8;15;100;0.8000000000;0.0368483000;187.2564813260;60000;17436.5085371850;5220000;;
test;8;15;100;0.8000000000;0.0372310330;107.2082375470;60000;17436.5085371850;5220000;59697;303
test;8;15;100;0.8000000000;0.0387225940;17.0352909510;10000;17436.5085371850;5220000;9743;257
train;8;15;100;0.8000000000;0.0360685840;188.9119754070;60000;17625.4205125920;5280000;;
test;8;15;100;0.8000000000;0.0397705490;109.4019153820;60000;17625.4205125920;5280000;59527;473
test;8;15;100;0.8000000000;0.0532588490;17.7856904210;10000;17625.4205125920;5280000;9735;265
train;8;15;100;0.8000000000;0.0364230690;187.9474047100;60000;17813.3679173020;5340000;;
test;8;15;100;0.8000000000;0.0391972840;103.2842708600;60000;17813.3679173020;5340000;59657;343
test;8;15;100;0.8000000000;0.0358334260;17.3132222810;10000;17813.3679173020;5340000;9760;240
train;8;15;100;0.8000000000;0.0306288560;185.9802509050;60000;17999.3481682070;5400000;;
test;8;15;100;0.8000000000;0.0365087320;110.9470446780;60000;17999.3481682070;5400000;59710;290
test;8;15;100;0.8000000000;0.0786962210;16.6354230380;10000;17999.3481682070;5400000;9751;249
train;8;15;100;0.8000000000;0.0304196990;181.6552124870;60000;18181.0033806940;5460000;;
test;8;15;100;0.8000000000;0.0362272020;102.5017391350;60000;18181.0033806940;5460000;59511;489
test;8;15;100;0.8000000000;0.0350600440;16.5877870300;10000;18181.0033806940;5460000;9747;253
train;8;15;100;0.8000000000;0.0322594130;178.4408536850;60000;18359.4442343790;5520000;;
test;8;15;100;0.8000000000;0.0449164960;110.7049373250;60000;18359.4442343790;5520000;59735;265
test;8;15;100;0.8000000000;0.0371795370;18.8781581950;10000;18359.4442343790;5520000;9767;233
train;8;15;100;0.8000000000;0.0313364530;194.5770612640;60000;18554.0212956430;5580000;;
test;8;15;100;0.8000000000;0.0370092520;112.3828642800;60000;18554.0212956430;5580000;59759;241
test;8;15;100;0.8000000000;0.0761124970;18.6497917050;10000;18554.0212956430;5580000;9766;234
train;8;15;100;0.8000000000;0.0383073210;191.3807563640;60000;18745.4020520070;5640000;;
test;8;15;100;0.8000000000;0.0426712590;112.8842335660;60000;18745.4020520070;5640000;57058;2942
test;8;15;100;0.8000000000;0.0380225840;18.3122658780;10000;18745.4020520070;5640000;9372;628
train;8;15;100;0.8000000000;0.0365368130;194.4878119130;60000;18939.8898639200;5700000;;
test;8;15;100;0.8000000000;0.0373598200;111.9331978730;60000;18939.8898639200;5700000;59597;403
test;8;15;100;0.8000000000;0.0723722820;18.1092805950;10000;18939.8898639200;5700000;9739;261
train;8;15;100;0.8000000000;0.0359562980;195.9949720490;60000;19135.8848359690;5760000;;
test;8;15;100;0.8000000000;0.0421284090;113.1495018880;60000;19135.8848359690;5760000;59601;399
test;8;15;100;0.8000000000;0.0379735870;18.8618745150;10000;19135.8848359690;5760000;9754;246
train;8;15;100;0.8000000000;0.0349910470;185.1568180500;60000;19321.0416540190;5820000;;
test;8;15;100;0.8000000000;0.0412115310;104.3699992970;60000;19321.0416540190;5820000;59764;236
test;8;15;100;0.8000000000;0.0351162930;17.3968388740;10000;19321.0416540190;5820000;9765;235
train;8;15;100;0.8000000000;0.0369187550;200.5866201930;60000;19521.6282742120;5880000;;
test;8;15;100;0.8000000000;0.0420591600;112.0183666870;60000;19521.6282742120;5880000;59739;261
test;8;15;100;0.8000000000;0.0350500010;18.2912063200;10000;19521.6282742120;5880000;9771;229
train;8;15;100;0.8000000000;0.0355983530;198.0981425020;60000;19719.7264167140;5940000;;
test;8;15;100;0.8000000000;0.0376955560;110.9863083370;60000;19719.7264167140;5940000;59741;259
test;8;15;100;0.8000000000;0.0813213580;19.0638419670;10000;19719.7264167140;5940000;9771;229
train;8;15;100;0.8000000000;0.0392009070;196.7882047280;60000;19916.5146214420;6000000;;
test;8;15;100;0.8000000000;0.0412110710;110.0959125520;60000;19916.5146214420;6000000;59783;217
test;8;15;100;0.8000000000;0.0384328160;18.6849218260;10000;19916.5146214420;6000000;9771;229
