Mode;CPUs;Parallel;WorkerBatch;LearningRate;WorkerSetupTime;EpochElapsedTime;EpochLines;TotalElapsedTime;TotalLines;Correct;Incorrect
train;8;9;100;0.8000000000;0.0258950610;213.9196418670;60000;213.9196418670;60000;;
test;8;9;100;0.8000000000;0.0265597810;119.1921005370;60000;213.9196418670;60000;53989;6011
test;8;9;100;0.8000000000;0.0226945720;20.3498386340;10000;213.9196418670;60000;9028;972
train;8;9;100;0.8000000000;0.0243817500;194.9311914650;60000;408.8508333320;120000;;
test;8;9;100;0.8000000000;0.0284702010;119.0899883580;60000;408.8508333320;120000;55070;4930
test;8;9;100;0.8000000000;0.0236914060;20.6145701530;10000;408.8508333320;120000;9208;792
train;8;9;100;0.8000000000;0.0267669820;209.2881159130;60000;618.1389492450;180000;;
test;8;9;100;0.8000000000;0.0256436960;123.5514222390;60000;618.1389492450;180000;56140;3860
test;8;9;100;0.8000000000;0.0296637330;21.7539844610;10000;618.1389492450;180000;9343;657
train;8;9;100;0.8000000000;0.0232435060;213.0612285060;60000;831.2001777510;240000;;
test;8;9;100;0.8000000000;0.0322670380;121.5032929270;60000;831.2001777510;240000;56545;3455
test;8;9;100;0.8000000000;0.0252493790;20.3334716660;10000;831.2001777510;240000;9404;596
train;8;9;100;0.8000000000;0.0242402140;215.6617071690;60000;1046.8618849200;300000;;
test;8;9;100;0.8000000000;0.0259066440;121.8959045740;60000;1046.8618849200;300000;57017;2983
test;8;9;100;0.8000000000;0.0232106760;20.7971386830;10000;1046.8618849200;300000;9476;524
train;8;9;100;0.8000000000;0.0226875730;202.9457460850;60000;1249.8076310050;360000;;
test;8;9;100;0.8000000000;0.0300200080;109.6558694800;60000;1249.8076310050;360000;57321;2679
test;8;9;100;0.8000000000;0.0278923090;19.3195162900;10000;1249.8076310050;360000;9493;507
train;8;9;100;0.8000000000;0.0236237820;195.4722549710;60000;1445.2798859760;420000;;
test;8;9;100;0.8000000000;0.0263565820;114.8192141990;60000;1445.2798859760;420000;57457;2543
test;8;9;100;0.8000000000;0.0238125650;19.3311920020;10000;1445.2798859760;420000;9523;477
train;8;9;100;0.8000000000;0.0245344530;195.0594798170;60000;1640.3393657930;480000;;
test;8;9;100;0.8000000000;0.0229256460;112.3941622090;60000;1640.3393657930;480000;57853;2147
test;8;9;100;0.8000000000;0.0275642800;19.6732855040;10000;1640.3393657930;480000;9575;425
train;8;9;100;0.8000000000;0.0227121140;196.4261479510;60000;1836.7655137440;540000;;
test;8;9;100;0.8000000000;0.0281325890;112.2778944320;60000;1836.7655137440;540000;57757;2243
test;8;9;100;0.8000000000;0.0227847350;19.8302228400;10000;1836.7655137440;540000;9554;446
train;8;9;100;0.8000000000;0.0243340440;196.2884772130;60000;2033.0539909570;600000;;
test;8;9;100;0.8000000000;0.0259227240;113.1367023120;60000;2033.0539909570;600000;58144;1856
test;8;9;100;0.8000000000;0.0224087910;19.3953371720;10000;2033.0539909570;600000;9605;395
train;8;9;100;0.8000000000;0.0221827620;196.3680357650;60000;2229.4220267220;660000;;
test;8;9;100;0.8000000000;0.0228133990;118.9432934190;60000;2229.4220267220;660000;58336;1664
test;8;9;100;0.8000000000;0.0236489890;21.0841050080;10000;2229.4220267220;660000;9649;351
train;8;9;100;0.8000000000;0.0232359250;219.8667004250;60000;2449.2887271470;720000;;
test;8;9;100;0.8000000000;0.0259434730;124.7317847090;60000;2449.2887271470;720000;58331;1669
test;8;9;100;0.8000000000;0.0270913440;20.3364668720;10000;2449.2887271470;720000;9638;362
train;8;9;100;0.8000000000;0.0225468290;219.6674651460;60000;2668.9561922930;780000;;
test;8;9;100;0.8000000000;0.0232672140;118.3208021480;60000;2668.9561922930;780000;58392;1608
test;8;9;100;0.8000000000;0.0278568090;21.9153809380;10000;2668.9561922930;780000;9635;365
train;8;9;100;0.8000000000;0.0237683180;218.1528266210;60000;2887.1090189140;840000;;
test;8;9;100;0.8000000000;0.0284853250;124.6862000280;60000;2887.1090189140;840000;58328;1672
test;8;9;100;0.8000000000;0.0256388640;20.1060070550;10000;2887.1090189140;840000;9656;344
train;8;9;100;0.8000000000;0.0267511490;224.3101060300;60000;3111.4191249440;900000;;
test;8;9;100;0.8000000000;0.0249535590;120.6399300790;60000;3111.4191249440;900000;58240;1760
test;8;9;100;0.8000000000;0.0256404450;22.2714260560;10000;3111.4191249440;900000;9632;368
train;8;9;100;0.8000000000;0.0263630810;219.3969530830;60000;3330.8160780270;960000;;
test;8;9;100;0.8000000000;0.0271022180;122.3966421290;60000;3330.8160780270;960000;58668;1332
test;8;9;100;0.8000000000;0.0260513880;21.8221432170;10000;3330.8160780270;960000;9672;328
train;8;9;100;0.8000000000;0.0276150680;212.8665082420;60000;3543.6825862690;1020000;;
test;8;9;100;0.8000000000;0.0231875500;125.0040728240;60000;3543.6825862690;1020000;58702;1298
test;8;9;100;0.8000000000;0.0262576700;19.9214339020;10000;3543.6825862690;1020000;9697;303
train;8;9;100;0.8000000000;0.0243634170;217.9771863840;60000;3761.6597726530;1080000;;
test;8;9;100;0.8000000000;0.0263979140;119.4556327300;60000;3761.6597726530;1080000;58797;1203
test;8;9;100;0.8000000000;0.0236233240;19.4552559890;10000;3761.6597726530;1080000;9696;304
train;8;9;100;0.8000000000;0.0244187060;212.9950689580;60000;3974.6548416110;1140000;;
test;8;9;100;0.8000000000;0.0230650550;116.9774999720;60000;3974.6548416110;1140000;58881;1119
test;8;9;100;0.8000000000;0.0245564080;20.7552936790;10000;3974.6548416110;1140000;9715;285
train;8;9;100;0.8000000000;0.0257295660;218.7340030370;60000;4193.3888446480;1200000;;
test;8;9;100;0.8000000000;0.0256354040;123.4293850360;60000;4193.3888446480;1200000;58905;1095
test;8;9;100;0.8000000000;0.0250670970;21.5266498410;10000;4193.3888446480;1200000;9686;314
train;8;9;100;0.8000000000;0.0235433690;213.9299027550;60000;4407.3187474030;1260000;;
test;8;9;100;0.8000000000;0.0289062650;118.1324951080;60000;4407.3187474030;1260000;58863;1137
test;8;9;100;0.8000000000;0.0241160100;20.7323140830;10000;4407.3187474030;1260000;9683;317
train;8;9;100;0.8000000000;0.0241184280;217.4511662310;60000;4624.7699136340;1320000;;
test;8;9;100;0.8000000000;0.0298717650;121.2629976620;60000;4624.7699136340;1320000;58788;1212
test;8;9;100;0.8000000000;0.0230718040;21.0698084100;10000;4624.7699136340;1320000;9672;328
train;8;9;100;0.8000000000;0.0246863200;217.8325406400;60000;4842.6024542740;1380000;;
test;8;9;100;0.8000000000;0.0262914610;122.1500717910;60000;4842.6024542740;1380000;58990;1010
test;8;9;100;0.8000000000;0.0242101740;19.0074563800;10000;4842.6024542740;1380000;9705;295
train;8;9;100;0.8000000000;0.0224858720;196.7341960720;60000;5039.3366503460;1440000;;
test;8;9;100;0.8000000000;0.0259161430;110.1463959420;60000;5039.3366503460;1440000;58834;1166
test;8;9;100;0.8000000000;0.0229317290;19.6792810000;10000;5039.3366503460;1440000;9681;319
train;8;9;100;0.8000000000;0.0507221260;218.5559215230;60000;5257.8925718690;1500000;;
test;8;9;100;0.8000000000;0.0345673140;122.2675504370;60000;5257.8925718690;1500000;58908;1092
test;8;9;100;0.8000000000;0.0268414380;21.9646959560;10000;5257.8925718690;1500000;9691;309
train;8;9;100;0.8000000000;0.0230005170;218.2479718930;60000;5476.1405437620;1560000;;
test;8;9;100;0.8000000000;0.0277278990;115.5320259500;60000;5476.1405437620;1560000;59037;963
test;8;9;100;0.8000000000;0.0242185070;19.8686629900;10000;5476.1405437620;1560000;9718;282
train;8;9;100;0.8000000000;0.0242250070;216.1105777300;60000;5692.2511214920;1620000;;
test;8;9;100;0.8000000000;0.0300237160;126.7110922960;60000;5692.2511214920;1620000;58827;1173
test;8;9;100;0.8000000000;0.0237603170;21.3195287360;10000;5692.2511214920;1620000;9692;308
train;8;9;100;0.8000000000;0.0227247790;217.1529435980;60000;5909.4040650900;1680000;;
test;8;9;100;0.8000000000;0.0261150100;128.1990437860;60000;5909.4040650900;1680000;59070;930
test;8;9;100;0.8000000000;0.0240860110;20.1868172290;10000;5909.4040650900;1680000;9710;290
train;8;9;100;0.8000000000;0.0267124410;215.7694910530;60000;6125.1735561430;1740000;;
test;8;9;100;0.8000000000;0.0227896090;117.8237278460;60000;6125.1735561430;1740000;59215;785
test;8;9;100;0.8000000000;0.0251355090;20.4957406100;10000;6125.1735561430;1740000;9736;264
train;8;9;100;0.8000000000;0.0248159400;214.8940839700;60000;6340.0676401130;1800000;;
test;8;9;100;0.8000000000;0.0268097720;123.2502808120;60000;6340.0676401130;1800000;59270;730
test;8;9;100;0.8000000000;0.0244747880;19.3121157730;10000;6340.0676401130;1800000;9731;269
train;8;9;100;0.8000000000;0.0226264080;219.5293817530;60000;6559.5970218660;1860000;;
test;8;9;100;0.8000000000;0.0317517680;127.3054124320;60000;6559.5970218660;1860000;59279;721
test;8;9;100;0.8000000000;0.0313742850;20.5141997340;10000;6559.5970218660;1860000;9734;266
train;8;9;100;0.8000000000;0.0231601360;212.8102987700;60000;6772.4073206360;1920000;;
test;8;9;100;0.8000000000;0.0284269110;118.2213535220;60000;6772.4073206360;1920000;59258;742
test;8;9;100;0.8000000000;0.0247834010;19.6735015360;10000;6772.4073206360;1920000;9727;273
train;8;9;100;0.8000000000;0.0228287750;220.4605979180;60000;6992.8679185540;1980000;;
test;8;9;100;0.8000000000;0.0231820920;126.3142712120;60000;6992.8679185540;1980000;59335;665
test;8;9;100;0.8000000000;0.0233285030;20.5747210640;10000;6992.8679185540;1980000;9753;247
train;8;9;100;0.8000000000;0.0251340100;208.2530074500;60000;7201.1209260040;2040000;;
test;8;9;100;0.8000000000;0.0264273710;122.4648493370;60000;7201.1209260040;2040000;59285;715
test;8;9;100;0.8000000000;0.0293242870;21.9468202220;10000;7201.1209260040;2040000;9727;273
train;8;9;100;0.8000000000;0.0231480520;212.7386287090;60000;7413.8595547130;2100000;;
test;8;9;100;0.8000000000;0.0290036780;120.6970698030;60000;7413.8595547130;2100000;59341;659
test;8;9;100;0.8000000000;0.0255787390;21.1568908930;10000;7413.8595547130;2100000;9739;261
train;8;9;100;0.8000000000;0.0233768340;217.9496668880;60000;7631.8092216010;2160000;;
test;8;9;100;0.8000000000;0.0266991920;118.7917329780;60000;7631.8092216010;2160000;59322;678
test;8;9;100;0.8000000000;0.0263091250;20.3081642900;10000;7631.8092216010;2160000;9746;254
train;8;9;100;0.8000000000;0.0239921840;210.0454576320;60000;7841.8546792330;2220000;;
test;8;9;100;0.8000000000;0.0271561320;121.8780139690;60000;7841.8546792330;2220000;59389;611
test;8;9;100;0.8000000000;0.0248076890;20.8934658190;10000;7841.8546792330;2220000;9748;252
train;8;9;100;0.8000000000;0.0255227430;220.8703853220;60000;8062.7250645550;2280000;;
test;8;9;100;0.8000000000;0.0276461930;122.5104246350;60000;8062.7250645550;2280000;59429;571
test;8;9;100;0.8000000000;0.0247136530;19.9086695280;10000;8062.7250645550;2280000;9760;240
train;8;9;100;0.8000000000;0.0248524380;201.2829365630;60000;8264.0080011180;2340000;;
test;8;9;100;0.8000000000;0.0231851760;124.5084772130;60000;8264.0080011180;2340000;59461;539
test;8;9;100;0.8000000000;0.0274756990;22.2935576920;10000;8264.0080011180;2340000;9743;257
train;8;9;100;0.8000000000;0.0252515890;216.6488681380;60000;8480.6568692560;2400000;;
test;8;9;100;0.8000000000;0.0327811830;122.7862488940;60000;8480.6568692560;2400000;59375;625
test;8;9;100;0.8000000000;0.0282692900;21.0532151180;10000;8480.6568692560;2400000;9725;275
train;8;9;100;0.8000000000;0.0225596200;214.6883893050;60000;8695.3452585610;2460000;;
test;8;9;100;0.8000000000;0.0257619840;124.8790149200;60000;8695.3452585610;2460000;59411;589
test;8;9;100;0.8000000000;0.0230373080;20.5286106190;10000;8695.3452585610;2460000;9755;245
train;8;9;100;0.8000000000;0.0287384380;218.7669277100;60000;8914.1121862710;2520000;;
test;8;9;100;0.8000000000;0.0233232530;121.7078106820;60000;8914.1121862710;2520000;59553;447
test;8;9;100;0.8000000000;0.0247242350;20.7888152100;10000;8914.1121862710;2520000;9758;242
train;8;9;100;0.8000000000;0.0226681130;216.7533920990;60000;9130.8655783700;2580000;;
test;8;9;100;0.8000000000;0.0230528900;122.5789103850;60000;9130.8655783700;2580000;59519;481
test;8;9;100;0.8000000000;0.0301892920;20.5491340770;10000;9130.8655783700;2580000;9746;254
train;8;9;100;0.8000000000;0.0258392720;214.0183171450;60000;9344.8838955150;2640000;;
test;8;9;100;0.8000000000;0.0242707960;118.4293092970;60000;9344.8838955150;2640000;59524;476
test;8;9;100;0.8000000000;0.0303597430;20.6891739240;10000;9344.8838955150;2640000;9750;250
train;8;9;100;0.8000000000;0.0227276540;220.5050489320;60000;9565.3889444470;2700000;;
test;8;9;100;0.8000000000;0.0261458410;121.0678913730;60000;9565.3889444470;2700000;59472;528
test;8;9;100;0.8000000000;0.0283442870;20.0842231120;10000;9565.3889444470;2700000;9741;259
train;8;9;100;0.8000000000;0.0225604940;213.1303112560;60000;9778.5192557030;2760000;;
test;8;9;100;0.8000000000;0.0245986580;127.9548058440;60000;9778.5192557030;2760000;59470;530
test;8;9;100;0.8000000000;0.0346929760;20.8550354620;10000;9778.5192557030;2760000;9736;264
train;8;9;100;0.8000000000;0.0240526400;216.3634309280;60000;9994.8826866310;2820000;;
test;8;9;100;0.8000000000;0.0235589910;120.5838167300;60000;9994.8826866310;2820000;59577;423
test;8;9;100;0.8000000000;0.0239036030;20.3854591130;10000;9994.8826866310;2820000;9754;246
train;8;9;100;0.8000000000;0.0229994330;220.8228002670;60000;10215.7054868980;2880000;;
test;8;9;100;0.8000000000;0.0240005990;120.8074017570;60000;10215.7054868980;2880000;59221;779
test;8;9;100;0.8000000000;0.0248295640;21.0085306930;10000;10215.7054868980;2880000;9687;313
train;8;9;100;0.8000000000;0.0295476130;210.7725907280;60000;10426.4780776260;2940000;;
test;8;9;100;0.8000000000;0.0232817960;128.1921728330;60000;10426.4780776260;2940000;59579;421
test;8;9;100;0.8000000000;0.0254804100;22.2648809190;10000;10426.4780776260;2940000;9757;243
train;8;9;100;0.8000000000;0.0259134330;212.7393592230;60000;10639.2174368490;3000000;;
test;8;9;100;0.8000000000;0.0259719740;122.0176043190;60000;10639.2174368490;3000000;59537;463
test;8;9;100;0.8000000000;0.0245706170;20.7251393440;10000;10639.2174368490;3000000;9748;252
train;8;9;100;0.8000000000;0.0290674660;211.4134213040;60000;10850.6308581530;3060000;;
test;8;9;100;0.8000000000;0.0292629990;114.9679942630;60000;10850.6308581530;3060000;59537;463
test;8;9;100;0.8000000000;0.0253007510;21.1704225240;10000;10850.6308581530;3060000;9754;246
train;8;9;100;0.8000000000;0.0242324240;220.4333457530;60000;11071.0642039060;3120000;;
test;8;9;100;0.8000000000;0.0330003800;122.6140143780;60000;11071.0642039060;3120000;59597;403
test;8;9;100;0.8000000000;0.0235550340;21.3132549630;10000;11071.0642039060;3120000;9747;253
train;8;9;100;0.8000000000;0.0229765600;213.1735049160;60000;11284.2377088220;3180000;;
test;8;9;100;0.8000000000;0.0289278480;123.3284088590;60000;11284.2377088220;3180000;59622;378
test;8;9;100;0.8000000000;0.0270078870;22.0734016050;10000;11284.2377088220;3180000;9762;238
train;8;9;100;0.8000000000;0.0252452530;209.9546441410;60000;11494.1923529630;3240000;;
test;8;9;100;0.8000000000;0.0269360990;121.5225908530;60000;11494.1923529630;3240000;59646;354
test;8;9;100;0.8000000000;0.0236232410;20.2649751810;10000;11494.1923529630;3240000;9751;249
train;8;9;100;0.8000000000;0.0247130690;217.6220764780;60000;11711.8144294410;3300000;;
test;8;9;100;0.8000000000;0.0271570490;119.8764607100;60000;11711.8144294410;3300000;59641;359
test;8;9;100;0.8000000000;0.0246507390;21.7211419040;10000;11711.8144294410;3300000;9752;248
train;8;9;100;0.8000000000;0.0228889810;217.1185244520;60000;11928.9329538930;3360000;;
test;8;9;100;0.8000000000;0.0249245180;122.7483010110;60000;11928.9329538930;3360000;59539;461
test;8;9;100;0.8000000000;0.0348053040;20.9539585240;10000;11928.9329538930;3360000;9736;264
train;8;9;100;0.8000000000;0.0250738880;196.3338288150;60000;12125.2667827080;3420000;;
test;8;9;100;0.8000000000;0.0254073720;111.3370210550;60000;12125.2667827080;3420000;59515;485
test;8;9;100;0.8000000000;0.0715361940;18.9211492710;10000;12125.2667827080;3420000;9731;269
train;8;9;100;0.8000000000;0.0237793600;199.0284295730;60000;12324.2952122810;3480000;;
test;8;9;100;0.8000000000;0.0258396460;118.4582238960;60000;12324.2952122810;3480000;59629;371
test;8;9;100;0.8000000000;0.0249656420;19.9929988010;10000;12324.2952122810;3480000;9770;230
train;8;9;100;0.8000000000;0.0240707630;218.6656924580;60000;12542.9609047390;3540000;;
test;8;9;100;0.8000000000;0.0302628720;120.7256951630;60000;12542.9609047390;3540000;59658;342
test;8;9;100;0.8000000000;0.0263040020;19.7965002410;10000;12542.9609047390;3540000;9755;245
train;8;9;100;0.8000000000;0.0289455530;218.8499702910;60000;12761.8108750300;3600000;;
test;8;9;100;0.8000000000;0.0324803600;122.7870376130;60000;12761.8108750300;3600000;59672;328
test;8;9;100;0.8000000000;0.0279795950;20.8751064780;10000;12761.8108750300;3600000;9761;239
train;8;9;100;0.8000000000;0.0227975260;214.5226893020;60000;12976.3335643320;3660000;;
test;8;9;100;0.8000000000;0.0233020880;122.8779651010;60000;12976.3335643320;3660000;59673;327
test;8;9;100;0.8000000000;0.0260789690;22.2857931090;10000;12976.3335643320;3660000;9748;252
train;8;9;100;0.8000000000;0.0232621310;219.2178591560;60000;13195.5514234880;3720000;;
test;8;9;100;0.8000000000;0.0269407230;125.1260876510;60000;13195.5514234880;3720000;59630;370
test;8;9;100;0.8000000000;0.0320207550;21.5090411790;10000;13195.5514234880;3720000;9765;235
train;8;9;100;0.8000000000;0.0251695910;218.0730121640;60000;13413.6244356520;3780000;;
test;8;9;100;0.8000000000;0.0242748800;121.4464826550;60000;13413.6244356520;3780000;59550;450
test;8;9;100;0.8000000000;0.0263206670;20.7947509540;10000;13413.6244356520;3780000;9770;230
train;8;9;100;0.8000000000;0.0244700780;215.8592330530;60000;13629.4836687050;3840000;;
test;8;9;100;0.8000000000;0.0288496010;120.8231385860;60000;13629.4836687050;3840000;59678;322
test;8;9;100;0.8000000000;0.0330815420;20.8761022270;10000;13629.4836687050;3840000;9747;253
train;8;9;100;0.8000000000;0.0244404550;207.8523851430;60000;13837.3360538480;3900000;;
test;8;9;100;0.8000000000;0.0234834140;113.2017649060;60000;13837.3360538480;3900000;59677;323
test;8;9;100;0.8000000000;0.0228793970;19.1498037500;10000;13837.3360538480;3900000;9762;238
train;8;9;100;0.8000000000;0.0224523330;219.1450733810;60000;14056.4811272290;3960000;;
test;8;9;100;0.8000000000;0.0323807400;116.6839450110;60000;14056.4811272290;3960000;59552;448
test;8;9;100;0.8000000000;0.0390839120;20.2125966700;10000;14056.4811272290;3960000;9740;260
train;8;9;100;0.8000000000;0.0382395730;221.2393273840;60000;14277.7204546130;4020000;;
test;8;9;100;0.8000000000;0.0231085960;122.0065094670;60000;14277.7204546130;4020000;59405;595
test;8;9;100;0.8000000000;0.0256444450;20.8960891200;10000;14277.7204546130;4020000;9725;275
train;8;9;100;0.8000000000;0.0230376000;215.3523652660;60000;14493.0728198790;4080000;;
test;8;9;100;0.8000000000;0.0316954790;123.5225523510;60000;14493.0728198790;4080000;59726;274
test;8;9;100;0.8000000000;0.0276091550;20.6902399200;10000;14493.0728198790;4080000;9754;246
train;8;9;100;0.8000000000;0.0251158410;218.9820385200;60000;14712.0548583990;4140000;;
test;8;9;100;0.8000000000;0.0267074000;123.8052466410;60000;14712.0548583990;4140000;59648;352
test;8;9;100;0.8000000000;0.0246621130;20.7106685860;10000;14712.0548583990;4140000;9766;234
train;8;9;100;0.8000000000;0.0242470480;214.2748541770;60000;14926.3297125760;4200000;;
test;8;9;100;0.8000000000;0.0235312020;118.3864744680;60000;14926.3297125760;4200000;59760;240
test;8;9;100;0.8000000000;0.0236863630;19.9627584270;10000;14926.3297125760;4200000;9767;233
train;8;9;100;0.8000000000;0.0263542470;220.5338518300;60000;15146.8635644060;4260000;;
test;8;9;100;0.8000000000;0.0263193760;124.8524851810;60000;15146.8635644060;4260000;59688;312
test;8;9;100;0.8000000000;0.0238624390;21.8098815720;10000;15146.8635644060;4260000;9758;242
train;8;9;100;0.8000000000;0.0239318110;204.6087563110;60000;15351.4723207170;4320000;;
test;8;9;100;0.8000000000;0.0266263630;110.6068253860;60000;15351.4723207170;4320000;59698;302
test;8;9;100;0.8000000000;0.0258490610;19.3076610060;10000;15351.4723207170;4320000;9750;250
train;8;9;100;0.8000000000;0.0268098550;195.9062374210;60000;15547.3785581380;4380000;;
test;8;9;100;0.8000000000;0.0267430660;115.3834957180;60000;15547.3785581380;4380000;59703;297
test;8;9;100;0.8000000000;0.0236472400;20.9688843060;10000;15547.3785581380;4380000;9761;239
train;8;9;100;0.8000000000;0.0233217550;222.1859875530;60000;15769.5645456910;4440000;;
test;8;9;100;0.8000000000;0.0264424960;123.6196098220;60000;15769.5645456910;4440000;59765;235
test;8;9;100;0.8000000000;0.0253144190;21.6856046760;10000;15769.5645456910;4440000;9763;237
train;8;9;100;0.8000000000;0.0229906430;215.1892773180;60000;15984.7538230090;4500000;;
test;8;9;100;0.8000000000;0.0248646460;122.8146589760;60000;15984.7538230090;4500000;59674;326
test;8;9;100;0.8000000000;0.0234424560;19.9030210620;10000;15984.7538230090;4500000;9745;255
train;8;9;100;0.8000000000;0.0232753390;220.3843119280;60000;16205.1381349370;4560000;;
test;8;9;100;0.8000000000;0.0287810610;113.2716347130;60000;16205.1381349370;4560000;59758;242
test;8;9;100;0.8000000000;0.0224955390;19.7197681820;10000;16205.1381349370;4560000;9758;242
train;8;9;100;0.8000000000;0.0241485940;215.5497159100;60000;16420.6878508470;4620000;;
test;8;9;100;0.8000000000;0.0260603430;120.0969014040;60000;16420.6878508470;4620000;59563;437
test;8;9;100;0.8000000000;0.0255939910;19.8639165240;10000;16420.6878508470;4620000;9752;248
train;8;9;100;0.8000000000;0.0259282680;211.0442576160;60000;16631.7321084630;4680000;;
test;8;9;100;0.8000000000;0.0314314910;125.0434214280;60000;16631.7321084630;4680000;59642;358
test;8;9;100;0.8000000000;0.0256826090;22.0319749960;10000;16631.7321084630;4680000;9745;255
train;8;9;100;0.8000000000;0.0233929990;211.1564944520;60000;16842.8886029150;4740000;;
test;8;9;100;0.8000000000;0.0302643320;122.7998875200;60000;16842.8886029150;4740000;59759;241
test;8;9;100;0.8000000000;0.0276397750;20.4596549430;10000;16842.8886029150;4740000;9755;245
train;8;9;100;0.8000000000;0.0250875940;212.1310190870;60000;17055.0196220020;4800000;;
test;8;9;100;0.8000000000;0.0297326470;124.8926163750;60000;17055.0196220020;4800000;59761;239
test;8;9;100;0.8000000000;0.0246247800;20.2045091780;10000;17055.0196220020;4800000;9752;248
train;8;9;100;0.8000000000;0.0225828690;218.7126471580;60000;17273.7322691600;4860000;;
test;8;9;100;0.8000000000;0.0227809020;124.4974940940;60000;17273.7322691600;4860000;59782;218
test;8;9;100;0.8000000000;0.0245383680;21.7533434450;10000;17273.7322691600;4860000;9767;233
train;8;9;100;0.8000000000;0.0245878240;216.5292778790;60000;17490.2615470390;4920000;;
test;8;9;100;0.8000000000;0.0273831640;114.4435623830;60000;17490.2615470390;4920000;59764;236
test;8;9;100;0.8000000000;0.0255112020;20.4838357430;10000;17490.2615470390;4920000;9756;244
train;8;9;100;0.8000000000;0.0233622090;214.2501401940;60000;17704.5116872330;4980000;;
test;8;9;100;0.8000000000;0.0304799070;112.7923778990;60000;17704.5116872330;4980000;59764;236
test;8;9;100;0.8000000000;0.0246863180;19.2004197110;10000;17704.5116872330;4980000;9752;248
train;8;9;100;0.8000000000;0.0224321670;196.5811082030;60000;17901.0927954360;5040000;;
test;8;9;100;0.8000000000;0.0263527920;111.4614713210;60000;17901.0927954360;5040000;59786;214
test;8;9;100;0.8000000000;0.0837868360;19.7605653590;10000;17901.0927954360;5040000;9758;242
train;8;9;100;0.8000000000;0.0247238200;219.7768133440;60000;18120.8696087800;5100000;;
test;8;9;100;0.8000000000;0.0229276430;121.8134480910;60000;18120.8696087800;5100000;59570;430
test;8;9;100;0.8000000000;0.0243884990;21.5987540500;10000;18120.8696087800;5100000;9736;264
train;8;9;100;0.8000000000;0.0244861210;215.7179107660;60000;18336.5875195460;5160000;;
test;8;9;100;0.8000000000;0.0261245100;120.8727997020;60000;18336.5875195460;5160000;59706;294
test;8;9;100;0.8000000000;0.0268361430;20.7978398620;10000;18336.5875195460;5160000;9734;266
train;8;9;100;0.8000000000;0.0244006660;221.3045819310;60000;18557.8921014770;5220000;;
test;8;9;100;0.8000000000;0.0266416100;117.6067519880;60000;18557.8921014770;5220000;59799;201
test;8;9;100;0.8000000000;0.0257445650;22.4036391550;10000;18557.8921014770;5220000;9758;242
train;8;9;100;0.8000000000;0.0286209010;215.1674298350;60000;18773.0595313120;5280000;;
test;8;9;100;0.8000000000;0.0285992350;121.8748190080;60000;18773.0595313120;5280000;57646;2354
test;8;9;100;0.8000000000;0.0279272240;21.2259220260;10000;18773.0595313120;5280000;9463;537
train;8;9;100;0.8000000000;0.0229485610;195.9085284080;60000;18968.9680597200;5340000;;
test;8;9;100;0.8000000000;0.0228103150;111.2246056570;60000;18968.9680597200;5340000;59589;411
test;8;9;100;0.8000000000;0.0249669740;19.5332119490;10000;18968.9680597200;5340000;9738;262
train;8;9;100;0.8000000000;0.0239309340;206.3707182150;60000;19175.3387779350;5400000;;
test;8;9;100;0.8000000000;0.0234394990;115.1425855440;60000;19175.3387779350;5400000;59789;211
test;8;9;100;0.8000000000;0.0253540420;19.9168652190;10000;19175.3387779350;5400000;9754;246
train;8;9;100;0.8000000000;0.0242536300;216.3342980430;60000;19391.6730759780;5460000;;
test;8;9;100;0.8000000000;0.0245452850;123.2466799310;60000;19391.6730759780;5460000;59816;184
test;8;9;100;0.8000000000;0.0259900980;21.4447724650;10000;19391.6730759780;5460000;9751;249
train;8;9;100;0.8000000000;0.0253116270;218.1546600410;60000;19609.8277360190;5520000;;
test;8;9;100;0.8000000000;0.0294142020;119.3323304170;60000;19609.8277360190;5520000;59751;249
test;8;9;100;0.8000000000;0.0303143280;22.5090374020;10000;19609.8277360190;5520000;9757;243
train;8;9;100;0.8000000000;0.0225237460;218.3209498140;60000;19828.1486858330;5580000;;
test;8;9;100;0.8000000000;0.0252867120;122.2376424230;60000;19828.1486858330;5580000;59808;192
test;8;9;100;0.8000000000;0.0237309010;20.5067754670;10000;19828.1486858330;5580000;9750;250
train;8;9;100;0.8000000000;0.0259576840;211.3722928920;60000;20039.5209787250;5640000;;
test;8;9;100;0.8000000000;0.0245997400;109.7706377870;60000;20039.5209787250;5640000;59624;376
test;8;9;100;0.8000000000;0.0230063090;19.1519087880;10000;20039.5209787250;5640000;9712;288
train;8;9;100;0.8000000000;0.0335440230;206.7704255110;60000;20246.2914042360;5700000;;
test;8;9;100;0.8000000000;0.0253342510;120.4347200990;60000;20246.2914042360;5700000;59797;203
test;8;9;100;0.8000000000;0.0236956540;21.4650431850;10000;20246.2914042360;5700000;9760;240
train;8;9;100;0.8000000000;0.0242407970;217.7690797720;60000;20464.0604840080;5760000;;
test;8;9;100;0.8000000000;0.0263086670;121.0604140220;60000;20464.0604840080;5760000;59749;251
test;8;9;100;0.8000000000;0.0305647360;19.6997044610;10000;20464.0604840080;5760000;9731;269
train;8;9;100;0.8000000000;0.0265745730;218.8629339830;60000;20682.9234179910;5820000;;
test;8;9;100;0.8000000000;0.0229913090;128.3607426290;60000;20682.9234179910;5820000;59751;249
test;8;9;100;0.8000000000;0.0271042580;22.1377957670;10000;20682.9234179910;5820000;9745;255
train;8;9;100;0.8000000000;0.0246214880;220.7174848580;60000;20903.6409028490;5880000;;
test;8;9;100;0.8000000000;0.0273022080;117.1866304120;60000;20903.6409028490;5880000;59586;414
test;8;9;100;0.8000000000;0.0248396880;19.0831207680;10000;20903.6409028490;5880000;9724;276
train;8;9;100;0.8000000000;0.0258778100;196.1984489740;60000;21099.8393518230;5940000;;
test;8;9;100;0.8000000000;0.0228535640;110.1361682090;60000;21099.8393518230;5940000;59831;169
test;8;9;100;0.8000000000;0.0243504580;18.7205405540;10000;21099.8393518230;5940000;9753;247
train;8;9;100;0.8000000000;0.0223228800;209.6732322880;60000;21309.5125841110;6000000;;
test;8;9;100;0.8000000000;0.0255644490;125.2986984010;60000;21309.5125841110;6000000;59698;302
test;8;9;100;0.8000000000;0.0258350210;21.2381021310;10000;21309.5125841110;6000000;9739;261
