Mode;CPUs;Parallel;WorkerBatch;LearningRate;WorkerSetupTime;EpochElapsedTime;EpochLines;TotalElapsedTime;TotalLines;Correct;Incorrect
train;8;11;100;0.8000000000;0.0314850720;209.2033367070;60000;209.2033367070;60000;;
test;8;11;100;0.8000000000;0.0277069820;120.1814924120;60000;209.2033367070;60000;50445;9555
test;8;11;100;0.8000000000;0.0339686730;20.6522503810;10000;209.2033367070;60000;8416;1584
train;8;11;100;0.8000000000;0.0299445120;209.2043823270;60000;418.4077190340;120000;;
test;8;11;100;0.8000000000;0.0315728170;121.0907237720;60000;418.4077190340;120000;54915;5085
test;8;11;100;0.8000000000;0.0299031800;19.7227261850;10000;418.4077190340;120000;9144;856
train;8;11;100;0.8000000000;0.0281778360;214.3264253950;60000;632.7341444290;180000;;
test;8;11;100;0.8000000000;0.0294197000;118.3747817120;60000;632.7341444290;180000;55935;4065
test;8;11;100;0.8000000000;0.0297706870;20.2695038630;10000;632.7341444290;180000;9321;679
train;8;11;100;0.8000000000;0.0297166890;212.2024789560;60000;844.9366233850;240000;;
test;8;11;100;0.8000000000;0.0303970330;118.0398765210;60000;844.9366233850;240000;56447;3553
test;8;11;100;0.8000000000;0.0273525820;20.3004485790;10000;844.9366233850;240000;9395;605
train;8;11;100;0.8000000000;0.0296535660;214.0172280290;60000;1058.9538514140;300000;;
test;8;11;100;0.8000000000;0.0302363340;119.8248149990;60000;1058.9538514140;300000;56103;3897
test;8;11;100;0.8000000000;0.0325406510;21.0231864430;10000;1058.9538514140;300000;9323;677
train;8;11;100;0.8000000000;0.0294439890;211.3561617460;60000;1270.3100131600;360000;;
test;8;11;100;0.8000000000;0.0308724310;120.6423467660;60000;1270.3100131600;360000;56980;3020
test;8;11;100;0.8000000000;0.0306626060;21.1747360080;10000;1270.3100131600;360000;9468;532
train;8;11;100;0.8000000000;0.0301021300;214.2603938450;60000;1484.5704070050;420000;;
test;8;11;100;0.8000000000;0.0318795110;113.9858284850;60000;1484.5704070050;420000;57426;2574
test;8;11;100;0.8000000000;0.0271290910;20.8436674920;10000;1484.5704070050;420000;9530;470
train;8;11;100;0.8000000000;0.0318608870;214.7480211240;60000;1699.3184281290;480000;;
test;8;11;100;0.8000000000;0.0314211990;118.3780393180;60000;1699.3184281290;480000;57603;2397
test;8;11;100;0.8000000000;0.0307828510;21.3071123920;10000;1699.3184281290;480000;9538;462
train;8;11;100;0.8000000000;0.0287249380;215.9178970950;60000;1915.2363252240;540000;;
test;8;11;100;0.8000000000;0.0279991350;123.1267670970;60000;1915.2363252240;540000;57787;2213
test;8;11;100;0.8000000000;0.0292417510;19.8463577750;10000;1915.2363252240;540000;9581;419
train;8;11;100;0.8000000000;0.0263931220;214.7440301690;60000;2129.9803553930;600000;;
test;8;11;100;0.8000000000;0.0322033330;125.0356191090;60000;2129.9803553930;600000;57769;2231
test;8;11;100;0.8000000000;0.0295954020;19.2878920590;10000;2129.9803553930;600000;9578;422
train;8;11;100;0.8000000000;0.0278651000;213.4626866730;60000;2343.4430420660;660000;;
test;8;11;100;0.8000000000;0.0323473250;122.7882323070;60000;2343.4430420660;660000;58161;1839
test;8;11;100;0.8000000000;0.0324323650;20.9206896170;10000;2343.4430420660;660000;9642;358
train;8;11;100;0.8000000000;0.0269753050;216.8469740980;60000;2560.2900161640;720000;;
test;8;11;100;0.8000000000;0.0313968240;120.7657954100;60000;2560.2900161640;720000;58164;1836
test;8;11;100;0.8000000000;0.0287604360;19.9117940240;10000;2560.2900161640;720000;9616;384
train;8;11;100;0.8000000000;0.0287059410;214.0623708490;60000;2774.3523870130;780000;;
test;8;11;100;0.8000000000;0.0340610030;120.7130680800;60000;2774.3523870130;780000;58174;1826
test;8;11;100;0.8000000000;0.0272747920;20.7384019450;10000;2774.3523870130;780000;9618;382
train;8;11;100;0.8000000000;0.0288580590;219.5274888360;60000;2993.8798758490;840000;;
test;8;11;100;0.8000000000;0.0349898790;124.0776167510;60000;2993.8798758490;840000;58334;1666
test;8;11;100;0.8000000000;0.0306706480;21.3622970770;10000;2993.8798758490;840000;9648;352
train;8;11;100;0.8000000000;0.0273661220;220.4917374590;60000;3214.3716133080;900000;;
test;8;11;100;0.8000000000;0.0348246780;120.6151698880;60000;3214.3716133080;900000;58370;1630
test;8;11;100;0.8000000000;0.0284915740;20.0867627910;10000;3214.3716133080;900000;9655;345
train;8;11;100;0.8000000000;0.0290248440;214.7394040770;60000;3429.1110173850;960000;;
test;8;11;100;0.8000000000;0.0345360240;120.7254769190;60000;3429.1110173850;960000;58471;1529
test;8;11;100;0.8000000000;0.0302532490;21.1756244300;10000;3429.1110173850;960000;9671;329
train;8;11;100;0.8000000000;0.0270106800;210.4639160470;60000;3639.5749334320;1020000;;
test;8;11;100;0.8000000000;0.0273124990;119.4178697970;60000;3639.5749334320;1020000;58564;1436
test;8;11;100;0.8000000000;0.0282493350;21.3785407990;10000;3639.5749334320;1020000;9675;325
train;8;11;100;0.8000000000;0.0390947050;217.0561981140;60000;3856.6311315460;1080000;;
test;8;11;100;0.8000000000;0.0329879250;120.9176735080;60000;3856.6311315460;1080000;58604;1396
test;8;11;100;0.8000000000;0.0268275200;21.1707502210;10000;3856.6311315460;1080000;9688;312
train;8;11;100;0.8000000000;0.0306620220;219.2566260770;60000;4075.8877576230;1140000;;
test;8;11;100;0.8000000000;0.0314688210;121.0323455150;60000;4075.8877576230;1140000;58723;1277
test;8;11;100;0.8000000000;0.0285007820;19.7920255560;10000;4075.8877576230;1140000;9697;303
train;8;11;100;0.8000000000;0.0294743640;217.2241152270;60000;4293.1118728500;1200000;;
test;8;11;100;0.8000000000;0.0307540610;119.4872534580;60000;4293.1118728500;1200000;58776;1224
test;8;11;100;0.8000000000;0.0321927090;19.7917695250;10000;4293.1118728500;1200000;9699;301
train;8;11;100;0.8000000000;0.0268112290;213.9562606350;60000;4507.0681334850;1260000;;
test;8;11;100;0.8000000000;0.0312742060;114.4515854120;60000;4507.0681334850;1260000;58888;1112
test;8;11;100;0.8000000000;0.0274822840;19.5845136330;10000;4507.0681334850;1260000;9696;304
train;8;11;100;0.8000000000;0.0277218570;197.4172874290;60000;4704.4854209140;1320000;;
test;8;11;100;0.8000000000;0.0274831590;112.6817528360;60000;4704.4854209140;1320000;58884;1116
test;8;11;100;0.8000000000;0.0304815730;19.6506864310;10000;4704.4854209140;1320000;9715;285
train;8;11;100;0.8000000000;0.0269923870;196.5498385850;60000;4901.0352594990;1380000;;
test;8;11;100;0.8000000000;0.0324875290;112.9821654730;60000;4901.0352594990;1380000;58624;1376
test;8;11;100;0.8000000000;0.0324291560;19.2067065270;10000;4901.0352594990;1380000;9675;325
train;8;11;100;0.8000000000;0.0276597740;218.1403265310;60000;5119.1755860300;1440000;;
test;8;11;100;0.8000000000;0.0352783670;119.3402988230;60000;5119.1755860300;1440000;58809;1191
test;8;11;100;0.8000000000;0.0294130770;19.6977524980;10000;5119.1755860300;1440000;9704;296
train;8;11;100;0.8000000000;0.0276464440;217.8230678000;60000;5336.9986538300;1500000;;
test;8;11;100;0.8000000000;0.0341886210;125.8970837040;60000;5336.9986538300;1500000;58909;1091
test;8;11;100;0.8000000000;0.0270717190;22.3600871000;10000;5336.9986538300;1500000;9713;287
train;8;11;100;0.8000000000;0.0329150920;214.4210438940;60000;5551.4196977240;1560000;;
test;8;11;100;0.8000000000;0.0332503280;114.2644336200;60000;5551.4196977240;1560000;59105;895
test;8;11;100;0.8000000000;0.0276655250;19.1306911910;10000;5551.4196977240;1560000;9738;262
train;8;11;100;0.8000000000;0.0272063380;194.6881991430;60000;5746.1078968670;1620000;;
test;8;11;100;0.8000000000;0.0276504850;109.1335168470;60000;5746.1078968670;1620000;59135;865
test;8;11;100;0.8000000000;0.0272990420;18.9276164120;10000;5746.1078968670;1620000;9733;267
train;8;11;100;0.8000000000;0.0303019140;214.5008126080;60000;5960.6087094750;1680000;;
test;8;11;100;0.8000000000;0.0288473500;119.3349051770;60000;5960.6087094750;1680000;59029;971
test;8;11;100;0.8000000000;0.0276307360;20.7813255270;10000;5960.6087094750;1680000;9725;275
train;8;11;100;0.8000000000;0.0304277400;216.1566908480;60000;6176.7654003230;1740000;;
test;8;11;100;0.8000000000;0.0300550080;120.7339125200;60000;6176.7654003230;1740000;59096;904
test;8;11;100;0.8000000000;0.0272288780;20.6291425760;10000;6176.7654003230;1740000;9724;276
train;8;11;100;0.8000000000;0.0299950510;218.6713325450;60000;6395.4367328680;1800000;;
test;8;11;100;0.8000000000;0.0280135540;125.6548080990;60000;6395.4367328680;1800000;59214;786
test;8;11;100;0.8000000000;0.0277744380;19.2857854380;10000;6395.4367328680;1800000;9717;283
train;8;11;100;0.8000000000;0.0289445140;208.4639901770;60000;6603.9007230450;1860000;;
test;8;11;100;0.8000000000;0.0297936450;122.3272238440;60000;6603.9007230450;1860000;59149;851
test;8;11;100;0.8000000000;0.0389610440;20.1557733430;10000;6603.9007230450;1860000;9720;280
train;8;11;100;0.8000000000;0.0309625110;214.5188652540;60000;6818.4195882990;1920000;;
test;8;11;100;0.8000000000;0.0282298780;120.0834776460;60000;6818.4195882990;1920000;59281;719
test;8;11;100;0.8000000000;0.0328757220;21.8711562850;10000;6818.4195882990;1920000;9735;265
train;8;11;100;0.8000000000;0.0289607630;213.1710226910;60000;7031.5906109900;1980000;;
test;8;11;100;0.8000000000;0.0343459500;117.8831544740;60000;7031.5906109900;1980000;59067;933
test;8;11;100;0.8000000000;0.0304668210;21.1934137500;10000;7031.5906109900;1980000;9706;294
train;8;11;100;0.8000000000;0.0322052080;217.2034222340;60000;7248.7940332240;2040000;;
test;8;11;100;0.8000000000;0.0342812010;118.5510157660;60000;7248.7940332240;2040000;59206;794
test;8;11;100;0.8000000000;0.0296845640;20.9054560970;10000;7248.7940332240;2040000;9701;299
train;8;11;100;0.8000000000;0.0310690870;218.9869357630;60000;7467.7809689870;2100000;;
test;8;11;100;0.8000000000;0.0323289910;122.3769001780;60000;7467.7809689870;2100000;59312;688
test;8;11;100;0.8000000000;0.0270895520;21.2083432400;10000;7467.7809689870;2100000;9736;264
train;8;11;100;0.8000000000;0.0292012930;207.2544708670;60000;7675.0354398540;2160000;;
test;8;11;100;0.8000000000;0.0272746680;109.9632501440;60000;7675.0354398540;2160000;59259;741
test;8;11;100;0.8000000000;0.0288741410;19.6228340380;10000;7675.0354398540;2160000;9718;282
train;8;11;100;0.8000000000;0.0286963150;212.7960418380;60000;7887.8314816920;2220000;;
test;8;11;100;0.8000000000;0.0279271820;114.2605897850;60000;7887.8314816920;2220000;59336;664
test;8;11;100;0.8000000000;0.0273800380;19.3652237550;10000;7887.8314816920;2220000;9745;255
train;8;11;100;0.8000000000;0.0297242300;210.0318420530;60000;8097.8633237450;2280000;;
test;8;11;100;0.8000000000;0.0325636500;122.2135015400;60000;8097.8633237450;2280000;59379;621
test;8;11;100;0.8000000000;0.0284904920;20.2195252860;10000;8097.8633237450;2280000;9724;276
train;8;11;100;0.8000000000;0.0271165060;204.3982795130;60000;8302.2616032580;2340000;;
test;8;11;100;0.8000000000;0.0275774060;111.7987695340;60000;8302.2616032580;2340000;59383;617
test;8;11;100;0.8000000000;0.0296244020;19.2668134590;10000;8302.2616032580;2340000;9737;263
train;8;11;100;0.8000000000;0.0267458150;195.7722796050;60000;8498.0338828630;2400000;;
test;8;11;100;0.8000000000;0.0309025140;115.4147080470;60000;8498.0338828630;2400000;59335;665
test;8;11;100;0.8000000000;0.0295809030;21.8968305630;10000;8498.0338828630;2400000;9743;257
train;8;11;100;0.8000000000;0.0290746740;213.8830517170;60000;8711.9169345800;2460000;;
test;8;11;100;0.8000000000;0.0308160990;119.8344973690;60000;8711.9169345800;2460000;59396;604
test;8;11;100;0.8000000000;0.0314094500;20.0372479900;10000;8711.9169345800;2460000;9731;269
train;8;11;100;0.8000000000;0.0277101910;198.8078270860;60000;8910.7247616660;2520000;;
test;8;11;100;0.8000000000;0.0319231360;120.7264953850;60000;8910.7247616660;2520000;59290;710
test;8;11;100;0.8000000000;0.0286798160;20.4633197850;10000;8910.7247616660;2520000;9727;273
train;8;11;100;0.8000000000;0.0294913660;214.5983438180;60000;9125.3231054840;2580000;;
test;8;11;100;0.8000000000;0.0311951260;119.7330297080;60000;9125.3231054840;2580000;59363;637
test;8;11;100;0.8000000000;0.0297164810;22.2693946010;10000;9125.3231054840;2580000;9738;262
train;8;11;100;0.8000000000;0.0270248440;211.0602376070;60000;9336.3833430910;2640000;;
test;8;11;100;0.8000000000;0.0280936750;119.6098671420;60000;9336.3833430910;2640000;59476;524
test;8;11;100;0.8000000000;0.0303862440;21.3181380040;10000;9336.3833430910;2640000;9741;259
train;8;11;100;0.8000000000;0.0271075920;216.8093289100;60000;9553.1926720010;2700000;;
test;8;11;100;0.8000000000;0.0352119530;122.2061523140;60000;9553.1926720010;2700000;59354;646
test;8;11;100;0.8000000000;0.0379652530;21.1560004730;10000;9553.1926720010;2700000;9733;267
train;8;11;100;0.8000000000;0.0271186310;214.9943242690;60000;9768.1869962700;2760000;;
test;8;11;100;0.8000000000;0.0294111600;120.3293703080;60000;9768.1869962700;2760000;59495;505
test;8;11;100;0.8000000000;0.0275100760;21.0785580340;10000;9768.1869962700;2760000;9752;248
train;8;11;100;0.8000000000;0.0291978760;220.8582574630;60000;9989.0452537330;2820000;;
test;8;11;100;0.8000000000;0.0320727960;119.4342220650;60000;9989.0452537330;2820000;59407;593
test;8;11;100;0.8000000000;0.0283169550;20.7424012300;10000;9989.0452537330;2820000;9740;260
train;8;11;100;0.8000000000;0.0272682090;216.2218431520;60000;10205.2670968850;2880000;;
test;8;11;100;0.8000000000;0.0359810470;122.1991411580;60000;10205.2670968850;2880000;59325;675
test;8;11;100;0.8000000000;0.0271111330;20.5100313310;10000;10205.2670968850;2880000;9711;289
train;8;11;100;0.8000000000;0.0288416010;214.0321352250;60000;10419.2992321100;2940000;;
test;8;11;100;0.8000000000;0.0317746430;124.0268280060;60000;10419.2992321100;2940000;59515;485
test;8;11;100;0.8000000000;0.0296975220;19.4813959550;10000;10419.2992321100;2940000;9724;276
train;8;11;100;0.8000000000;0.0269893480;217.8630268770;60000;10637.1622589870;3000000;;
test;8;11;100;0.8000000000;0.0272540020;121.7376552500;60000;10637.1622589870;3000000;59003;997
test;8;11;100;0.8000000000;0.0310768390;20.4666163940;10000;10637.1622589870;3000000;9663;337
train;8;11;100;0.8000000000;0.0274329950;214.2554138490;60000;10851.4176728360;3060000;;
test;8;11;100;0.8000000000;0.0304398660;116.6007698150;60000;10851.4176728360;3060000;59574;426
test;8;11;100;0.8000000000;0.0296370660;21.0862379550;10000;10851.4176728360;3060000;9749;251
train;8;11;100;0.8000000000;0.0278695180;215.7477294050;60000;11067.1654022410;3120000;;
test;8;11;100;0.8000000000;0.0271975040;122.7174563730;60000;11067.1654022410;3120000;59524;476
test;8;11;100;0.8000000000;0.0286887300;20.3872995320;10000;11067.1654022410;3120000;9741;259
train;8;11;100;0.8000000000;0.0276658160;212.2727386550;60000;11279.4381408960;3180000;;
test;8;11;100;0.8000000000;0.0325599830;120.5024634170;60000;11279.4381408960;3180000;59619;381
test;8;11;100;0.8000000000;0.0294969890;21.6786249700;10000;11279.4381408960;3180000;9758;242
train;8;11;100;0.8000000000;0.0270700530;219.5625871690;60000;11499.0007280650;3240000;;
test;8;11;100;0.8000000000;0.0349273400;109.3929488500;60000;11499.0007280650;3240000;59456;544
test;8;11;100;0.8000000000;0.0621719680;19.0773542230;10000;11499.0007280650;3240000;9733;267
train;8;11;100;0.8000000000;0.0278789330;194.7875901410;60000;11693.7883182060;3300000;;
test;8;11;100;0.8000000000;0.0306129850;112.5484065340;60000;11693.7883182060;3300000;59569;431
test;8;11;100;0.8000000000;0.0286171520;19.2364739220;10000;11693.7883182060;3300000;9739;261
train;8;11;100;0.8000000000;0.0316703540;209.9980978740;60000;11903.7864160800;3360000;;
test;8;11;100;0.8000000000;0.0355452300;120.9688739800;60000;11903.7864160800;3360000;59459;541
test;8;11;100;0.8000000000;0.0342594520;20.4858627370;10000;11903.7864160800;3360000;9726;274
train;8;11;100;0.8000000000;0.0295717370;211.4733894070;60000;12115.2598054870;3420000;;
test;8;11;100;0.8000000000;0.0314980710;123.8992500420;60000;12115.2598054870;3420000;59578;422
test;8;11;100;0.8000000000;0.0368643390;20.1240311150;10000;12115.2598054870;3420000;9752;248
train;8;11;100;0.8000000000;0.0273151660;210.4349644920;60000;12325.6947699790;3480000;;
test;8;11;100;0.8000000000;0.0305569020;119.5130246930;60000;12325.6947699790;3480000;59603;397
test;8;11;100;0.8000000000;0.0398340890;19.1720748850;10000;12325.6947699790;3480000;9750;250
train;8;11;100;0.8000000000;0.0305600280;212.2058425550;60000;12537.9006125340;3540000;;
test;8;11;100;0.8000000000;0.0322967880;117.0118403750;60000;12537.9006125340;3540000;59554;446
test;8;11;100;0.8000000000;0.0299368460;21.1081533130;10000;12537.9006125340;3540000;9749;251
train;8;11;100;0.8000000000;0.0303864920;214.9777198570;60000;12752.8783323910;3600000;;
test;8;11;100;0.8000000000;0.0318371790;121.8838510840;60000;12752.8783323910;3600000;59579;421
test;8;11;100;0.8000000000;0.0287741860;21.5037897740;10000;12752.8783323910;3600000;9750;250
train;8;11;100;0.8000000000;0.0310632960;213.8084373190;60000;12966.6867697100;3660000;;
test;8;11;100;0.8000000000;0.0317632660;108.4987483880;60000;12966.6867697100;3660000;59665;335
test;8;11;100;0.8000000000;0.0290997150;18.6563604630;10000;12966.6867697100;3660000;9755;245
train;8;11;100;0.8000000000;0.0286780670;195.8355254440;60000;13162.5222951540;3720000;;
test;8;11;100;0.8000000000;0.0292393340;109.2651439800;60000;13162.5222951540;3720000;59424;576
test;8;11;100;0.8000000000;0.0312058340;18.9495460190;10000;13162.5222951540;3720000;9740;260
train;8;11;100;0.8000000000;0.0285038660;214.0944702650;60000;13376.6167654190;3780000;;
test;8;11;100;0.8000000000;0.0340020060;122.0521601010;60000;13376.6167654190;3780000;59597;403
test;8;11;100;0.8000000000;0.0280779270;21.3651386600;10000;13376.6167654190;3780000;9760;240
train;8;11;100;0.8000000000;0.0274198290;213.8834867440;60000;13590.5002521630;3840000;;
test;8;11;100;0.8000000000;0.0277635650;114.5661115210;60000;13590.5002521630;3840000;59539;461
test;8;11;100;0.8000000000;0.0311981680;19.0986911420;10000;13590.5002521630;3840000;9751;249
train;8;11;100;0.8000000000;0.0297933110;194.5502896560;60000;13785.0505418190;3900000;;
test;8;11;100;0.8000000000;0.0284164100;109.0653375930;60000;13785.0505418190;3900000;59625;375
test;8;11;100;0.8000000000;0.0270641770;19.0590420480;10000;13785.0505418190;3900000;9749;251
train;8;11;100;0.8000000000;0.0274329110;212.8238796920;60000;13997.8744215110;3960000;;
test;8;11;100;0.8000000000;0.0421976560;119.7966032450;60000;13997.8744215110;3960000;59532;468
test;8;11;100;0.8000000000;0.0368431750;21.2230259870;10000;13997.8744215110;3960000;9739;261
train;8;11;100;0.8000000000;0.0293085380;216.9146433310;60000;14214.7890648420;4020000;;
test;8;11;100;0.8000000000;0.0338291380;122.4473491320;60000;14214.7890648420;4020000;59451;549
test;8;11;100;0.8000000000;0.0274106620;20.0307252290;10000;14214.7890648420;4020000;9733;267
train;8;11;100;0.8000000000;0.0272438360;217.4159988130;60000;14432.2050636550;4080000;;
test;8;11;100;0.8000000000;0.0333465740;118.3922512180;60000;14432.2050636550;4080000;59651;349
test;8;11;100;0.8000000000;0.0294036610;21.1865022550;10000;14432.2050636550;4080000;9749;251
train;8;11;100;0.8000000000;0.0295652370;214.4285459480;60000;14646.6336096030;4140000;;
test;8;11;100;0.8000000000;0.0277611890;127.7505427010;60000;14646.6336096030;4140000;59677;323
test;8;11;100;0.8000000000;0.0359444240;20.4238611410;10000;14646.6336096030;4140000;9754;246
train;8;11;100;0.8000000000;0.0310145080;212.8607570260;60000;14859.4943666290;4200000;;
test;8;11;100;0.8000000000;0.0334794040;117.9985266290;60000;14859.4943666290;4200000;59650;350
test;8;11;100;0.8000000000;0.0321906240;20.0811750320;10000;14859.4943666290;4200000;9759;241
train;8;11;100;0.8000000000;0.0313222450;216.7675816950;60000;15076.2619483240;4260000;;
test;8;11;100;0.8000000000;0.0391350350;121.2203811860;60000;15076.2619483240;4260000;59692;308
test;8;11;100;0.8000000000;0.0402559890;19.5627791460;10000;15076.2619483240;4260000;9758;242
train;8;11;100;0.8000000000;0.0295741520;220.1396085900;60000;15296.4015569140;4320000;;
test;8;11;100;0.8000000000;0.0324903190;121.7061346810;60000;15296.4015569140;4320000;59602;398
test;8;11;100;0.8000000000;0.0316665220;20.3608922460;10000;15296.4015569140;4320000;9738;262
train;8;11;100;0.8000000000;0.0295750290;217.0759615170;60000;15513.4775184310;4380000;;
test;8;11;100;0.8000000000;0.0276611490;124.7023839680;60000;15513.4775184310;4380000;59533;467
test;8;11;100;0.8000000000;0.0299983440;20.3836925200;10000;15513.4775184310;4380000;9736;264
train;8;11;100;0.8000000000;0.0266126130;215.2222178220;60000;15728.6997362530;4440000;;
test;8;11;100;0.8000000000;0.0318947630;116.7786281750;60000;15728.6997362530;4440000;59668;332
test;8;11;100;0.8000000000;0.0294046180;19.7831319780;10000;15728.6997362530;4440000;9749;251
train;8;11;100;0.8000000000;0.0287255650;213.3213790910;60000;15942.0211153440;4500000;;
test;8;11;100;0.8000000000;0.0340755430;119.2135569050;60000;15942.0211153440;4500000;59617;383
test;8;11;100;0.8000000000;0.0311645440;19.8620893100;10000;15942.0211153440;4500000;9747;253
train;8;11;100;0.8000000000;0.0287081890;216.6554567750;60000;16158.6765721190;4560000;;
test;8;11;100;0.8000000000;0.0316398130;122.0474707600;60000;16158.6765721190;4560000;59640;360
test;8;11;100;0.8000000000;0.0329031340;20.7166986650;10000;16158.6765721190;4560000;9747;253
train;8;11;100;0.8000000000;0.0271230480;217.5741106000;60000;16376.2506827190;4620000;;
test;8;11;100;0.8000000000;0.0347381390;121.9010250610;60000;16376.2506827190;4620000;59727;273
test;8;11;100;0.8000000000;0.0273943720;20.2336703520;10000;16376.2506827190;4620000;9743;257
train;8;11;100;0.8000000000;0.0295344440;203.0856284050;60000;16579.3363111240;4680000;;
test;8;11;100;0.8000000000;0.0273733300;109.0418774760;60000;16579.3363111240;4680000;59648;352
test;8;11;100;0.8000000000;0.0289925950;18.8560931780;10000;16579.3363111240;4680000;9738;262
train;8;11;100;0.8000000000;0.0267144420;194.1312108630;60000;16773.4675219870;4740000;;
test;8;11;100;0.8000000000;0.0327030620;113.3689413540;60000;16773.4675219870;4740000;59403;597
test;8;11;100;0.8000000000;0.0311827100;20.6083540470;10000;16773.4675219870;4740000;9721;279
train;8;11;100;0.8000000000;0.0295356530;216.8637797530;60000;16990.3313017400;4800000;;
test;8;11;100;0.8000000000;0.0346429770;122.6544244010;60000;16990.3313017400;4800000;59483;517
test;8;11;100;0.8000000000;0.0288433080;20.5703011280;10000;16990.3313017400;4800000;9735;265
train;8;11;100;0.8000000000;0.0270423440;208.2470691140;60000;17198.5783708540;4860000;;
test;8;11;100;0.8000000000;0.0352915760;111.9620390960;60000;17198.5783708540;4860000;59717;283
test;8;11;100;0.8000000000;0.0270576340;19.3669552640;10000;17198.5783708540;4860000;9741;259
train;8;11;100;0.8000000000;0.0271743400;198.7539289720;60000;17397.3322998260;4920000;;
test;8;11;100;0.8000000000;0.0319258870;122.5240167340;60000;17397.3322998260;4920000;59739;261
test;8;11;100;0.8000000000;0.0363664860;21.0311822680;10000;17397.3322998260;4920000;9757;243
train;8;11;100;0.8000000000;0.0271915880;215.0587423920;60000;17612.3910422180;4980000;;
test;8;11;100;0.8000000000;0.0310007590;121.1220006840;60000;17612.3910422180;4980000;59729;271
test;8;11;100;0.8000000000;0.0276214450;21.8462006470;10000;17612.3910422180;4980000;9759;241
train;8;11;100;0.8000000000;0.0270658010;215.5650898800;60000;17827.9561320980;5040000;;
test;8;11;100;0.8000000000;0.0278233940;120.4306695230;60000;17827.9561320980;5040000;59771;229
test;8;11;100;0.8000000000;0.0394007730;19.9738467040;10000;17827.9561320980;5040000;9751;249
train;8;11;100;0.8000000000;0.0279013900;212.1226919390;60000;18040.0788240370;5100000;;
test;8;11;100;0.8000000000;0.0308238480;119.6154096150;60000;18040.0788240370;5100000;59598;402
test;8;11;100;0.8000000000;0.0344562760;20.8215737660;10000;18040.0788240370;5100000;9749;251
train;8;11;100;0.8000000000;0.0275111150;215.1966324110;60000;18255.2754564480;5160000;;
test;8;11;100;0.8000000000;0.0315149040;118.5582040760;60000;18255.2754564480;5160000;59731;269
test;8;11;100;0.8000000000;0.0318868860;21.0006994030;10000;18255.2754564480;5160000;9758;242
train;8;11;100;0.8000000000;0.0285270720;218.4218752890;60000;18473.6973317370;5220000;;
test;8;11;100;0.8000000000;0.0318295150;115.1910652270;60000;18473.6973317370;5220000;59445;555
test;8;11;100;0.8000000000;0.0300574220;21.3453331350;10000;18473.6973317370;5220000;9715;285
train;8;11;100;0.8000000000;0.0290466740;212.4949083320;60000;18686.1922400690;5280000;;
test;8;11;100;0.8000000000;0.0277468960;125.4807559520;60000;18686.1922400690;5280000;59777;223
test;8;11;100;0.8000000000;0.0277339400;21.6995737880;10000;18686.1922400690;5280000;9757;243
train;8;11;100;0.8000000000;0.0279365990;216.5353157480;60000;18902.7275558170;5340000;;
test;8;11;100;0.8000000000;0.0281172960;122.3576332130;60000;18902.7275558170;5340000;59717;283
test;8;11;100;0.8000000000;0.0291937940;21.1657856830;10000;18902.7275558170;5340000;9745;255
train;8;11;100;0.8000000000;0.0269743050;211.7034943210;60000;19114.4310501380;5400000;;
test;8;11;100;0.8000000000;0.0301114200;121.2322538930;60000;19114.4310501380;5400000;59754;246
test;8;11;100;0.8000000000;0.0287790620;21.1665948540;10000;19114.4310501380;5400000;9758;242
train;8;11;100;0.8000000000;0.0291888360;196.3130112840;60000;19310.7440614220;5460000;;
test;8;11;100;0.8000000000;0.0322535800;109.0886725990;60000;19310.7440614220;5460000;59763;237
test;8;11;100;0.8000000000;0.0278215180;19.0129441840;10000;19310.7440614220;5460000;9766;234
train;8;11;100;0.8000000000;0.0266563210;198.4017739010;60000;19509.1458353230;5520000;;
test;8;11;100;0.8000000000;0.0281597980;120.7863563160;60000;19509.1458353230;5520000;59788;212
test;8;11;100;0.8000000000;0.0273766630;20.3849735100;10000;19509.1458353230;5520000;9753;247
train;8;11;100;0.8000000000;0.0287570630;214.1809055790;60000;19723.3267409020;5580000;;
test;8;11;100;0.8000000000;0.0286093600;121.6188584100;60000;19723.3267409020;5580000;59641;359
test;8;11;100;0.8000000000;0.0272207120;19.9018254500;10000;19723.3267409020;5580000;9738;262
train;8;11;100;0.8000000000;0.0270609260;221.6017071890;60000;19944.9284480910;5640000;;
test;8;11;100;0.8000000000;0.0280657990;121.5386656270;60000;19944.9284480910;5640000;59491;509
test;8;11;100;0.8000000000;0.0293622450;21.9043020380;10000;19944.9284480910;5640000;9716;284
train;8;11;100;0.8000000000;0.0274786600;203.0761965950;60000;20148.0046446860;5700000;;
test;8;11;100;0.8000000000;0.0273990360;110.6817913900;60000;20148.0046446860;5700000;59662;338
test;8;11;100;0.8000000000;0.0290258860;19.6044740290;10000;20148.0046446860;5700000;9732;268
train;8;11;100;0.8000000000;0.0289768450;186.9879743790;60000;20334.9926190650;5760000;;
test;8;11;100;0.8000000000;0.0276300690;112.4407500130;60000;20334.9926190650;5760000;59766;234
test;8;11;100;0.8000000000;0.0296710660;19.6109994590;10000;20334.9926190650;5760000;9761;239
train;8;11;100;0.8000000000;0.0234932460;192.5763583060;60000;20527.5689773710;5820000;;
test;8;11;100;0.8000000000;0.0289441390;114.6692844810;60000;20527.5689773710;5820000;59682;318
test;8;11;100;0.8000000000;0.0228563570;19.3570190630;10000;20527.5689773710;5820000;9732;268
train;8;11;100;0.8000000000;0.0238252730;189.0238410860;60000;20716.5928184570;5880000;;
test;8;11;100;0.8000000000;0.0319314680;110.5796760080;60000;20716.5928184570;5880000;59802;198
test;8;11;100;0.8000000000;0.0227353190;19.9411330960;10000;20716.5928184570;5880000;9746;254
train;8;11;100;0.8000000000;0.0245346190;185.3877346390;60000;20901.9805530960;5940000;;
test;8;11;100;0.8000000000;0.0316588550;111.1184485310;60000;20901.9805530960;5940000;59674;326
test;8;11;100;0.8000000000;0.0270090120;17.3138822940;10000;20901.9805530960;5940000;9740;260
train;8;11;100;0.8000000000;0.0247641100;175.0754695090;60000;21077.0560226050;6000000;;
test;8;11;100;0.8000000000;0.0307459370;108.0690644670;60000;21077.0560226050;6000000;59800;200
test;8;11;100;0.8000000000;0.0258232300;20.1791102630;10000;21077.0560226050;6000000;9761;239
