Mode;CPUs;Parallel;WorkerBatch;LearningRate;WorkerSetupTime;EpochElapsedTime;EpochLines;TotalElapsedTime;TotalLines;Correct;Incorrect
train;8;2;100;0.1000000000;0.0061560700;563.0154412620;60000;563.0154412620;60000;;
test;8;2;100;0.1000000000;0.0110547360;268.9542393530;60000;563.0154412620;60000;45611;14389
test;8;2;100;0.1000000000;0.0112000630;58.7345712060;10000;563.0154412620;60000;7612;2388
train;8;2;100;0.1000000000;0.0095551750;705.5263564210;60000;1268.5417976830;120000;;
test;8;2;100;0.1000000000;0.0078065830;261.5264708660;60000;1268.5417976830;120000;52099;7901
test;8;2;100;0.1000000000;0.0068522910;40.3176382650;10000;1268.5417976830;120000;8722;1278
train;8;2;100;0.1000000000;0.0074548480;563.4117185010;60000;1831.9535161840;180000;;
test;8;2;100;0.1000000000;0.0073363530;225.9418620840;60000;1831.9535161840;180000;53947;6053
test;8;2;100;0.1000000000;0.0098185810;64.6656800790;10000;1831.9535161840;180000;9027;973
train;8;2;100;0.1000000000;0.0079992000;565.0959926870;60000;2397.0495088710;240000;;
test;8;2;100;0.1000000000;0.0055783870;247.3742963200;60000;2397.0495088710;240000;54265;5735
test;8;2;100;0.1000000000;0.0090176560;39.5641639630;10000;2397.0495088710;240000;9071;929
train;8;2;100;0.1000000000;0.0085209690;572.7470054950;60000;2969.7965143660;300000;;
test;8;2;100;0.1000000000;0.0090714460;251.0836511450;60000;2969.7965143660;300000;54580;5420
test;8;2;100;0.1000000000;0.0071144050;39.6048207640;10000;2969.7965143660;300000;9121;879
train;8;2;100;0.1000000000;0.0070932390;551.7483278870;60000;3521.5448422530;360000;;
test;8;2;100;0.1000000000;0.0079556600;254.7152016580;60000;3521.5448422530;360000;54941;5059
test;8;2;100;0.1000000000;0.0070140760;64.9812330840;10000;3521.5448422530;360000;9155;845
train;8;2;100;0.1000000000;0.0078229160;629.2282587740;60000;4150.7731010270;420000;;
test;8;2;100;0.1000000000;0.0064098940;253.1852686260;60000;4150.7731010270;420000;55198;4802
test;8;2;100;0.1000000000;0.0068472900;49.8956109460;10000;4150.7731010270;420000;9195;805
train;8;2;100;0.1000000000;0.0069846180;647.9444655790;60000;4798.7175666060;480000;;
test;8;2;100;0.1000000000;0.0057707110;239.9901622440;60000;4798.7175666060;480000;55479;4521
test;8;2;100;0.1000000000;0.0060761990;41.7432172150;10000;4798.7175666060;480000;9251;749
train;8;2;100;0.1000000000;0.0073482280;643.7369968040;60000;5442.4545634100;540000;;
test;8;2;100;0.1000000000;0.0073111030;244.4223021590;60000;5442.4545634100;540000;55672;4328
test;8;2;100;0.1000000000;0.0079024960;50.0135562360;10000;5442.4545634100;540000;9252;748
train;8;2;100;0.1000000000;0.0084422640;659.6801688080;60000;6102.1347322180;600000;;
test;8;2;100;0.1000000000;0.0080253650;280.8185443260;60000;6102.1347322180;600000;55868;4132
test;8;2;100;0.1000000000;0.0140000260;60.4918286570;10000;6102.1347322180;600000;9302;698
train;8;2;100;0.1000000000;0.0078715810;676.1282515240;60000;6778.2629837420;660000;;
test;8;2;100;0.1000000000;0.0065994680;321.3567510010;60000;6778.2629837420;660000;55923;4077
test;8;2;100;0.1000000000;0.0067992920;58.4204948000;10000;6778.2629837420;660000;9317;683
train;8;2;100;0.1000000000;0.0080915700;573.0115091900;60000;7351.2744929320;720000;;
test;8;2;100;0.1000000000;0.0087445850;268.7633000610;60000;7351.2744929320;720000;56146;3854
test;8;2;100;0.1000000000;0.0068888310;44.7211231990;10000;7351.2744929320;720000;9336;664
train;8;2;100;0.1000000000;0.0070172840;583.4532113790;60000;7934.7277043110;780000;;
test;8;2;100;0.1000000000;0.0065981340;365.9997305810;60000;7934.7277043110;780000;56253;3747
test;8;2;100;0.1000000000;0.0086764220;36.3700537580;10000;7934.7277043110;780000;9366;634
train;8;2;100;0.1000000000;0.0145862510;611.5154079660;60000;8546.2431122770;840000;;
test;8;2;100;0.1000000000;0.0095716330;242.3827567860;60000;8546.2431122770;840000;56431;3569
test;8;2;100;0.1000000000;0.0071216540;52.3875002010;10000;8546.2431122770;840000;9378;622
train;8;2;100;0.1000000000;0.0105515900;579.6987898060;60000;9125.9419020830;900000;;
test;8;2;100;0.1000000000;0.0069406630;287.1405139820;60000;9125.9419020830;900000;56538;3462
test;8;2;100;0.1000000000;0.0072497720;61.3275909790;10000;9125.9419020830;900000;9396;604
train;8;2;100;0.1000000000;0.0116673760;570.8744038940;60000;9696.8163059770;960000;;
test;8;2;100;0.1000000000;0.0085719670;240.3957295970;60000;9696.8163059770;960000;56479;3521
test;8;2;100;0.1000000000;0.0089654090;39.5841256080;10000;9696.8163059770;960000;9395;605
train;8;2;100;0.1000000000;0.0057853770;580.5161740530;60000;10277.3324800300;1020000;;
test;8;2;100;0.1000000000;0.0116930430;222.1364681620;60000;10277.3324800300;1020000;56751;3249
test;8;2;100;0.1000000000;0.0126012110;51.1945636010;10000;10277.3324800300;1020000;9426;574
train;8;2;100;0.1000000000;0.0079912420;547.2854594070;60000;10824.6179394370;1080000;;
test;8;2;100;0.1000000000;0.0072051090;262.4306236590;60000;10824.6179394370;1080000;56878;3122
test;8;2;100;0.1000000000;0.0079558690;43.7248701550;10000;10824.6179394370;1080000;9453;547
train;8;2;100;0.1000000000;0.0058234610;560.2162604220;60000;11384.8341998590;1140000;;
test;8;2;100;0.1000000000;0.0056654240;278.2599972140;60000;11384.8341998590;1140000;56913;3087
test;8;2;100;0.1000000000;0.0071519450;50.2570641670;10000;11384.8341998590;1140000;9442;558
train;8;2;100;0.1000000000;0.0061552790;560.4461750190;60000;11945.2803748780;1200000;;
test;8;2;100;0.1000000000;0.0070612820;232.4981500340;60000;11945.2803748780;1200000;57071;2929
test;8;2;100;0.1000000000;0.0114873840;40.0423755680;10000;11945.2803748780;1200000;9470;530
train;8;2;100;0.1000000000;0.0105705070;579.0248207130;60000;12524.3051955910;1260000;;
test;8;2;100;0.1000000000;0.0054757250;257.4398620900;60000;12524.3051955910;1260000;57167;2833
test;8;2;100;0.1000000000;0.0078229570;38.3131819710;10000;12524.3051955910;1260000;9490;510
train;8;2;100;0.1000000000;0.0077099200;544.7885984400;60000;13069.0937940310;1320000;;
test;8;2;100;0.1000000000;0.0069968260;267.8236521260;60000;13069.0937940310;1320000;57115;2885
test;8;2;100;0.1000000000;0.0067176300;42.3778630930;10000;13069.0937940310;1320000;9483;517
train;8;2;100;0.1000000000;0.0081620260;542.4998119120;60000;13611.5936059430;1380000;;
test;8;2;100;0.1000000000;0.0070963630;244.6445146690;60000;13611.5936059430;1380000;57282;2718
test;8;2;100;0.1000000000;0.0066061760;44.7388744460;10000;13611.5936059430;1380000;9486;514
train;8;2;100;0.1000000000;0.0075598030;540.8544237010;60000;14152.4480296440;1440000;;
test;8;2;100;0.1000000000;0.0066435500;374.7046496240;60000;14152.4480296440;1440000;57422;2578
test;8;2;100;0.1000000000;0.0133491790;43.4558796030;10000;14152.4480296440;1440000;9526;474
train;8;2;100;0.1000000000;0.0086217990;693.0647161870;60000;14845.5127458310;1500000;;
test;8;2;100;0.1000000000;0.0068620820;337.6956307520;60000;14845.5127458310;1500000;57449;2551
test;8;2;100;0.1000000000;0.0058264170;56.4262177750;10000;14845.5127458310;1500000;9510;490
train;8;2;100;0.1000000000;0.0081043190;549.7404248490;60000;15395.2531706800;1560000;;
test;8;2;100;0.1000000000;0.0068647490;257.7749178220;60000;15395.2531706800;1560000;57576;2424
test;8;2;100;0.1000000000;0.0145494210;39.4544968970;10000;15395.2531706800;1560000;9525;475
train;8;2;100;0.1000000000;0.0090089480;578.9353452500;60000;15974.1885159300;1620000;;
test;8;2;100;0.1000000000;0.0065683870;278.6751090910;60000;15974.1885159300;1620000;57615;2385
test;8;2;100;0.1000000000;0.0086990450;46.6604361200;10000;15974.1885159300;1620000;9528;472
train;8;2;100;0.1000000000;0.0055658450;548.4219734120;60000;16522.6104893420;1680000;;
test;8;2;100;0.1000000000;0.0055654290;254.6977696910;60000;16522.6104893420;1680000;57681;2319
test;8;2;100;0.1000000000;0.0096155900;46.2285507840;10000;16522.6104893420;1680000;9554;446
train;8;2;100;0.1000000000;0.0071826520;554.0570178970;60000;17076.6675072390;1740000;;
test;8;2;100;0.1000000000;0.0057166730;277.0025586360;60000;17076.6675072390;1740000;57731;2269
test;8;2;100;0.1000000000;0.0081009460;53.9355988350;10000;17076.6675072390;1740000;9547;453
train;8;2;100;0.1000000000;0.0075958000;560.2267211450;60000;17636.8942283840;1800000;;
test;8;2;100;0.1000000000;0.0066541320;241.3455956720;60000;17636.8942283840;1800000;57782;2218
test;8;2;100;0.1000000000;0.0083745180;49.5285468400;10000;17636.8942283840;1800000;9566;434
train;8;2;100;0.1000000000;0.0105248430;533.6866889690;60000;18170.5809173530;1860000;;
test;8;2;100;0.1000000000;0.0066523410;292.9006813290;60000;18170.5809173530;1860000;57843;2157
test;8;2;100;0.1000000000;0.0068215420;55.9614191830;10000;18170.5809173530;1860000;9585;415
train;8;2;100;0.1000000000;0.0112436860;561.3269148470;60000;18731.9078322000;1920000;;
test;8;2;100;0.1000000000;0.0115848380;229.9700603170;60000;18731.9078322000;1920000;57898;2102
test;8;2;100;0.1000000000;0.0147930340;44.1818481190;10000;18731.9078322000;1920000;9575;425
train;8;2;100;0.1000000000;0.0082735220;653.7753977760;60000;19385.6832299760;1980000;;
test;8;2;100;0.1000000000;0.0145117140;239.5157450860;60000;19385.6832299760;1980000;57941;2059
test;8;2;100;0.1000000000;0.0056810070;43.8311396930;10000;19385.6832299760;1980000;9585;415
train;8;2;100;0.1000000000;0.0077241280;596.3219485540;60000;19982.0051785300;2040000;;
test;8;2;100;0.1000000000;0.0067729610;248.8934047860;60000;19982.0051785300;2040000;57907;2093
test;8;2;100;0.1000000000;0.0091302770;38.6292612890;10000;19982.0051785300;2040000;9590;410
train;8;2;100;0.1000000000;0.0114125120;559.1177272890;60000;20541.1229058190;2100000;;
test;8;2;100;0.1000000000;0.0140527750;225.3091588700;60000;20541.1229058190;2100000;58066;1934
test;8;2;100;0.1000000000;0.0138795310;50.7408484900;10000;20541.1229058190;2100000;9623;377
train;8;2;100;0.1000000000;0.0056354260;574.1159339590;60000;21115.2388397780;2160000;;
test;8;2;100;0.1000000000;0.0121879370;255.2524759530;60000;21115.2388397780;2160000;58085;1915
test;8;2;100;0.1000000000;0.0099529090;43.6608685150;10000;21115.2388397780;2160000;9619;381
train;8;2;100;0.1000000000;0.0118390360;628.8474261280;60000;21744.0862659060;2220000;;
test;8;2;100;0.1000000000;0.0068025430;248.5009454280;60000;21744.0862659060;2220000;58141;1859
test;8;2;100;0.1000000000;0.0068987050;45.3938259560;10000;21744.0862659060;2220000;9617;383
train;8;2;100;0.1000000000;0.0063196890;643.2648690630;60000;22387.3511349690;2280000;;
test;8;2;100;0.1000000000;0.0084512230;249.8131340650;60000;22387.3511349690;2280000;58151;1849
test;8;2;100;0.1000000000;0.0083805590;42.1839063840;10000;22387.3511349690;2280000;9616;384
train;8;2;100;0.1000000000;0.0077323780;701.9808203560;60000;23089.3319553250;2340000;;
test;8;2;100;0.1000000000;0.0055044320;287.1434172090;60000;23089.3319553250;2340000;58178;1822
test;8;2;100;0.1000000000;0.0109592410;48.6500725510;10000;23089.3319553250;2340000;9627;373
train;8;2;100;0.1000000000;0.0087765410;683.5229549540;60000;23772.8549102790;2400000;;
test;8;2;100;0.1000000000;0.0056767580;261.7308573810;60000;23772.8549102790;2400000;58211;1789
test;8;2;100;0.1000000000;0.0072252750;57.5962941880;10000;23772.8549102790;2400000;9620;380
train;8;2;100;0.1000000000;0.0072852290;672.8766270160;60000;24445.7315372950;2460000;;
test;8;2;100;0.1000000000;0.0055017640;241.7123777070;60000;24445.7315372950;2460000;58233;1767
test;8;2;100;0.1000000000;0.0069871600;48.6659999050;10000;24445.7315372950;2460000;9630;370
train;8;2;100;0.1000000000;0.0085295520;647.5491520110;60000;25093.2806893060;2520000;;
test;8;2;100;0.1000000000;0.0092578130;257.6722607060;60000;25093.2806893060;2520000;58323;1677
test;8;2;100;0.1000000000;0.0073081040;49.2063326940;10000;25093.2806893060;2520000;9636;364
train;8;2;100;0.1000000000;0.0082908110;669.3564132030;60000;25762.6371025090;2580000;;
test;8;2;100;0.1000000000;0.0110771940;253.6544029590;60000;25762.6371025090;2580000;58372;1628
test;8;2;100;0.1000000000;0.0087605430;37.8091488430;10000;25762.6371025090;2580000;9642;358
train;8;2;100;0.1000000000;0.0142708480;555.0372623690;60000;26317.6743648780;2640000;;
test;8;2;100;0.1000000000;0.0066492990;241.0779569950;60000;26317.6743648780;2640000;58379;1621
test;8;2;100;0.1000000000;0.0131209400;49.6265682740;10000;26317.6743648780;2640000;9645;355
train;8;2;100;0.1000000000;0.0099206590;675.9656091740;60000;26993.6399740520;2700000;;
test;8;2;100;0.1000000000;0.0056017600;254.1254467370;60000;26993.6399740520;2700000;58360;1640
test;8;2;100;0.1000000000;0.0073265630;50.3386996300;10000;26993.6399740520;2700000;9645;355
train;8;2;100;0.1000000000;0.0074995130;558.0527533840;60000;27551.6927274360;2760000;;
test;8;2;100;0.1000000000;0.0054048520;260.9803947390;60000;27551.6927274360;2760000;58288;1712
test;8;2;100;0.1000000000;0.0072023580;52.7665600860;10000;27551.6927274360;2760000;9621;379
train;8;2;100;0.1000000000;0.0072029010;569.0311294760;60000;28120.7238569120;2820000;;
test;8;2;100;0.1000000000;0.0132586420;245.9713308700;60000;28120.7238569120;2820000;58450;1550
test;8;2;100;0.1000000000;0.3491744530;52.7022350030;10000;28120.7238569120;2820000;9645;355
train;8;2;100;0.1000000000;0.0135370870;707.5225519020;60000;28828.2464088140;2880000;;
test;8;2;100;0.1000000000;0.0066889640;239.4640557960;60000;28828.2464088140;2880000;58513;1487
test;8;2;100;0.1000000000;0.0076144660;37.9585721170;10000;28828.2464088140;2880000;9642;358
train;8;2;100;0.1000000000;0.0077886670;571.4229812060;60000;29399.6693900200;2940000;;
test;8;2;100;0.1000000000;0.0065310130;331.7443815510;60000;29399.6693900200;2940000;58513;1487
test;8;2;100;0.1000000000;0.0095695500;50.1438847930;10000;29399.6693900200;2940000;9654;346
train;8;2;100;0.1000000000;0.0080188660;610.2263650650;60000;30009.8957550850;3000000;;
test;8;2;100;0.1000000000;0.0107948720;241.2311267300;60000;30009.8957550850;3000000;58484;1516
test;8;2;100;0.1000000000;0.0066568810;44.4927443360;10000;30009.8957550850;3000000;9635;365
train;8;2;100;0.1000000000;0.0080811960;568.1692401780;60000;30578.0649952630;3060000;;
test;8;2;100;0.1000000000;0.0075801750;245.8912395390;60000;30578.0649952630;3060000;58547;1453
test;8;2;100;0.1000000000;0.0069031210;52.9666979900;10000;30578.0649952630;3060000;9657;343
train;8;2;100;0.1000000000;0.0080112410;598.2960617860;60000;31176.3610570490;3120000;;
test;8;2;100;0.1000000000;0.0104919260;256.8556289410;60000;31176.3610570490;3120000;58437;1563
test;8;2;100;0.1000000000;0.0063974350;43.6022803460;10000;31176.3610570490;3120000;9641;359
train;8;2;100;0.1000000000;0.0072460230;680.8198000480;60000;31857.1808570970;3180000;;
test;8;2;100;0.1000000000;0.0068530410;229.5897873600;60000;31857.1808570970;3180000;58522;1478
test;8;2;100;0.1000000000;0.0055879280;37.5079012560;10000;31857.1808570970;3180000;9654;346
train;8;2;100;0.1000000000;0.0089580340;670.2731715730;60000;32527.4540286700;3240000;;
test;8;2;100;0.1000000000;0.0104120970;235.9922105380;60000;32527.4540286700;3240000;58534;1466
test;8;2;100;0.1000000000;0.0094040570;49.3514898170;10000;32527.4540286700;3240000;9659;341
train;8;2;100;0.1000000000;0.0096417560;614.8983452230;60000;33142.3523738930;3300000;;
test;8;2;100;0.1000000000;0.0072560650;263.2998569610;60000;33142.3523738930;3300000;58497;1503
test;8;2;100;0.1000000000;0.0093392680;46.9563356860;10000;33142.3523738930;3300000;9638;362
train;8;2;100;0.1000000000;0.0147990330;679.0639849710;60000;33821.4163588640;3360000;;
test;8;2;100;0.1000000000;0.0097365420;226.3116055010;60000;33821.4163588640;3360000;58692;1308
test;8;2;100;0.1000000000;0.0079534520;59.0695218110;10000;33821.4163588640;3360000;9667;333
train;8;2;100;0.1000000000;0.0081659840;546.6203422840;60000;34368.0367011480;3420000;;
test;8;2;100;0.1000000000;0.0069249960;245.5630342440;60000;34368.0367011480;3420000;58654;1346
test;8;2;100;0.1000000000;0.0101990220;44.7616541750;10000;34368.0367011480;3420000;9666;334
train;8;2;100;0.1000000000;0.0098082890;587.9879954990;60000;34956.0246966470;3480000;;
test;8;2;100;0.1000000000;0.0071673610;254.8722589930;60000;34956.0246966470;3480000;58749;1251
test;8;2;100;0.1000000000;0.0069599530;44.2353316740;10000;34956.0246966470;3480000;9674;326
train;8;2;100;0.1000000000;0.0070248670;746.9574809740;60000;35702.9821776210;3540000;;
test;8;2;100;0.1000000000;0.0089269520;244.4017728270;60000;35702.9821776210;3540000;58745;1255
test;8;2;100;0.1000000000;0.0099090770;51.4846011640;10000;35702.9821776210;3540000;9673;327
train;8;2;100;0.1000000000;0.0072698560;557.6972372800;60000;36260.6794149010;3600000;;
test;8;2;100;0.1000000000;0.0076294240;221.2243593230;60000;36260.6794149010;3600000;58657;1343
test;8;2;100;0.1000000000;0.0072997290;51.7914613370;10000;36260.6794149010;3600000;9667;333
train;8;2;100;0.1000000000;0.0060199510;588.8712717610;60000;36849.5506866620;3660000;;
test;8;2;100;0.1000000000;0.0066690480;223.4119610750;60000;36849.5506866620;3660000;58687;1313
test;8;2;100;0.1000000000;0.0078588310;51.7644000800;10000;36849.5506866620;3660000;9653;347
train;8;2;100;0.1000000000;0.0070022000;566.9313379580;60000;37416.4820246200;3720000;;
test;8;2;100;0.1000000000;0.0065789280;268.6320164230;60000;37416.4820246200;3720000;58668;1332
test;8;2;100;0.1000000000;0.0058767490;50.0411905960;10000;37416.4820246200;3720000;9666;334
train;8;2;100;0.1000000000;0.0126592090;727.7107653760;60000;38144.1927899960;3780000;;
test;8;2;100;0.1000000000;0.0065799260;224.4069047950;60000;38144.1927899960;3780000;58827;1173
test;8;2;100;0.1000000000;0.0153288020;48.9910957250;10000;38144.1927899960;3780000;9679;321
train;8;2;100;0.1000000000;0.0059544130;591.2489531810;60000;38735.4417431770;3840000;;
test;8;2;100;0.1000000000;0.0065673450;247.1151444100;60000;38735.4417431770;3840000;58675;1325
test;8;2;100;0.1000000000;0.0083054780;48.2119459810;10000;38735.4417431770;3840000;9664;336
train;8;2;100;0.1000000000;0.0063736030;670.2674954630;60000;39405.7092386400;3900000;;
test;8;2;100;0.1000000000;0.0082009000;309.0076529490;60000;39405.7092386400;3900000;58861;1139
test;8;2;100;0.1000000000;0.0167015780;44.3651202900;10000;39405.7092386400;3900000;9679;321
train;8;2;100;0.1000000000;0.0103015180;580.8185494330;60000;39986.5277880730;3960000;;
test;8;2;100;0.1000000000;0.0066607980;224.3242927680;60000;39986.5277880730;3960000;58831;1169
test;8;2;100;0.1000000000;0.0082626470;51.9942155130;10000;39986.5277880730;3960000;9682;318
train;8;2;100;0.1000000000;0.0078961200;665.8254888450;60000;40652.3532769180;4020000;;
test;8;2;100;0.1000000000;0.0055779280;217.0319119390;60000;40652.3532769180;4020000;58745;1255
test;8;2;100;0.1000000000;0.0124847590;42.5826080060;10000;40652.3532769180;4020000;9671;329
train;8;2;100;0.1000000000;0.0075373030;578.7531443990;60000;41231.1064213170;4080000;;
test;8;2;100;0.1000000000;0.0067196290;346.2777383610;60000;41231.1064213170;4080000;58896;1104
test;8;2;100;0.1000000000;0.0120985660;36.9107984380;10000;41231.1064213170;4080000;9682;318
train;8;2;100;0.1000000000;0.0063917690;577.5565974190;60000;41808.6630187360;4140000;;
test;8;2;100;0.1000000000;0.0069559530;311.0070999670;60000;41808.6630187360;4140000;58849;1151
test;8;2;100;0.1000000000;0.0078639130;50.0738926160;10000;41808.6630187360;4140000;9687;313
train;8;2;100;0.1000000000;0.0104394710;585.7865168420;60000;42394.4495355780;4200000;;
test;8;2;100;0.1000000000;0.0056164680;346.0218241000;60000;42394.4495355780;4200000;58671;1329
test;8;2;100;0.1000000000;0.0068295820;51.4006120420;10000;42394.4495355780;4200000;9653;347
train;8;2;100;0.1000000000;0.0082717720;778.6841422060;60000;43173.1336777840;4260000;;
test;8;2;100;0.1000000000;0.0086196740;274.0413576620;60000;43173.1336777840;4260000;58856;1144
test;8;2;100;0.1000000000;0.0078678290;47.8353979510;10000;43173.1336777840;4260000;9680;320
train;8;2;100;0.1000000000;0.0070922790;576.1465347160;60000;43749.2802125000;4320000;;
test;8;2;100;0.1000000000;0.0055052220;249.7529554600;60000;43749.2802125000;4320000;58929;1071
test;8;2;100;0.1000000000;0.0074128080;47.5136580670;10000;43749.2802125000;4320000;9694;306
train;8;2;100;0.1000000000;0.0114693440;581.1555034540;60000;44330.4357159540;4380000;;
test;8;2;100;0.1000000000;0.0102219800;289.2318584940;60000;44330.4357159540;4380000;58960;1040
test;8;2;100;0.1000000000;0.0084080990;47.0883972840;10000;44330.4357159540;4380000;9688;312
train;8;2;100;0.1000000000;0.0079432450;608.2632227480;60000;44938.6989387020;4440000;;
test;8;2;100;0.1000000000;0.0068115430;197.7818553100;60000;44938.6989387020;4440000;58954;1046
test;8;2;100;0.1000000000;0.0054731400;37.7073194840;10000;44938.6989387020;4440000;9696;304
train;8;2;100;0.1000000000;0.0058002940;574.6530501170;60000;45513.3519888190;4500000;;
test;8;2;100;0.1000000000;0.0065647620;223.6847501300;60000;45513.3519888190;4500000;58923;1077
test;8;2;100;0.1000000000;0.0057719620;40.2942442190;10000;45513.3519888190;4500000;9666;334
train;8;2;100;0.1000000000;0.0061379460;483.5203483000;60000;45996.8723371190;4560000;;
test;8;2;100;0.1000000000;0.0055852190;211.0469968710;60000;45996.8723371190;4560000;58975;1025
test;8;2;100;0.1000000000;0.0087408350;34.0281282560;10000;45996.8723371190;4560000;9694;306
train;8;2;100;0.1000000000;0.0059334120;516.0374825910;60000;46512.9098197100;4620000;;
test;8;2;100;0.1000000000;0.0131080660;222.0992415550;60000;46512.9098197100;4620000;59003;997
test;8;2;100;0.1000000000;0.0125601720;39.7152315010;10000;46512.9098197100;4620000;9691;309
train;8;2;100;0.1000000000;0.0081123190;468.4991395010;60000;46981.4089592110;4680000;;
test;8;2;100;0.1000000000;0.0158070330;393.8259654130;60000;46981.4089592110;4680000;59056;944
test;8;2;100;0.1000000000;0.0064879310;39.6492134940;10000;46981.4089592110;4680000;9685;315
train;8;2;100;0.1000000000;0.0064409320;534.4754965030;60000;47515.8844557140;4740000;;
test;8;2;100;0.1000000000;0.0058293760;241.5771551980;60000;47515.8844557140;4740000;58976;1024
test;8;2;100;0.1000000000;0.0056160930;35.5119231710;10000;47515.8844557140;4740000;9676;324
train;8;2;100;0.1000000000;0.0064404750;502.8286516500;60000;48018.7131073640;4800000;;
test;8;2;100;0.1000000000;0.0054528910;220.1943946080;60000;48018.7131073640;4800000;58944;1056
test;8;2;100;0.1000000000;0.0096721280;35.9203048880;10000;48018.7131073640;4800000;9674;326
train;8;2;100;0.1000000000;0.0060245760;465.9099930060;60000;48484.6231003700;4860000;;
test;8;2;100;0.1000000000;0.0055798040;187.8831135040;60000;48484.6231003700;4860000;59053;947
test;8;2;100;0.1000000000;0.0059991180;40.5689853600;10000;48484.6231003700;4860000;9689;311
train;8;2;100;0.1000000000;0.0065125550;470.3458393500;60000;48954.9689397200;4920000;;
test;8;2;100;0.1000000000;0.0052803570;228.5807639090;60000;48954.9689397200;4920000;59055;945
test;8;2;100;0.1000000000;0.0118171620;39.9267972980;10000;48954.9689397200;4920000;9688;312
train;8;2;100;0.1000000000;0.0055100140;469.0075719650;60000;49423.9765116850;4980000;;
test;8;2;100;0.1000000000;0.0056927560;248.3789393130;60000;49423.9765116850;4980000;59001;999
test;8;2;100;0.1000000000;0.0061315710;40.0980634310;10000;49423.9765116850;4980000;9678;322
train;8;2;100;0.1000000000;0.0056714250;491.7078463240;60000;49915.6843580090;5040000;;
test;8;2;100;0.1000000000;0.0056253020;216.0697411480;60000;49915.6843580090;5040000;59114;886
test;8;2;100;0.1000000000;0.0061693200;40.1480391820;10000;49915.6843580090;5040000;9691;309
train;8;2;100;0.1000000000;0.0059232880;459.9642624350;60000;50375.6486204440;5100000;;
test;8;2;100;0.1000000000;0.0056655500;222.8703894720;60000;50375.6486204440;5100000;59041;959
test;8;2;100;0.1000000000;0.0062635660;42.3644477090;10000;50375.6486204440;5100000;9676;324
train;8;2;100;0.1000000000;0.0085317610;475.1967148930;60000;50850.8453353370;5160000;;
test;8;2;100;0.1000000000;0.0055024740;249.4415223690;60000;50850.8453353370;5160000;59120;880
test;8;2;100;0.1000000000;0.0056497580;34.3083428670;10000;50850.8453353370;5160000;9703;297
train;8;2;100;0.1000000000;0.0055137230;468.4205007540;60000;51319.2658360910;5220000;;
test;8;2;100;0.1000000000;0.0063893520;220.4213348570;60000;51319.2658360910;5220000;59129;871
test;8;2;100;0.1000000000;0.0061434870;45.3049369180;10000;51319.2658360910;5220000;9683;317
train;8;2;100;0.1000000000;0.0058447910;468.6467768330;60000;51787.9126129240;5280000;;
test;8;2;100;0.1000000000;0.0055750120;235.7921400890;60000;51787.9126129240;5280000;59130;870
test;8;2;100;0.1000000000;0.0059572870;39.2585913540;10000;51787.9126129240;5280000;9697;303
train;8;2;100;0.1000000000;0.0070941960;651.7522670960;60000;52439.6648800200;5340000;;
test;8;2;100;0.1000000000;0.0069224970;256.0285626170;60000;52439.6648800200;5340000;59015;985
test;8;2;100;0.1000000000;0.0079582850;57.8273651400;10000;52439.6648800200;5340000;9671;329
train;8;2;100;0.1000000000;0.0088931620;684.5494564960;60000;53124.2143365160;5400000;;
test;8;2;100;0.1000000000;0.0069879520;236.9138532290;60000;53124.2143365160;5400000;59126;874
test;8;2;100;0.1000000000;0.0078584140;39.5701025400;10000;53124.2143365160;5400000;9694;306
train;8;2;100;0.1000000000;0.0081231940;581.2294927400;60000;53705.4438292560;5460000;;
test;8;2;100;0.1000000000;0.0114542600;227.0170594360;60000;53705.4438292560;5460000;59182;818
test;8;2;100;0.1000000000;0.0074823890;47.9884644480;10000;53705.4438292560;5460000;9685;315
train;8;2;100;0.1000000000;0.0088659970;589.7064262350;60000;54295.1502554910;5520000;;
test;8;2;100;0.1000000000;0.0068018340;223.9892599050;60000;54295.1502554910;5520000;59105;895
test;8;2;100;0.1000000000;0.0090906120;43.6102952570;10000;54295.1502554910;5520000;9683;317
train;8;2;100;0.1000000000;0.0081599840;577.0649795170;60000;54872.2152350080;5580000;;
test;8;2;100;0.1000000000;0.0104334300;282.3821897960;60000;54872.2152350080;5580000;59064;936
test;8;2;100;0.1000000000;0.0129945270;38.8332556600;10000;54872.2152350080;5580000;9683;317
train;8;2;100;0.1000000000;0.0112112710;620.4168275320;60000;55492.6320625400;5640000;;
test;8;2;100;0.1000000000;0.0068828310;244.9565116290;60000;55492.6320625400;5640000;59056;944
test;8;2;100;0.1000000000;0.0068849560;46.4100177010;10000;55492.6320625400;5640000;9682;318
train;8;2;100;0.1000000000;0.0090883620;642.4569261330;60000;56135.0889886730;5700000;;
test;8;2;100;0.1000000000;0.0068670810;264.2154040370;60000;56135.0889886730;5700000;59128;872
test;8;2;100;0.1000000000;0.0067211290;50.7545660330;10000;56135.0889886730;5700000;9681;319
train;8;2;100;0.1000000000;0.0104395540;614.8408068520;60000;56749.9297955250;5760000;;
test;8;2;100;0.1000000000;0.0066994210;242.4645880330;60000;56749.9297955250;5760000;59130;870
test;8;2;100;0.1000000000;0.0077902080;42.8312992570;10000;56749.9297955250;5760000;9695;305
train;8;2;100;0.1000000000;0.0090452800;639.8769669200;60000;57389.8067624450;5820000;;
test;8;2;100;0.1000000000;0.0068867050;248.8883732160;60000;57389.8067624450;5820000;59195;805
test;8;2;100;0.1000000000;0.0071173220;61.3976966860;10000;57389.8067624450;5820000;9686;314
train;8;2;100;0.1000000000;0.0076555480;589.7687971910;60000;57979.5755596360;5880000;;
test;8;2;100;0.1000000000;0.0056722160;249.1831896130;60000;57979.5755596360;5880000;59150;850
test;8;2;100;0.1000000000;0.0066927560;40.6702533180;10000;57979.5755596360;5880000;9696;304
train;8;2;100;0.1000000000;0.0078087080;647.2658652070;60000;58626.8414248430;5940000;;
test;8;2;100;0.1000000000;0.0069420370;228.9913460130;60000;58626.8414248430;5940000;59205;795
test;8;2;100;0.1000000000;0.0107659990;51.1874741090;10000;58626.8414248430;5940000;9685;315
train;8;2;100;0.1000000000;0.0068422910;579.6901202140;60000;59206.5315450570;6000000;;
test;8;2;100;0.1000000000;0.0066168000;285.2409986070;60000;59206.5315450570;6000000;58868;1132
test;8;2;100;0.1000000000;0.0068837060;53.9710799440;10000;59206.5315450570;6000000;9645;355
