Mode;CPUs;Parallel;WorkerBatch;LearningRate;WorkerSetupTime;EpochElapsedTime;EpochLines;TotalElapsedTime;TotalLines;Correct;Incorrect
train;8;10;100;0.1000000000;0.0257543590;204.3404896890;60000;204.3404896890;60000;;
test;8;10;100;0.1000000000;0.0282028790;110.9042063850;60000;204.3404896890;60000;13264;46736
test;8;10;100;0.1000000000;0.0520866910;18.4890234460;10000;204.3404896890;60000;2230;7770
train;8;10;100;0.1000000000;0.0299271800;205.5748891810;60000;409.9153788700;120000;;
test;8;10;100;0.1000000000;0.0272285860;112.9037514310;60000;409.9153788700;120000;34472;25528
test;8;10;100;0.1000000000;0.0275204890;19.2827356970;10000;409.9153788700;120000;5826;4174
train;8;10;100;0.1000000000;0.0293448300;204.3721229610;60000;614.2875018310;180000;;
test;8;10;100;0.1000000000;0.0284840320;113.8945487170;60000;614.2875018310;180000;42422;17578
test;8;10;100;0.1000000000;0.0303014560;18.8173082520;10000;614.2875018310;180000;7102;2898
train;8;10;100;0.1000000000;0.0294088250;204.7291798680;60000;819.0166816990;240000;;
test;8;10;100;0.1000000000;0.0278136430;115.6087736280;60000;819.0166816990;240000;47163;12837
test;8;10;100;0.1000000000;0.0277193150;18.9125233110;10000;819.0166816990;240000;7899;2101
train;8;10;100;0.1000000000;0.0279313060;205.7508141720;60000;1024.7674958710;300000;;
test;8;10;100;0.1000000000;0.0273700400;111.3610684460;60000;1024.7674958710;300000;51118;8882
test;8;10;100;0.1000000000;0.0567325330;18.6910160660;10000;1024.7674958710;300000;8564;1436
train;8;10;100;0.1000000000;0.0284709080;205.5790243020;60000;1230.3465201730;360000;;
test;8;10;100;0.1000000000;0.0277976030;118.7124920740;60000;1230.3465201730;360000;53031;6969
test;8;10;100;0.1000000000;0.0273146660;20.2827620440;10000;1230.3465201730;360000;8899;1101
train;8;10;100;0.1000000000;0.0287246070;205.2705246550;60000;1435.6170448280;420000;;
test;8;10;100;0.1000000000;0.0271121760;112.2306765370;60000;1435.6170448280;420000;53627;6373
test;8;10;100;0.1000000000;0.0584147100;19.4046364450;10000;1435.6170448280;420000;8946;1054
train;8;10;100;0.1000000000;0.0261601730;206.0056263630;60000;1641.6226711910;480000;;
test;8;10;100;0.1000000000;0.0281182550;110.2468028970;60000;1641.6226711910;480000;54202;5798
test;8;10;100;0.1000000000;0.0300159270;19.6644153010;10000;1641.6226711910;480000;9049;951
train;8;10;100;0.1000000000;0.0279667640;205.1290409050;60000;1846.7517120960;540000;;
test;8;10;100;0.1000000000;0.0276844000;111.8898675090;60000;1846.7517120960;540000;54370;5630
test;8;10;100;0.1000000000;0.0275064910;18.4721686260;10000;1846.7517120960;540000;9078;922
train;8;10;100;0.1000000000;0.0277340230;204.9211305850;60000;2051.6728426810;600000;;
test;8;10;100;0.1000000000;0.0274192440;111.7342583290;60000;2051.6728426810;600000;54524;5476
test;8;10;100;0.1000000000;0.0275884030;19.3173057610;10000;2051.6728426810;600000;9133;867
train;8;10;100;0.1000000000;0.0289115160;204.5121519780;60000;2256.1849946590;660000;;
test;8;10;100;0.1000000000;0.0285522390;113.3818839610;60000;2256.1849946590;660000;54564;5436
test;8;10;100;0.1000000000;0.0442259860;18.5647632520;10000;2256.1849946590;660000;9125;875
train;8;10;100;0.1000000000;0.0292723330;205.5807475680;60000;2461.7657422270;720000;;
test;8;10;100;0.1000000000;0.0273613310;121.3843783900;60000;2461.7657422270;720000;54640;5360
test;8;10;100;0.1000000000;0.0276955250;18.5946656840;10000;2461.7657422270;720000;9129;871
train;8;10;100;0.1000000000;0.0295538630;205.6750250330;60000;2667.4407672600;780000;;
test;8;10;100;0.1000000000;0.0275736980;117.8560288830;60000;2667.4407672600;780000;54775;5225
test;8;10;100;0.1000000000;0.0279453060;19.4524055690;10000;2667.4407672600;780000;9125;875
train;8;10;100;0.1000000000;0.0293558710;204.5783429410;60000;2872.0191102010;840000;;
test;8;10;100;0.1000000000;0.0271683400;114.0425967270;60000;2872.0191102010;840000;54893;5107
test;8;10;100;0.1000000000;0.0671229230;19.5139584350;10000;2872.0191102010;840000;9157;843
train;8;10;100;0.1000000000;0.0291392130;206.8934326310;60000;3078.9125428320;900000;;
test;8;10;100;0.1000000000;0.0275165330;116.3797273050;60000;3078.9125428320;900000;55020;4980
test;8;10;100;0.1000000000;0.0293537040;18.5614058980;10000;3078.9125428320;900000;9182;818
train;8;10;100;0.1000000000;0.0273914970;206.1740886180;60000;3285.0866314500;960000;;
test;8;10;100;0.1000000000;0.0286505230;117.2021306190;60000;3285.0866314500;960000;55177;4823
test;8;10;100;0.1000000000;0.0293574130;18.5032937140;10000;3285.0866314500;960000;9197;803
train;8;10;100;0.1000000000;0.0273622470;205.0860054540;60000;3490.1726369040;1020000;;
test;8;10;100;0.1000000000;0.0271502570;115.4554790980;60000;3490.1726369040;1020000;55314;4686
test;8;10;100;0.1000000000;0.0275268650;19.7128013150;10000;3490.1726369040;1020000;9224;776
train;8;10;100;0.1000000000;0.0290762140;205.2116245460;60000;3695.3842614500;1080000;;
test;8;10;100;0.1000000000;0.0273754960;110.9462064260;60000;3695.3842614500;1080000;55336;4664
test;8;10;100;0.1000000000;0.0571862650;19.8011547500;10000;3695.3842614500;1080000;9221;779
train;8;10;100;0.1000000000;0.0295061980;206.0191760760;60000;3901.4034375260;1140000;;
test;8;10;100;0.1000000000;0.0276007790;110.6856603570;60000;3901.4034375260;1140000;55385;4615
test;8;10;100;0.1000000000;0.0752220350;18.8950567650;10000;3901.4034375260;1140000;9238;762
train;8;10;100;0.1000000000;0.0289562210;205.4045414620;60000;4106.8079789880;1200000;;
test;8;10;100;0.1000000000;0.0282326680;112.5533401640;60000;4106.8079789880;1200000;55530;4470
test;8;10;100;0.1000000000;0.0598946900;20.3324122530;10000;4106.8079789880;1200000;9239;761
train;8;10;100;0.1000000000;0.0248266470;205.3948175550;60000;4312.2027965430;1260000;;
test;8;10;100;0.1000000000;0.0274352450;113.6358920630;60000;4312.2027965430;1260000;55505;4495
test;8;10;100;0.1000000000;0.0372850320;18.4622500110;10000;4312.2027965430;1260000;9253;747
train;8;10;100;0.1000000000;0.0285372380;204.8446231880;60000;4517.0474197310;1320000;;
test;8;10;100;0.1000000000;0.0281066740;112.7953634020;60000;4517.0474197310;1320000;55592;4408
test;8;10;100;0.1000000000;0.0291992930;19.4142455770;10000;4517.0474197310;1320000;9255;745
train;8;10;100;0.1000000000;0.0282928740;205.2991857630;60000;4722.3466054940;1380000;;
test;8;10;100;0.1000000000;0.0283155810;118.5381691070;60000;4722.3466054940;1380000;55764;4236
test;8;10;100;0.1000000000;0.0291899200;18.8369031240;10000;4722.3466054940;1380000;9281;719
train;8;10;100;0.1000000000;0.0286119020;205.4968048500;60000;4927.8434103440;1440000;;
test;8;10;100;0.1000000000;0.0274079530;113.0012592690;60000;4927.8434103440;1440000;55852;4148
test;8;10;100;0.1000000000;0.0520194410;18.7338391130;10000;4927.8434103440;1440000;9300;700
train;8;10;100;0.1000000000;0.0287497310;204.1743806580;60000;5132.0177910020;1500000;;
test;8;10;100;0.1000000000;0.0274413270;112.7863062840;60000;5132.0177910020;1500000;55853;4147
test;8;10;100;0.1000000000;0.0588384850;19.0414173000;10000;5132.0177910020;1500000;9305;695
train;8;10;100;0.1000000000;0.0276124450;205.0778645500;60000;5337.0956555520;1560000;;
test;8;10;100;0.1000000000;0.0276691100;114.9873188970;60000;5337.0956555520;1560000;55880;4120
test;8;10;100;0.1000000000;0.0273330400;19.1945631710;10000;5337.0956555520;1560000;9303;697
train;8;10;100;0.1000000000;0.0276406940;205.3484205370;60000;5542.4440760890;1620000;;
test;8;10;100;0.1000000000;0.0271911690;112.7330442730;60000;5542.4440760890;1620000;56029;3971
test;8;10;100;0.1000000000;0.0600628080;19.3743446980;10000;5542.4440760890;1620000;9313;687
train;8;10;100;0.1000000000;0.0283178740;205.2931980600;60000;5747.7372741490;1680000;;
test;8;10;100;0.1000000000;0.0283619960;111.7671249680;60000;5747.7372741490;1680000;56052;3948
test;8;10;100;0.1000000000;0.0585137080;19.2442503410;10000;5747.7372741490;1680000;9331;669
train;8;10;100;0.1000000000;0.0276382780;205.7964952950;60000;5953.5337694440;1740000;;
test;8;10;100;0.1000000000;0.0283256650;114.9036263030;60000;5953.5337694440;1740000;56153;3847
test;8;10;100;0.1000000000;0.0279384730;19.2349005310;10000;5953.5337694440;1740000;9336;664
train;8;10;100;0.1000000000;0.0277980630;206.5003952630;60000;6160.0341647070;1800000;;
test;8;10;100;0.1000000000;0.0274082860;115.7741999750;60000;6160.0341647070;1800000;56108;3892
test;8;10;100;0.1000000000;0.0278398110;19.2914463250;10000;6160.0341647070;1800000;9326;674
train;8;10;100;0.1000000000;0.0293408720;196.8438201000;60000;6356.8779848070;1860000;;
test;8;10;100;0.1000000000;0.0246884460;108.2025912180;60000;6356.8779848070;1860000;56261;3739
test;8;10;100;0.1000000000;0.0250445130;17.3119803340;10000;6356.8779848070;1860000;9350;650
train;8;10;100;0.1000000000;0.0271369650;183.9889463380;60000;6540.8669311450;1920000;;
test;8;10;100;0.1000000000;0.0242722970;104.7651108650;60000;6540.8669311450;1920000;56289;3711
test;8;10;100;0.1000000000;0.0257103590;17.4186456070;10000;6540.8669311450;1920000;9356;644
train;8;10;100;0.1000000000;0.0254022470;180.9179819930;60000;6721.7849131380;1980000;;
test;8;10;100;0.1000000000;0.0242817940;104.0956486860;60000;6721.7849131380;1980000;56282;3718
test;8;10;100;0.1000000000;0.0210151850;17.7155024660;10000;6721.7849131380;1980000;9346;654
train;8;10;100;0.1000000000;0.0308510570;181.6154812230;60000;6903.4003943610;2040000;;
test;8;10;100;0.1000000000;0.0243992900;103.4945599980;60000;6903.4003943610;2040000;56455;3545
test;8;10;100;0.1000000000;0.0225019140;17.2349098330;10000;6903.4003943610;2040000;9378;622
train;8;10;100;0.1000000000;0.0259704750;181.7405574670;60000;7085.1409518280;2100000;;
test;8;10;100;0.1000000000;0.0243052120;103.6273274050;60000;7085.1409518280;2100000;56462;3538
test;8;10;100;0.1000000000;0.0221750530;16.9923065790;10000;7085.1409518280;2100000;9383;617
train;8;10;100;0.1000000000;0.0259400580;181.7192116720;60000;7266.8601635000;2160000;;
test;8;10;100;0.1000000000;0.0250609280;102.8253778860;60000;7266.8601635000;2160000;56506;3494
test;8;10;100;0.1000000000;0.0206628670;18.5497348130;10000;7266.8601635000;2160000;9382;618
train;8;10;100;0.1000000000;0.0247054450;181.8699222620;60000;7448.7300857620;2220000;;
test;8;10;100;0.1000000000;0.0247176930;102.2445167980;60000;7448.7300857620;2220000;56585;3415
test;8;10;100;0.1000000000;0.0257608970;17.2176576990;10000;7448.7300857620;2220000;9398;602
train;8;10;100;0.1000000000;0.0247483160;182.4735798010;60000;7631.2036655630;2280000;;
test;8;10;100;0.1000000000;0.0247788590;105.4752826920;60000;7631.2036655630;2280000;56653;3347
test;8;10;100;0.1000000000;0.0207971100;18.0597119200;10000;7631.2036655630;2280000;9416;584
train;8;10;100;0.1000000000;0.0263350410;180.7749113930;60000;7811.9785769560;2340000;;
test;8;10;100;0.1000000000;0.0242100900;107.7286056810;60000;7811.9785769560;2340000;56686;3314
test;8;10;100;0.1000000000;0.0227982740;17.6166548130;10000;7811.9785769560;2340000;9430;570
train;8;10;100;0.1000000000;0.0250838850;209.1046788830;60000;8021.0832558390;2400000;;
test;8;10;100;0.1000000000;0.0311395030;114.8657807110;60000;8021.0832558390;2400000;56723;3277
test;8;10;100;0.1000000000;0.0808092550;20.4119992680;10000;8021.0832558390;2400000;9424;576
train;8;10;100;0.1000000000;0.0257761490;211.4452249830;60000;8232.5284808220;2460000;;
test;8;10;100;0.1000000000;0.0260217640;117.8542864920;60000;8232.5284808220;2460000;56796;3204
test;8;10;100;0.1000000000;0.0268483940;19.6334065840;10000;8232.5284808220;2460000;9433;567
train;8;10;100;0.1000000000;0.0248461890;205.9114507650;60000;8438.4399315870;2520000;;
test;8;10;100;0.1000000000;0.0249042700;118.6615632090;60000;8438.4399315870;2520000;56795;3205
test;8;10;100;0.1000000000;0.0259824730;18.1078660290;10000;8438.4399315870;2520000;9429;571
train;8;10;100;0.1000000000;0.0246281560;206.3449131550;60000;8644.7848447420;2580000;;
test;8;10;100;0.1000000000;0.0261506750;118.5324320200;60000;8644.7848447420;2580000;56768;3232
test;8;10;100;0.1000000000;0.0296649400;19.9427153260;10000;8644.7848447420;2580000;9440;560
train;8;10;100;0.1000000000;0.0281012560;189.2914627280;60000;8834.0763074700;2640000;;
test;8;10;100;0.1000000000;0.0243376260;114.5169577050;60000;8834.0763074700;2640000;56886;3114
test;8;10;100;0.1000000000;0.0687736450;18.5415716610;10000;8834.0763074700;2640000;9445;555
train;8;10;100;0.1000000000;0.0251973390;184.9713289370;60000;9019.0476364070;2700000;;
test;8;10;100;0.1000000000;0.0246498210;113.3520680700;60000;9019.0476364070;2700000;56916;3084
test;8;10;100;0.1000000000;0.0256371550;19.1665579510;10000;9019.0476364070;2700000;9459;541
train;8;10;100;0.1000000000;0.0257144010;185.5205772640;60000;9204.5682136710;2760000;;
test;8;10;100;0.1000000000;0.0241870070;109.9754301570;60000;9204.5682136710;2760000;56954;3046
test;8;10;100;0.1000000000;0.0352731590;18.0247909560;10000;9204.5682136710;2760000;9464;536
train;8;10;100;0.1000000000;0.0254502460;184.5259895840;60000;9389.0942032550;2820000;;
test;8;10;100;0.1000000000;0.0251317600;107.4857534360;60000;9389.0942032550;2820000;56913;3087
test;8;10;100;0.1000000000;0.0251852570;18.0020533850;10000;9389.0942032550;2820000;9437;563
train;8;10;100;0.1000000000;0.0254432050;193.1102778280;60000;9582.2044810830;2880000;;
test;8;10;100;0.1000000000;0.0260985100;120.8544706610;60000;9582.2044810830;2880000;57039;2961
test;8;10;100;0.1000000000;0.0334063630;21.5086483600;10000;9582.2044810830;2880000;9465;535
train;8;10;100;0.1000000000;0.0254255780;189.6161470170;60000;9771.8206281000;2940000;;
test;8;10;100;0.1000000000;0.0246924880;109.4297024460;60000;9771.8206281000;2940000;57098;2902
test;8;10;100;0.1000000000;0.0244798290;18.7288441580;10000;9771.8206281000;2940000;9475;525
train;8;10;100;0.1000000000;0.0265563660;190.4387995390;60000;9962.2594276390;3000000;;
test;8;10;100;0.1000000000;0.0291405870;117.4627593100;60000;9962.2594276390;3000000;57138;2862
test;8;10;100;0.1000000000;0.0266520260;21.4490588250;10000;9962.2594276390;3000000;9483;517
train;8;10;100;0.1000000000;0.0277867700;212.6199539490;60000;10174.8793815880;3060000;;
test;8;10;100;0.1000000000;0.0302157090;120.8472608390;60000;10174.8793815880;3060000;57196;2804
test;8;10;100;0.1000000000;0.0247930250;21.1445432560;10000;10174.8793815880;3060000;9486;514
train;8;10;100;0.1000000000;0.0271893370;203.2150643220;60000;10378.0944459100;3120000;;
test;8;10;100;0.1000000000;0.0282386670;115.4058611800;60000;10378.0944459100;3120000;57220;2780
test;8;10;100;0.1000000000;0.0366502670;18.6616366120;10000;10378.0944459100;3120000;9484;516
train;8;10;100;0.1000000000;0.0251455910;187.6488528880;60000;10565.7432987980;3180000;;
test;8;10;100;0.1000000000;0.0248916870;114.4418864510;60000;10565.7432987980;3180000;57243;2757
test;8;10;100;0.1000000000;0.0691654610;20.0004211920;10000;10565.7432987980;3180000;9502;498
train;8;10;100;0.1000000000;0.0258314390;210.8164935610;60000;10776.5597923590;3240000;;
test;8;10;100;0.1000000000;0.0299516380;123.3579496720;60000;10776.5597923590;3240000;57286;2714
test;8;10;100;0.1000000000;0.0256693200;20.8584019850;10000;10776.5597923590;3240000;9505;495
train;8;10;100;0.1000000000;0.0265857800;191.6545641610;60000;10968.2143565200;3300000;;
test;8;10;100;0.1000000000;0.0246849870;109.9073294940;60000;10968.2143565200;3300000;57308;2692
test;8;10;100;0.1000000000;0.0261792990;19.7383816810;10000;10968.2143565200;3300000;9496;504
train;8;10;100;0.1000000000;0.0256181960;206.1443373500;60000;11174.3586938700;3360000;;
test;8;10;100;0.1000000000;0.0252989180;112.8061023600;60000;11174.3586938700;3360000;57299;2701
test;8;10;100;0.1000000000;0.0265821560;19.1017813040;10000;11174.3586938700;3360000;9493;507
train;8;10;100;0.1000000000;0.0260871360;202.0737096800;60000;11376.4324035500;3420000;;
test;8;10;100;0.1000000000;0.0277434820;118.1812591090;60000;11376.4324035500;3420000;57347;2653
test;8;10;100;0.1000000000;0.0267021510;19.8507321320;10000;11376.4324035500;3420000;9502;498
train;8;10;100;0.1000000000;0.0254472030;202.9128759060;60000;11579.3452794560;3480000;;
test;8;10;100;0.1000000000;0.0262552540;120.9960217760;60000;11579.3452794560;3480000;57353;2647
test;8;10;100;0.1000000000;0.0341375430;19.0307650080;10000;11579.3452794560;3480000;9511;489
train;8;10;100;0.1000000000;0.0254569960;207.1330104300;60000;11786.4782898860;3540000;;
test;8;10;100;0.1000000000;0.0250424300;116.3029620440;60000;11786.4782898860;3540000;57469;2531
test;8;10;100;0.1000000000;0.0271841310;19.1338608530;10000;11786.4782898860;3540000;9506;494
train;8;10;100;0.1000000000;0.0261475080;209.7869751400;60000;11996.2652650260;3600000;;
test;8;10;100;0.1000000000;0.0253681240;112.7924048130;60000;11996.2652650260;3600000;57405;2595
test;8;10;100;0.1000000000;0.0497173750;19.6182809820;10000;11996.2652650260;3600000;9504;496
train;8;10;100;0.1000000000;0.0254871600;208.5383907480;60000;12204.8036557740;3660000;;
test;8;10;100;0.1000000000;0.0267852720;123.2486208860;60000;12204.8036557740;3660000;57491;2509
test;8;10;100;0.1000000000;0.0251432590;19.6160917010;10000;12204.8036557740;3660000;9513;487
train;8;10;100;0.1000000000;0.0270515100;208.0812927380;60000;12412.8849485120;3720000;;
test;8;10;100;0.1000000000;0.0300360490;107.5673535670;60000;12412.8849485120;3720000;57513;2487
test;8;10;100;0.1000000000;0.0275159900;17.7468831670;10000;12412.8849485120;3720000;9516;484
train;8;10;100;0.1000000000;0.0328561790;198.5073900900;60000;12611.3923386020;3780000;;
test;8;10;100;0.1000000000;0.0273383750;119.8684224220;60000;12611.3923386020;3780000;57552;2448
test;8;10;100;0.1000000000;0.0284630750;19.8593101380;10000;12611.3923386020;3780000;9531;469
train;8;10;100;0.1000000000;0.0264695780;202.4056546250;60000;12813.7979932270;3840000;;
test;8;10;100;0.1000000000;0.0263183320;116.5305297790;60000;12813.7979932270;3840000;57528;2472
test;8;10;100;0.1000000000;0.0265009520;19.6504962690;10000;12813.7979932270;3840000;9530;470
train;8;10;100;0.1000000000;0.0255812820;190.6426805250;60000;13004.4406737520;3900000;;
test;8;10;100;0.1000000000;0.0244901630;112.1521180170;60000;13004.4406737520;3900000;57567;2433
test;8;10;100;0.1000000000;0.0255034090;18.5906988130;10000;13004.4406737520;3900000;9532;468
train;8;10;100;0.1000000000;0.0252957520;184.6067247260;60000;13189.0473984780;3960000;;
test;8;10;100;0.1000000000;0.0287146470;113.6030936330;60000;13189.0473984780;3960000;57567;2433
test;8;10;100;0.1000000000;0.0535333360;18.6071277760;10000;13189.0473984780;3960000;9526;474
train;8;10;100;0.1000000000;0.0250480960;186.0898851750;60000;13375.1372836530;4020000;;
test;8;10;100;0.1000000000;0.0248708960;107.6730530140;60000;13375.1372836530;4020000;57646;2354
test;8;10;100;0.1000000000;0.0255749910;18.0848146830;10000;13375.1372836530;4020000;9546;454
train;8;10;100;0.1000000000;0.0240806780;195.1270050540;60000;13570.2642887070;4080000;;
test;8;10;100;0.1000000000;0.0244881190;109.8390725790;60000;13570.2642887070;4080000;57644;2356
test;8;10;100;0.1000000000;0.0263170840;18.5500260470;10000;13570.2642887070;4080000;9539;461
train;8;10;100;0.1000000000;0.0246416980;201.7480738950;60000;13772.0123626020;4140000;;
test;8;10;100;0.1000000000;0.0261888810;120.8516493610;60000;13772.0123626020;4140000;57526;2474
test;8;10;100;0.1000000000;0.0304663650;20.1938687990;10000;13772.0123626020;4140000;9532;468
train;8;10;100;0.1000000000;0.0265549910;197.9100594100;60000;13969.9224220120;4200000;;
test;8;10;100;0.1000000000;0.0263084600;122.4152056290;60000;13969.9224220120;4200000;57722;2278
test;8;10;100;0.1000000000;0.0282131700;19.4146510580;10000;13969.9224220120;4200000;9558;442
train;8;10;100;0.1000000000;0.0281331310;204.8130148670;60000;14174.7354368790;4260000;;
test;8;10;100;0.1000000000;0.0253377930;118.2236469650;60000;14174.7354368790;4260000;57738;2262
test;8;10;100;0.1000000000;0.0265939060;20.5432500360;10000;14174.7354368790;4260000;9564;436
train;8;10;100;0.1000000000;0.0263122520;202.9887522890;60000;14377.7241891680;4320000;;
test;8;10;100;0.1000000000;0.0270494700;125.0783726460;60000;14377.7241891680;4320000;57735;2265
test;8;10;100;0.1000000000;0.0286356510;20.3356964870;10000;14377.7241891680;4320000;9572;428
train;8;10;100;0.1000000000;0.0257525260;202.7135955030;60000;14580.4377846710;4380000;;
test;8;10;100;0.1000000000;0.0254172880;118.1409486250;60000;14580.4377846710;4380000;57681;2319
test;8;10;100;0.1000000000;0.0257390670;18.6222746310;10000;14580.4377846710;4380000;9557;443
train;8;10;100;0.1000000000;0.0268782680;204.9716175530;60000;14785.4094022240;4440000;;
test;8;10;100;0.1000000000;0.0289157640;121.5383995930;60000;14785.4094022240;4440000;57823;2177
test;8;10;100;0.1000000000;0.0272490030;19.2786683690;10000;14785.4094022240;4440000;9563;437
train;8;10;100;0.1000000000;0.0300530060;206.9080825070;60000;14992.3174847310;4500000;;
test;8;10;100;0.1000000000;0.0256646120;119.9419895690;60000;14992.3174847310;4500000;57774;2226
test;8;10;100;0.1000000000;0.0286338600;20.4203174140;10000;14992.3174847310;4500000;9563;437
train;8;10;100;0.1000000000;0.0262335460;207.4371228150;60000;15199.7546075460;4560000;;
test;8;10;100;0.1000000000;0.0249058930;113.2581397510;60000;15199.7546075460;4560000;57821;2179
test;8;10;100;0.1000000000;0.0255319900;17.7902596000;10000;15199.7546075460;4560000;9570;430
train;8;10;100;0.1000000000;0.0253794990;185.5765993680;60000;15385.3312069140;4620000;;
test;8;10;100;0.1000000000;0.0246210730;107.3852501490;60000;15385.3312069140;4620000;57774;2226
test;8;10;100;0.1000000000;0.0263279990;18.7194838920;10000;15385.3312069140;4620000;9572;428
train;8;10;100;0.1000000000;0.0263542470;185.9551132760;60000;15571.2863201900;4680000;;
test;8;10;100;0.1000000000;0.0241565930;112.6419712480;60000;15571.2863201900;4680000;57883;2117
test;8;10;100;0.1000000000;0.0529157800;18.5241038250;10000;15571.2863201900;4680000;9583;417
train;8;10;100;0.1000000000;0.0245425740;185.0992350920;60000;15756.3855552820;4740000;;
test;8;10;100;0.1000000000;0.0245386170;107.0536037760;60000;15756.3855552820;4740000;57905;2095
test;8;10;100;0.1000000000;0.0251677580;18.6669932580;10000;15756.3855552820;4740000;9583;417
train;8;10;100;0.1000000000;0.0252490450;188.4397996680;60000;15944.8253549500;4800000;;
test;8;10;100;0.1000000000;0.0241775080;114.8578274290;60000;15944.8253549500;4800000;57897;2103
test;8;10;100;0.1000000000;0.0257600250;18.4390194590;10000;15944.8253549500;4800000;9569;431
train;8;10;100;0.1000000000;0.0247858580;188.7658469470;60000;16133.5912018970;4860000;;
test;8;10;100;0.1000000000;0.0250535970;106.9790268400;60000;16133.5912018970;4860000;57949;2051
test;8;10;100;0.1000000000;0.0262876680;18.0667719520;10000;16133.5912018970;4860000;9594;406
train;8;10;100;0.1000000000;0.0245917420;183.0370615140;60000;16316.6282634110;4920000;;
test;8;10;100;0.1000000000;0.0245526160;108.2806391750;60000;16316.6282634110;4920000;57995;2005
test;8;10;100;0.1000000000;0.0261869210;17.7890073230;10000;16316.6282634110;4920000;9591;409
train;8;10;100;0.1000000000;0.0244277480;184.4379570170;60000;16501.0662204280;4980000;;
test;8;10;100;0.1000000000;0.0241312170;108.3344478320;60000;16501.0662204280;4980000;57935;2065
test;8;10;100;0.1000000000;0.0250374290;17.4154792830;10000;16501.0662204280;4980000;9589;411
train;8;10;100;0.1000000000;0.0244982020;183.1070319850;60000;16684.1732524130;5040000;;
test;8;10;100;0.1000000000;0.0245427860;103.1599150560;60000;16684.1732524130;5040000;57922;2078
test;8;10;100;0.1000000000;0.0244935360;17.4121074270;10000;16684.1732524130;5040000;9588;412
train;8;10;100;0.1000000000;0.0273257500;189.0296627140;60000;16873.2029151270;5100000;;
test;8;10;100;0.1000000000;0.0249566830;103.0747401090;60000;16873.2029151270;5100000;58022;1978
test;8;10;100;0.1000000000;0.0261804630;17.1596870900;10000;16873.2029151270;5100000;9613;387
train;8;10;100;0.1000000000;0.0209445230;181.2129157170;60000;17054.4158308440;5160000;;
test;8;10;100;0.1000000000;0.0259295990;102.2597508490;60000;17054.4158308440;5160000;57947;2053
test;8;10;100;0.1000000000;0.0257344410;17.4291954100;10000;17054.4158308440;5160000;9579;421
train;8;10;100;0.1000000000;0.0215252470;183.4881124530;60000;17237.9039432970;5220000;;
test;8;10;100;0.1000000000;0.0244976190;103.1991567440;60000;17237.9039432970;5220000;58061;1939
test;8;10;100;0.1000000000;0.0252533790;18.0919723310;10000;17237.9039432970;5220000;9609;391
train;8;10;100;0.1000000000;0.0250967610;183.8759814970;60000;17421.7799247940;5280000;;
test;8;10;100;0.1000000000;0.0248058160;107.6223895130;60000;17421.7799247940;5280000;58105;1895
test;8;10;100;0.1000000000;0.0245303690;17.2735213510;10000;17421.7799247940;5280000;9608;392
train;8;10;100;0.1000000000;0.0208670650;183.3014067570;60000;17605.0813315510;5340000;;
test;8;10;100;0.1000000000;0.0246536540;106.2607489980;60000;17605.0813315510;5340000;58032;1968
test;8;10;100;0.1000000000;0.0263584990;17.3450611670;10000;17605.0813315510;5340000;9603;397
train;8;10;100;0.1000000000;0.0223566280;185.0055116890;60000;17790.0868432400;5400000;;
test;8;10;100;0.1000000000;0.0244984110;105.5778568840;60000;17790.0868432400;5400000;58121;1879
test;8;10;100;0.1000000000;0.0256854860;17.2779727050;10000;17790.0868432400;5400000;9605;395
train;8;10;100;0.1000000000;0.0253177940;192.6522121490;60000;17982.7390553890;5460000;;
test;8;10;100;0.1000000000;0.0244267040;105.9209879300;60000;17982.7390553890;5460000;58082;1918
test;8;10;100;0.1000000000;0.0265531140;17.7806192250;10000;17982.7390553890;5460000;9602;398
train;8;10;100;0.1000000000;0.0258513120;183.4322668790;60000;18166.1713222680;5520000;;
test;8;10;100;0.1000000000;0.0246689880;103.6157411500;60000;18166.1713222680;5520000;58128;1872
test;8;10;100;0.1000000000;0.0211977190;17.5331228850;10000;18166.1713222680;5520000;9612;388
train;8;10;100;0.1000000000;0.0263067910;183.1787110870;60000;18349.3500333550;5580000;;
test;8;10;100;0.1000000000;0.0242985850;107.0031694750;60000;18349.3500333550;5580000;58158;1842
test;8;10;100;0.1000000000;0.0253572480;17.8318504100;10000;18349.3500333550;5580000;9623;377
train;8;10;100;0.1000000000;0.0255341590;184.7773092300;60000;18534.1273425850;5640000;;
test;8;10;100;0.1000000000;0.0239580160;107.4550964980;60000;18534.1273425850;5640000;58184;1816
test;8;10;100;0.1000000000;0.0254012070;18.4703514960;10000;18534.1273425850;5640000;9613;387
train;8;10;100;0.1000000000;0.0263372060;183.5865050760;60000;18717.7138476610;5700000;;
test;8;10;100;0.1000000000;0.0243453340;104.7044495500;60000;18717.7138476610;5700000;58173;1827
test;8;10;100;0.1000000000;0.0245842400;18.2854171900;10000;18717.7138476610;5700000;9608;392
train;8;10;100;0.1000000000;0.0262883770;183.0044366990;60000;18900.7182843600;5760000;;
test;8;10;100;0.1000000000;0.0240995960;105.0430650770;60000;18900.7182843600;5760000;58169;1831
test;8;10;100;0.1000000000;0.0245765330;17.5034801090;10000;18900.7182843600;5760000;9616;384
train;8;10;100;0.1000000000;0.0220686810;183.3319152490;60000;19084.0501996090;5820000;;
test;8;10;100;0.1000000000;0.0304401170;103.1200925840;60000;19084.0501996090;5820000;58105;1895
test;8;10;100;0.1000000000;0.0245984480;17.5466707620;10000;19084.0501996090;5820000;9605;395
train;8;10;100;0.1000000000;0.0245392020;195.1811519010;60000;19279.2313515100;5880000;;
test;8;10;100;0.1000000000;0.0248497710;102.4975268190;60000;19279.2313515100;5880000;58165;1835
test;8;10;100;0.1000000000;0.0263282510;16.9445043310;10000;19279.2313515100;5880000;9610;390
train;8;10;100;0.1000000000;0.0254866190;184.3944557600;60000;19463.6258072700;5940000;;
test;8;10;100;0.1000000000;0.0246152810;105.4462351750;60000;19463.6258072700;5940000;58196;1804
test;8;10;100;0.1000000000;0.0272937080;17.7978209440;10000;19463.6258072700;5940000;9604;396
train;8;10;100;0.1000000000;0.0220605160;182.4823555530;60000;19646.1081628230;6000000;;
test;8;10;100;0.1000000000;0.0251007170;106.8147245740;60000;19646.1081628230;6000000;58257;1743
test;8;10;100;0.1000000000;0.0246945700;17.4944359900;10000;19646.1081628230;6000000;9618;382
