Mode;CPUs;Parallel;WorkerBatch;LearningRate;WorkerSetupTime;EpochElapsedTime;EpochLines;TotalElapsedTime;TotalLines;Correct;Incorrect
train;8;5;100;0.1000000000;0.0159450260;297.0461211730;60000;297.0461211730;60000;;
test;8;5;100;0.1000000000;0.0153350530;165.1289548690;60000;297.0461211730;60000;24006;35994
test;8;5;100;0.1000000000;0.0159041120;27.4153093980;10000;297.0461211730;60000;3961;6039
train;8;5;100;0.1000000000;0.0117579140;290.9008360500;60000;587.9469572230;120000;;
test;8;5;100;0.1000000000;0.0116107960;162.3404927010;60000;587.9469572230;120000;34220;25780
test;8;5;100;0.1000000000;0.0122163520;27.6876552570;10000;587.9469572230;120000;5702;4298
train;8;5;100;0.1000000000;0.0113780550;272.1346118160;60000;860.0815690390;180000;;
test;8;5;100;0.1000000000;0.0147681610;165.7465058930;60000;860.0815690390;180000;47500;12500
test;8;5;100;0.1000000000;0.0171760580;26.7474643120;10000;860.0815690390;180000;7959;2041
train;8;5;100;0.1000000000;0.0140726900;278.0087869410;60000;1138.0903559800;240000;;
test;8;5;100;0.1000000000;0.0158218660;149.5136771870;60000;1138.0903559800;240000;52588;7412
test;8;5;100;0.1000000000;0.0116070040;24.7797697370;10000;1138.0903559800;240000;8753;1247
train;8;5;100;0.1000000000;0.0132890570;250.3697140300;60000;1388.4600700100;300000;;
test;8;5;100;0.1000000000;0.0132837660;143.9284950790;60000;1388.4600700100;300000;53991;6009
test;8;5;100;0.1000000000;0.0118820340;24.4510288700;10000;1388.4600700100;300000;9035;965
train;8;5;100;0.1000000000;0.0113305150;264.3049090960;60000;1652.7649791060;360000;;
test;8;5;100;0.1000000000;0.0139605700;144.3401632770;60000;1652.7649791060;360000;54463;5537
test;8;5;100;0.1000000000;0.0113118080;23.9311321280;10000;1652.7649791060;360000;9109;891
train;8;5;100;0.1000000000;0.0126856250;261.8793309570;60000;1914.6443100630;420000;;
test;8;5;100;0.1000000000;0.0112121880;147.5123635560;60000;1914.6443100630;420000;54582;5418
test;8;5;100;0.1000000000;0.0125560880;25.6675046770;10000;1914.6443100630;420000;9111;889
train;8;5;100;0.1000000000;0.0177210360;255.7713310240;60000;2170.4156410870;480000;;
test;8;5;100;0.1000000000;0.0110314440;149.0983409380;60000;2170.4156410870;480000;54797;5203
test;8;5;100;0.1000000000;0.0174598790;23.4007960840;10000;2170.4156410870;480000;9169;831
train;8;5;100;0.1000000000;0.0110315280;252.7170917540;60000;2423.1327328410;540000;;
test;8;5;100;0.1000000000;0.0109788230;151.4813323540;60000;2423.1327328410;540000;54846;5154
test;8;5;100;0.1000000000;0.0120657340;23.7051136650;10000;2423.1327328410;540000;9143;857
train;8;5;100;0.1000000000;0.0140155260;254.4814594390;60000;2677.6141922800;600000;;
test;8;5;100;0.1000000000;0.0172350140;145.3253828470;60000;2677.6141922800;600000;55141;4859
test;8;5;100;0.1000000000;0.0125252550;25.3159275720;10000;2677.6141922800;600000;9194;806
train;8;5;100;0.1000000000;0.0122250600;259.5124328190;60000;2937.1266250990;660000;;
test;8;5;100;0.1000000000;0.0110665260;147.0680355430;60000;2937.1266250990;660000;55180;4820
test;8;5;100;0.1000000000;0.0125062160;24.1389737850;10000;2937.1266250990;660000;9212;788
train;8;5;100;0.1000000000;0.0118194530;259.3651657330;60000;3196.4917908320;720000;;
test;8;5;100;0.1000000000;0.0107507900;150.3518909960;60000;3196.4917908320;720000;55227;4773
test;8;5;100;0.1000000000;0.0129402810;25.2588747600;10000;3196.4917908320;720000;9225;775
train;8;5;100;0.1000000000;0.0124267600;257.2530393380;60000;3453.7448301700;780000;;
test;8;5;100;0.1000000000;0.0109466990;146.5384713820;60000;3453.7448301700;780000;55331;4669
test;8;5;100;0.1000000000;0.0121225240;24.5510285130;10000;3453.7448301700;780000;9232;768
train;8;5;100;0.1000000000;0.0118406620;259.5178077520;60000;3713.2626379220;840000;;
test;8;5;100;0.1000000000;0.0110829010;156.9304858930;60000;3713.2626379220;840000;55484;4516
test;8;5;100;0.1000000000;0.0128544100;25.5521975990;10000;3713.2626379220;840000;9243;757
train;8;5;100;0.1000000000;0.0126200850;265.5265008410;60000;3978.7891387630;900000;;
test;8;5;100;0.1000000000;0.0134900480;150.8696512890;60000;3978.7891387630;900000;55697;4303
test;8;5;100;0.1000000000;0.0126106280;24.5171305870;10000;3978.7891387630;900000;9279;721
train;8;5;100;0.1000000000;0.0118672430;258.6454969840;60000;4237.4346357470;960000;;
test;8;5;100;0.1000000000;0.0178553620;149.9687674140;60000;4237.4346357470;960000;55675;4325
test;8;5;100;0.1000000000;0.0117606220;25.9239376760;10000;4237.4346357470;960000;9261;739
train;8;5;100;0.1000000000;0.0122411010;258.2054111260;60000;4495.6400468730;1020000;;
test;8;5;100;0.1000000000;0.0112657270;147.8822691660;60000;4495.6400468730;1020000;55932;4068
test;8;5;100;0.1000000000;0.0117351230;25.2150068450;10000;4495.6400468730;1020000;9298;702
train;8;5;100;0.1000000000;0.0122786850;256.1229022060;60000;4751.7629490790;1080000;;
test;8;5;100;0.1000000000;0.0111389400;152.5982899940;60000;4751.7629490790;1080000;55927;4073
test;8;5;100;0.1000000000;0.0129702370;24.1673022440;10000;4751.7629490790;1080000;9297;703
train;8;5;100;0.1000000000;0.0168161980;251.6819724910;60000;5003.4449215700;1140000;;
test;8;5;100;0.1000000000;0.0145504620;156.9783723930;60000;5003.4449215700;1140000;56023;3977
test;8;5;100;0.1000000000;0.0128615340;24.3610137130;10000;5003.4449215700;1140000;9328;672
train;8;5;100;0.1000000000;0.0156607470;261.7797477990;60000;5265.2246693690;1200000;;
test;8;5;100;0.1000000000;0.0134954650;148.8700603570;60000;5265.2246693690;1200000;56212;3788
test;8;5;100;0.1000000000;0.0115214240;25.8468413440;10000;5265.2246693690;1200000;9344;656
train;8;5;100;0.1000000000;0.0122530600;255.7873680040;60000;5521.0120373730;1260000;;
test;8;5;100;0.1000000000;0.0110406110;135.1645618200;60000;5521.0120373730;1260000;56292;3708
test;8;5;100;0.1000000000;0.0119725700;23.7656918650;10000;5521.0120373730;1260000;9359;641
train;8;5;100;0.1000000000;0.0114632190;253.7576741590;60000;5774.7697115320;1320000;;
test;8;5;100;0.1000000000;0.0112971420;143.6647594370;60000;5774.7697115320;1320000;56371;3629
test;8;5;100;0.1000000000;0.0120396100;23.3400115960;10000;5774.7697115320;1320000;9369;631
train;8;5;100;0.1000000000;0.0119273240;256.1246661800;60000;6030.8943777120;1380000;;
test;8;5;100;0.1000000000;0.0117085410;145.5970685280;60000;6030.8943777120;1380000;56419;3581
test;8;5;100;0.1000000000;0.0113596810;25.7194863270;10000;6030.8943777120;1380000;9378;622
train;8;5;100;0.1000000000;0.0127920370;256.6477406950;60000;6287.5421184070;1440000;;
test;8;5;100;0.1000000000;0.0113294330;151.3220658650;60000;6287.5421184070;1440000;56523;3477
test;8;5;100;0.1000000000;0.0116666670;23.9055601780;10000;6287.5421184070;1440000;9401;599
train;8;5;100;0.1000000000;0.0124436770;248.2034190260;60000;6535.7455374330;1500000;;
test;8;5;100;0.1000000000;0.0136599160;147.8960789450;60000;6535.7455374330;1500000;56598;3402
test;8;5;100;0.1000000000;0.0123504310;23.6131915480;10000;6535.7455374330;1500000;9413;587
train;8;5;100;0.1000000000;0.0123020580;271.4278332710;60000;6807.1733707040;1560000;;
test;8;5;100;0.1000000000;0.0147826180;165.8369524060;60000;6807.1733707040;1560000;56681;3319
test;8;5;100;0.1000000000;0.0122376860;26.0681163460;10000;6807.1733707040;1560000;9412;588
train;8;5;100;0.1000000000;0.0113551390;277.1788093900;60000;7084.3521800940;1620000;;
test;8;5;100;0.1000000000;0.0111353990;159.8881367500;60000;7084.3521800940;1620000;56728;3272
test;8;5;100;0.1000000000;0.0151395600;26.6129883500;10000;7084.3521800940;1620000;9429;571
train;8;5;100;0.1000000000;0.0113237250;268.2762083700;60000;7352.6283884640;1680000;;
test;8;5;100;0.1000000000;0.0132743910;161.8756636050;60000;7352.6283884640;1680000;56839;3161
test;8;5;100;0.1000000000;0.0121605630;26.7533746890;10000;7352.6283884640;1680000;9448;552
train;8;5;100;0.1000000000;0.0123316400;268.2493922290;60000;7620.8777806930;1740000;;
test;8;5;100;0.1000000000;0.0109677820;151.2032586530;60000;7620.8777806930;1740000;56870;3130
test;8;5;100;0.1000000000;0.0128032030;24.2890058780;10000;7620.8777806930;1740000;9443;557
train;8;5;100;0.1000000000;0.0124997580;253.6518012280;60000;7874.5295819210;1800000;;
test;8;5;100;0.1000000000;0.0108772850;148.9651744290;60000;7874.5295819210;1800000;56981;3019
test;8;5;100;0.1000000000;0.0124469270;24.6843222290;10000;7874.5295819210;1800000;9454;546
train;8;5;100;0.1000000000;0.0124078870;248.4059791970;60000;8122.9355611180;1860000;;
test;8;5;100;0.1000000000;0.0132715150;148.6915511220;60000;8122.9355611180;1860000;56985;3015
test;8;5;100;0.1000000000;0.0118433690;25.0936764860;10000;8122.9355611180;1860000;9456;544
train;8;5;100;0.1000000000;0.0123338070;250.6506101460;60000;8373.5861712640;1920000;;
test;8;5;100;0.1000000000;0.0112018120;147.4441365450;60000;8373.5861712640;1920000;57042;2958
test;8;5;100;0.1000000000;0.0126338340;25.5575009590;10000;8373.5861712640;1920000;9467;533
train;8;5;100;0.1000000000;0.0128323690;250.7632144670;60000;8624.3493857310;1980000;;
test;8;5;100;0.1000000000;0.0139124060;176.6428057380;60000;8624.3493857310;1980000;57122;2878
test;8;5;100;0.1000000000;0.0201587230;28.3727418530;10000;8624.3493857310;1980000;9481;519
train;8;5;100;0.1000000000;0.0135762120;314.9859135550;60000;8939.3352992860;2040000;;
test;8;5;100;0.1000000000;0.0199386060;172.5715415960;60000;8939.3352992860;2040000;57193;2807
test;8;5;100;0.1000000000;0.0164339210;31.5512670630;10000;8939.3352992860;2040000;9490;510
train;8;5;100;0.1000000000;0.0141640620;307.8406317860;60000;9247.1759310720;2100000;;
test;8;5;100;0.1000000000;0.0136642480;173.1940557450;60000;9247.1759310720;2100000;57205;2795
test;8;5;100;0.1000000000;0.0167812410;29.2630356820;10000;9247.1759310720;2100000;9482;518
train;8;5;100;0.1000000000;0.0189011920;319.5469562600;60000;9566.7228873320;2160000;;
test;8;5;100;0.1000000000;0.0148075740;167.7221694660;60000;9566.7228873320;2160000;57275;2725
test;8;5;100;0.1000000000;0.0139732780;28.4597130560;10000;9566.7228873320;2160000;9488;512
train;8;5;100;0.1000000000;0.0178967770;299.7845406400;60000;9866.5074279720;2220000;;
test;8;5;100;0.1000000000;0.0135474630;161.0039915630;60000;9866.5074279720;2220000;57327;2673
test;8;5;100;0.1000000000;0.0231679270;28.3298525610;10000;9866.5074279720;2220000;9496;504
train;8;5;100;0.1000000000;0.0137240800;297.5462876330;60000;10164.0537156050;2280000;;
test;8;5;100;0.1000000000;0.0134841740;168.4265259860;60000;10164.0537156050;2280000;57372;2628
test;8;5;100;0.1000000000;0.0144193840;27.4633085980;10000;10164.0537156050;2280000;9515;485
train;8;5;100;0.1000000000;0.0143932180;297.8031872360;60000;10461.8569028410;2340000;;
test;8;5;100;0.1000000000;0.0139686950;164.4707071680;60000;10461.8569028410;2340000;57400;2600
test;8;5;100;0.1000000000;0.0142193510;26.9585190870;10000;10461.8569028410;2340000;9497;503
train;8;5;100;0.1000000000;0.0139340710;301.4969737960;60000;10763.3538766370;2400000;;
test;8;5;100;0.1000000000;0.0137566630;168.5169116290;60000;10763.3538766370;2400000;57441;2559
test;8;5;100;0.1000000000;0.0156634960;28.1412041690;10000;10763.3538766370;2400000;9518;482
train;8;5;100;0.1000000000;0.0147264540;297.7793953380;60000;11061.1332719750;2460000;;
test;8;5;100;0.1000000000;0.0131786450;169.5281577430;60000;11061.1332719750;2460000;57462;2538
test;8;5;100;0.1000000000;0.0141297720;27.4974662180;10000;11061.1332719750;2460000;9519;481
train;8;5;100;0.1000000000;0.0137019980;294.7663109000;60000;11355.8995828750;2520000;;
test;8;5;100;0.1000000000;0.0136616240;154.9586392480;60000;11355.8995828750;2520000;57479;2521
test;8;5;100;0.1000000000;0.0149761100;25.3861901130;10000;11355.8995828750;2520000;9506;494
train;8;5;100;0.1000000000;0.0143114720;298.9172521170;60000;11654.8168349920;2580000;;
test;8;5;100;0.1000000000;0.0133584290;158.9371069310;60000;11654.8168349920;2580000;57598;2402
test;8;5;100;0.1000000000;0.0137124560;27.6644245410;10000;11654.8168349920;2580000;9552;448
train;8;5;100;0.1000000000;0.0135742540;298.1252051030;60000;11952.9420400950;2640000;;
test;8;5;100;0.1000000000;0.0135427130;158.2058413220;60000;11952.9420400950;2640000;57642;2358
test;8;5;100;0.1000000000;0.0188454450;27.9089833030;10000;11952.9420400950;2640000;9548;452
train;8;5;100;0.1000000000;0.0133245970;295.0188620570;60000;12247.9609021520;2700000;;
test;8;5;100;0.1000000000;0.0133415130;166.5565249850;60000;12247.9609021520;2700000;57704;2296
test;8;5;100;0.1000000000;0.0142945140;24.6446010520;10000;12247.9609021520;2700000;9537;463
train;8;5;100;0.1000000000;0.0135346710;292.2906536940;60000;12540.2515558460;2760000;;
test;8;5;100;0.1000000000;0.0153216790;158.1248967310;60000;12540.2515558460;2760000;57722;2278
test;8;5;100;0.1000000000;0.0136349170;27.3257087260;10000;12540.2515558460;2760000;9551;449
train;8;5;100;0.1000000000;0.0144806320;292.5871235630;60000;12832.8386794090;2820000;;
test;8;5;100;0.1000000000;0.0131458130;167.0899206110;60000;12832.8386794090;2820000;57738;2262
test;8;5;100;0.1000000000;0.0145693770;29.0060122910;10000;12832.8386794090;2820000;9565;435
train;8;5;100;0.1000000000;0.0135766280;291.5830143510;60000;13124.4216937600;2880000;;
test;8;5;100;0.1000000000;0.0149341120;164.7351512380;60000;13124.4216937600;2880000;57806;2194
test;8;5;100;0.1000000000;0.0137587450;28.4317962490;10000;13124.4216937600;2880000;9571;429
train;8;5;100;0.1000000000;0.0135426300;286.9376504490;60000;13411.3593442090;2940000;;
test;8;5;100;0.1000000000;0.0136011270;148.0024547720;60000;13411.3593442090;2940000;57658;2342
test;8;5;100;0.1000000000;0.0141147310;27.2732913810;10000;13411.3593442090;2940000;9548;452
train;8;5;100;0.1000000000;0.0137931610;320.5196233080;60000;13731.8789675170;3000000;;
test;8;5;100;0.1000000000;0.0133765950;170.8356950330;60000;13731.8789675170;3000000;57810;2190
test;8;5;100;0.1000000000;0.0211361370;26.9524577200;10000;13731.8789675170;3000000;9564;436
train;8;5;100;0.1000000000;0.0138422830;294.3884732450;60000;14026.2674407620;3060000;;
test;8;5;100;0.1000000000;0.0148056590;153.9281468680;60000;14026.2674407620;3060000;57909;2091
test;8;5;100;0.1000000000;0.0234419980;27.7538298890;10000;14026.2674407620;3060000;9578;422
train;8;5;100;0.1000000000;0.0139678200;303.8385613970;60000;14330.1060021590;3120000;;
test;8;5;100;0.1000000000;0.0138102840;164.5078123680;60000;14330.1060021590;3120000;57935;2065
test;8;5;100;0.1000000000;0.0347487640;26.8040342710;10000;14330.1060021590;3120000;9578;422
train;8;5;100;0.1000000000;0.0139733620;294.0087985210;60000;14624.1148006800;3180000;;
test;8;5;100;0.1000000000;0.0149259450;164.7054493370;60000;14624.1148006800;3180000;57932;2068
test;8;5;100;0.1000000000;0.0146157510;27.3044918000;10000;14624.1148006800;3180000;9592;408
train;8;5;100;0.1000000000;0.0141295210;296.9837622250;60000;14921.0985629050;3240000;;
test;8;5;100;0.1000000000;0.0165545010;159.6236170160;60000;14921.0985629050;3240000;57795;2205
test;8;5;100;0.1000000000;0.0157490350;27.6932422720;10000;14921.0985629050;3240000;9568;432
train;8;5;100;0.1000000000;0.0133088880;286.4300672750;60000;15207.5286301800;3300000;;
test;8;5;100;0.1000000000;0.0135050890;169.0559478020;60000;15207.5286301800;3300000;57906;2094
test;8;5;100;0.1000000000;0.0141780590;28.1925598060;10000;15207.5286301800;3300000;9567;433
train;8;5;100;0.1000000000;0.0139136560;292.5203073750;60000;15500.0489375550;3360000;;
test;8;5;100;0.1000000000;0.0141749770;166.1971979160;60000;15500.0489375550;3360000;57981;2019
test;8;5;100;0.1000000000;0.0153056390;26.3826140720;10000;15500.0489375550;3360000;9591;409
train;8;5;100;0.1000000000;0.0178847770;283.5274002310;60000;15783.5763377860;3420000;;
test;8;5;100;0.1000000000;0.0133328470;164.6671628560;60000;15783.5763377860;3420000;58043;1957
test;8;5;100;0.1000000000;0.0141583540;27.5371456870;10000;15783.5763377860;3420000;9602;398
train;8;5;100;0.1000000000;0.0140154010;288.2937164640;60000;16071.8700542500;3480000;;
test;8;5;100;0.1000000000;0.0153588850;168.4976123620;60000;16071.8700542500;3480000;58070;1930
test;8;5;100;0.1000000000;0.0145351710;29.7737814400;10000;16071.8700542500;3480000;9610;390
train;8;5;100;0.1000000000;0.0137456200;285.2934271910;60000;16357.1634814410;3540000;;
test;8;5;100;0.1000000000;0.0133877610;165.2384350630;60000;16357.1634814410;3540000;58062;1938
test;8;5;100;0.1000000000;0.0135797110;25.1153188960;10000;16357.1634814410;3540000;9601;399
train;8;5;100;0.1000000000;0.0136607500;292.8995791200;60000;16650.0630605610;3600000;;
test;8;5;100;0.1000000000;0.0131894780;167.0412609350;60000;16650.0630605610;3600000;58119;1881
test;8;5;100;0.1000000000;0.0154399240;26.2057111320;10000;16650.0630605610;3600000;9611;389
train;8;5;100;0.1000000000;0.0156942860;288.5969450880;60000;16938.6600056490;3660000;;
test;8;5;100;0.1000000000;0.0148238660;169.5221452420;60000;16938.6600056490;3660000;58137;1863
test;8;5;100;0.1000000000;0.0142449330;25.7398330840;10000;16938.6600056490;3660000;9603;397
train;8;5;100;0.1000000000;0.0137817030;295.2148354310;60000;17233.8748410800;3720000;;
test;8;5;100;0.1000000000;0.0136033760;164.3021259610;60000;17233.8748410800;3720000;58171;1829
test;8;5;100;0.1000000000;0.0148866130;28.2150472200;10000;17233.8748410800;3720000;9619;381
train;8;5;100;0.1000000000;0.0137612870;287.6764177930;60000;17521.5512588730;3780000;;
test;8;5;100;0.1000000000;0.0149084460;171.3775506130;60000;17521.5512588730;3780000;58088;1912
test;8;5;100;0.1000000000;0.0140406500;26.7047975160;10000;17521.5512588730;3780000;9603;397
train;8;5;100;0.1000000000;0.0135392550;297.4719509810;60000;17819.0232098540;3840000;;
test;8;5;100;0.1000000000;0.0132934330;160.2474006470;60000;17819.0232098540;3840000;58198;1802
test;8;5;100;0.1000000000;0.0138136180;26.9511058170;10000;17819.0232098540;3840000;9618;382
train;8;5;100;0.1000000000;0.0133336810;294.1779864990;60000;18113.2011963530;3900000;;
test;8;5;100;0.1000000000;0.0130490250;153.2721612300;60000;18113.2011963530;3900000;58128;1872
test;8;5;100;0.1000000000;0.0177767820;28.9535983230;10000;18113.2011963530;3900000;9607;393
train;8;5;100;0.1000000000;0.0149226550;288.9263357160;60000;18402.1275320690;3960000;;
test;8;5;100;0.1000000000;0.0185955810;167.5633083800;60000;18402.1275320690;3960000;58234;1766
test;8;5;100;0.1000000000;0.0141249800;27.6612740940;10000;18402.1275320690;3960000;9628;372
train;8;5;100;0.1000000000;0.0136590000;290.0810113720;60000;18692.2085434410;4020000;;
test;8;5;100;0.1000000000;0.0132844740;168.7171973950;60000;18692.2085434410;4020000;58272;1728
test;8;5;100;0.1000000000;0.0135593790;26.2626510750;10000;18692.2085434410;4020000;9615;385
train;8;5;100;0.1000000000;0.0139750710;299.0437330980;60000;18991.2522765390;4080000;;
test;8;5;100;0.1000000000;0.0133090140;172.0876476110;60000;18991.2522765390;4080000;58312;1688
test;8;5;100;0.1000000000;0.0144360070;26.4233205820;10000;18991.2522765390;4080000;9645;355
train;8;5;100;0.1000000000;0.0133640110;291.7208682900;60000;19282.9731448290;4140000;;
test;8;5;100;0.1000000000;0.0165329600;168.5413131620;60000;19282.9731448290;4140000;58306;1694
test;8;5;100;0.1000000000;0.0153529270;27.2752218450;10000;19282.9731448290;4140000;9616;384
train;8;5;100;0.1000000000;0.0142360580;288.7665293030;60000;19571.7396741320;4200000;;
test;8;5;100;0.1000000000;0.0149685680;164.2939941300;60000;19571.7396741320;4200000;58329;1671
test;8;5;100;0.1000000000;0.0135417970;26.7508732520;10000;19571.7396741320;4200000;9643;357
train;8;5;100;0.1000000000;0.0135751690;286.9787511530;60000;19858.7184252850;4260000;;
test;8;5;100;0.1000000000;0.0145990010;161.5951223040;60000;19858.7184252850;4260000;58308;1692
test;8;5;100;0.1000000000;0.0141759370;27.4368503120;10000;19858.7184252850;4260000;9616;384
train;8;5;100;0.1000000000;0.0133044320;296.6101075170;60000;20155.3285328020;4320000;;
test;8;5;100;0.1000000000;0.0134527170;169.6194070380;60000;20155.3285328020;4320000;58370;1630
test;8;5;100;0.1000000000;0.0142505160;28.0230224660;10000;20155.3285328020;4320000;9640;360
train;8;5;100;0.1000000000;0.0133713460;295.1620138080;60000;20450.4905466100;4380000;;
test;8;5;100;0.1000000000;0.0131618130;169.1652025390;60000;20450.4905466100;4380000;58408;1592
test;8;5;100;0.1000000000;0.0153883430;28.3601684760;10000;20450.4905466100;4380000;9643;357
train;8;5;100;0.1000000000;0.0134844230;288.1998070500;60000;20738.6903536600;4440000;;
test;8;5;100;0.1000000000;0.0131205650;154.7769545920;60000;20738.6903536600;4440000;58414;1586
test;8;5;100;0.1000000000;0.0143641370;27.5239568370;10000;20738.6903536600;4440000;9641;359
train;8;5;100;0.1000000000;0.0138724900;293.3731577630;60000;21032.0635114230;4500000;;
test;8;5;100;0.1000000000;0.0136212510;166.6684037030;60000;21032.0635114230;4500000;58362;1638
test;8;5;100;0.1000000000;0.0148028660;26.8447245330;10000;21032.0635114230;4500000;9633;367
train;8;5;100;0.1000000000;0.0140888980;288.1656440170;60000;21320.2291554400;4560000;;
test;8;5;100;0.1000000000;0.0132663490;160.6390120370;60000;21320.2291554400;4560000;58471;1529
test;8;5;100;0.1000000000;0.0143328040;27.0498695150;10000;21320.2291554400;4560000;9653;347
train;8;5;100;0.1000000000;0.0136737500;284.3363834920;60000;21604.5655389320;4620000;;
test;8;5;100;0.1000000000;0.0131883530;168.1823312950;60000;21604.5655389320;4620000;58388;1612
test;8;5;100;0.1000000000;0.0150628570;26.7281008920;10000;21604.5655389320;4620000;9645;355
train;8;5;100;0.1000000000;0.0135919600;282.7798488890;60000;21887.3453878210;4680000;;
test;8;5;100;0.1000000000;0.0135379230;164.4597020510;60000;21887.3453878210;4680000;58518;1482
test;8;5;100;0.1000000000;0.0136391250;26.4985460760;10000;21887.3453878210;4680000;9660;340
train;8;5;100;0.1000000000;0.0133096810;291.3680773200;60000;22178.7134651410;4740000;;
test;8;5;100;0.1000000000;0.0162738450;161.5974685510;60000;22178.7134651410;4740000;58454;1546
test;8;5;100;0.1000000000;0.0146839150;26.1994056520;10000;22178.7134651410;4740000;9631;369
train;8;5;100;0.1000000000;0.0141456040;289.0572667140;60000;22467.7707318550;4800000;;
test;8;5;100;0.1000000000;0.0150957290;168.1894107440;60000;22467.7707318550;4800000;58443;1557
test;8;5;100;0.1000000000;0.0137826190;24.5291828200;10000;22467.7707318550;4800000;9645;355
train;8;5;100;0.1000000000;0.0139039900;292.8284081770;60000;22760.5991400320;4860000;;
test;8;5;100;0.1000000000;0.0134882160;152.5626266090;60000;22760.5991400320;4860000;58489;1511
test;8;5;100;0.1000000000;0.0144798400;27.5624189830;10000;22760.5991400320;4860000;9650;350
train;8;5;100;0.1000000000;0.0140081930;283.4585873910;60000;23044.0577274230;4920000;;
test;8;5;100;0.1000000000;0.0152670990;165.7247140740;60000;23044.0577274230;4920000;58453;1547
test;8;5;100;0.1000000000;0.0142949720;28.0508677380;10000;23044.0577274230;4920000;9642;358
train;8;5;100;0.1000000000;0.0134867990;291.2314120880;60000;23335.2891395110;4980000;;
test;8;5;100;0.1000000000;0.0131727700;166.1095144630;60000;23335.2891395110;4980000;58441;1559
test;8;5;100;0.1000000000;0.0141483960;24.8932193880;10000;23335.2891395110;4980000;9634;366
train;8;5;100;0.1000000000;0.0136825820;284.2474340900;60000;23619.5365736010;5040000;;
test;8;5;100;0.1000000000;0.0169476090;158.0509931370;60000;23619.5365736010;5040000;58485;1515
test;8;5;100;0.1000000000;0.0154730470;26.5765327020;10000;23619.5365736010;5040000;9657;343
train;8;5;100;0.1000000000;0.0135245060;289.8839945800;60000;23909.4205681810;5100000;;
test;8;5;100;0.1000000000;0.0193458400;157.0506047560;60000;23909.4205681810;5100000;58337;1663
test;8;5;100;0.1000000000;0.0144600900;27.5135249930;10000;23909.4205681810;5100000;9607;393
train;8;5;100;0.1000000000;0.0133900120;286.3087904980;60000;24195.7293586790;5160000;;
test;8;5;100;0.1000000000;0.0130571070;163.6023898860;60000;24195.7293586790;5160000;58570;1430
test;8;5;100;0.1000000000;0.0145448370;27.4363581260;10000;24195.7293586790;5160000;9660;340
train;8;5;100;0.1000000000;0.0133228890;292.0655421960;60000;24487.7949008750;5220000;;
test;8;5;100;0.1000000000;0.0135340470;162.7644350330;60000;24487.7949008750;5220000;58560;1440
test;8;5;100;0.1000000000;0.0144142180;27.6353875740;10000;24487.7949008750;5220000;9660;340
train;8;5;100;0.1000000000;0.0144269250;294.0145298590;60000;24781.8094307340;5280000;;
test;8;5;100;0.1000000000;0.0150314000;161.9604020220;60000;24781.8094307340;5280000;58630;1370
test;8;5;100;0.1000000000;0.0140831890;26.6040521520;10000;24781.8094307340;5280000;9665;335
train;8;5;100;0.1000000000;0.0138929900;291.4744884500;60000;25073.2839191840;5340000;;
test;8;5;100;0.1000000000;0.0132285590;164.4112159100;60000;25073.2839191840;5340000;58631;1369
test;8;5;100;0.1000000000;0.0182640120;26.4933313820;10000;25073.2839191840;5340000;9665;335
train;8;5;100;0.1000000000;0.0145567120;287.7359415910;60000;25361.0198607750;5400000;;
test;8;5;100;0.1000000000;0.0136914580;166.1153131280;60000;25361.0198607750;5400000;58574;1426
test;8;5;100;0.1000000000;0.0137577030;27.8057595050;10000;25361.0198607750;5400000;9654;346
train;8;5;100;0.1000000000;0.0166519970;296.4108500680;60000;25657.4307108430;5460000;;
test;8;5;100;0.1000000000;0.0135303390;169.9153256580;60000;25657.4307108430;5460000;58585;1415
test;8;5;100;0.1000000000;0.0144070090;27.8855823400;10000;25657.4307108430;5460000;9651;349
train;8;5;100;0.1000000000;0.0135217970;286.2235228880;60000;25943.6542337310;5520000;;
test;8;5;100;0.1000000000;0.0148625310;165.7354464820;60000;25943.6542337310;5520000;58541;1459
test;8;5;100;0.1000000000;0.0144100500;27.7409755250;10000;25943.6542337310;5520000;9643;357
train;8;5;100;0.1000000000;0.0215478700;287.4862565030;60000;26231.1404902340;5580000;;
test;8;5;100;0.1000000000;0.0131925620;158.4861848330;60000;26231.1404902340;5580000;58650;1350
test;8;5;100;0.1000000000;0.0131751030;25.0894096700;10000;26231.1404902340;5580000;9647;353
train;8;5;100;0.1000000000;0.0144024690;294.8323123710;60000;26525.9728026050;5640000;;
test;8;5;100;0.1000000000;0.0166742860;150.6990287430;60000;26525.9728026050;5640000;58661;1339
test;8;5;100;0.1000000000;0.0149201530;28.5429841240;10000;26525.9728026050;5640000;9663;337
train;8;5;100;0.1000000000;0.0143674280;295.5904977130;60000;26821.5633003180;5700000;;
test;8;5;100;0.1000000000;0.0132085610;162.6843931640;60000;26821.5633003180;5700000;58641;1359
test;8;5;100;0.1000000000;0.0142526410;27.7316375050;10000;26821.5633003180;5700000;9663;337
train;8;5;100;0.1000000000;0.0133908030;289.9275332120;60000;27111.4908335300;5760000;;
test;8;5;100;0.1000000000;0.0150134420;155.8486300010;60000;27111.4908335300;5760000;58650;1350
test;8;5;100;0.1000000000;0.0148754900;26.5637094570;10000;27111.4908335300;5760000;9657;343
train;8;5;100;0.1000000000;0.0139564870;294.1296688960;60000;27405.6205024260;5820000;;
test;8;5;100;0.1000000000;0.0132533500;160.1569261030;60000;27405.6205024260;5820000;58685;1315
test;8;5;100;0.1000000000;0.0139518630;27.0505826080;10000;27405.6205024260;5820000;9654;346
train;8;5;100;0.1000000000;0.0135771290;295.0188880920;60000;27700.6393905180;5880000;;
test;8;5;100;0.1000000000;0.0137250810;160.7124011480;60000;27700.6393905180;5880000;58740;1260
test;8;5;100;0.1000000000;0.0143508030;27.8885305030;10000;27700.6393905180;5880000;9671;329
train;8;5;100;0.1000000000;0.0139885280;291.1334731490;60000;27991.7728636670;5940000;;
test;8;5;100;0.1000000000;0.0131000240;165.6431433890;60000;27991.7728636670;5940000;58715;1285
test;8;5;100;0.1000000000;0.0137207470;25.8254458000;10000;27991.7728636670;5940000;9671;329
train;8;5;100;0.1000000000;0.0212120110;290.1107966810;60000;28281.8836603480;6000000;;
test;8;5;100;0.1000000000;0.0131018560;165.8019306520;60000;28281.8836603480;6000000;58738;1262
test;8;5;100;0.1000000000;0.0236189070;24.9678440330;10000;28281.8836603480;6000000;9649;351
