Mode;CPUs;Parallel;WorkerBatch;LearningRate;WorkerSetupTime;EpochElapsedTime;EpochLines;TotalElapsedTime;TotalLines;Correct;Incorrect
train;8;4;100;0.1000000000;0.0132231850;348.5305678530;60000;348.5305678530;60000;;
test;8;4;100;0.1000000000;0.0109226580;179.9748283060;60000;348.5305678530;60000;34868;25132
test;8;4;100;0.1000000000;0.0132720580;32.3046784490;10000;348.5305678530;60000;5887;4113
train;8;4;100;0.1000000000;0.0154645470;335.7257787680;60000;684.2563466210;120000;;
test;8;4;100;0.1000000000;0.0112288130;196.5372496240;60000;684.2563466210;120000;46682;13318
test;8;4;100;0.1000000000;0.0124113860;31.4726503780;10000;684.2563466210;120000;7839;2161
train;8;4;100;0.1000000000;0.0152830960;358.6591986950;60000;1042.9155453160;180000;;
test;8;4;100;0.1000000000;0.0109412820;191.0378873010;60000;1042.9155453160;180000;52565;7435
test;8;4;100;0.1000000000;0.0122736420;31.9295261900;10000;1042.9155453160;180000;8805;1195
train;8;4;100;0.1000000000;0.0111773560;349.6003603780;60000;1392.5159056940;240000;;
test;8;4;100;0.1000000000;0.0109911130;183.8929311500;60000;1392.5159056940;240000;52818;7182
test;8;4;100;0.1000000000;0.0113039330;32.3921277930;10000;1392.5159056940;240000;8818;1182
train;8;4;100;0.1000000000;0.0146239590;336.0235722930;60000;1728.5394779870;300000;;
test;8;4;100;0.1000000000;0.0142948890;192.2404768660;60000;1728.5394779870;300000;53663;6337
test;8;4;100;0.1000000000;0.0113176000;32.0044184420;10000;1728.5394779870;300000;9004;996
train;8;4;100;0.1000000000;0.0133695540;367.9494094000;60000;2096.4888873870;360000;;
test;8;4;100;0.1000000000;0.0108001220;192.5796005460;60000;2096.4888873870;360000;54302;5698
test;8;4;100;0.1000000000;0.0126150020;33.7605463170;10000;2096.4888873870;360000;9070;930
train;8;4;100;0.1000000000;0.0147692010;344.9308365520;60000;2441.4197239390;420000;;
test;8;4;100;0.1000000000;0.0151886420;201.1331175080;60000;2441.4197239390;420000;54675;5325
test;8;4;100;0.1000000000;0.0115898380;30.4209495340;10000;2441.4197239390;420000;9127;873
train;8;4;100;0.1000000000;0.0112648510;358.0840257330;60000;2799.5037496720;480000;;
test;8;4;100;0.1000000000;0.0584840000;202.0224973670;60000;2799.5037496720;480000;54944;5056
test;8;4;100;0.1000000000;0.0120097790;30.9354095910;10000;2799.5037496720;480000;9166;834
train;8;4;100;0.1000000000;0.0122353940;379.2012690340;60000;3178.7050187060;540000;;
test;8;4;100;0.1000000000;0.0140831910;194.4108671540;60000;3178.7050187060;540000;54635;5365
test;8;4;100;0.1000000000;0.0214432500;31.1387321070;10000;3178.7050187060;540000;9142;858
train;8;4;100;0.1000000000;0.0118659100;337.5979432280;60000;3516.3029619340;600000;;
test;8;4;100;0.1000000000;0.0109617390;194.3849210600;60000;3516.3029619340;600000;55203;4797
test;8;4;100;0.1000000000;0.0160752700;32.1021777710;10000;3516.3029619340;600000;9201;799
train;8;4;100;0.1000000000;0.0130008620;348.0796763220;60000;3864.3826382560;660000;;
test;8;4;100;0.1000000000;0.0107995810;202.9669788010;60000;3864.3826382560;660000;55242;4758
test;8;4;100;0.1000000000;0.0115186340;30.8610055580;10000;3864.3826382560;660000;9230;770
train;8;4;100;0.1000000000;0.0132546000;339.6643142450;60000;4204.0469525010;720000;;
test;8;4;100;0.1000000000;0.0109823220;197.8579342710;60000;4204.0469525010;720000;55510;4490
test;8;4;100;0.1000000000;0.0122106860;30.2199392450;10000;4204.0469525010;720000;9271;729
train;8;4;100;0.1000000000;0.0130235280;344.3469991760;60000;4548.3939516770;780000;;
test;8;4;100;0.1000000000;0.0127498300;187.8579819830;60000;4548.3939516770;780000;55628;4372
test;8;4;100;0.1000000000;0.0121708550;33.9710670650;10000;4548.3939516770;780000;9277;723
train;8;4;100;0.1000000000;0.0118113700;358.1716041230;60000;4906.5655558000;840000;;
test;8;4;100;0.1000000000;0.0108972840;193.4205438940;60000;4906.5655558000;840000;55546;4454
test;8;4;100;0.1000000000;0.0116635430;32.2771041270;10000;4906.5655558000;840000;9257;743
train;8;4;100;0.1000000000;0.0126541250;336.3032987950;60000;5242.8688545950;900000;;
test;8;4;100;0.1000000000;0.0109357420;194.4298820100;60000;5242.8688545950;900000;55942;4058
test;8;4;100;0.1000000000;0.0116304190;33.9056229950;10000;5242.8688545950;900000;9314;686
train;8;4;100;0.1000000000;0.0127377900;335.1596527470;60000;5578.0285073420;960000;;
test;8;4;100;0.1000000000;0.0109114080;177.5104527280;60000;5578.0285073420;960000;55977;4023
test;8;4;100;0.1000000000;0.0119592390;29.8051356460;10000;5578.0285073420;960000;9293;707
train;8;4;100;0.1000000000;0.0123273480;372.5277236560;60000;5950.5562309980;1020000;;
test;8;4;100;0.1000000000;0.0111747300;198.9789164880;60000;5950.5562309980;1020000;56200;3800
test;8;4;100;0.1000000000;0.0120490270;33.3875660460;10000;5950.5562309980;1020000;9345;655
train;8;4;100;0.1000000000;0.0125913790;346.2033925890;60000;6296.7596235870;1080000;;
test;8;4;100;0.1000000000;0.0109750730;195.0081075530;60000;6296.7596235870;1080000;56247;3753
test;8;4;100;0.1000000000;0.0125523790;32.9652063420;10000;6296.7596235870;1080000;9363;637
train;8;4;100;0.1000000000;0.0126671680;349.6738975560;60000;6646.4335211430;1140000;;
test;8;4;100;0.1000000000;0.0111681470;192.4809443450;60000;6646.4335211430;1140000;56315;3685
test;8;4;100;0.1000000000;0.0118543680;32.0730976330;10000;6646.4335211430;1140000;9367;633
train;8;4;100;0.1000000000;0.0123673890;340.3139933120;60000;6986.7475144550;1200000;;
test;8;4;100;0.1000000000;0.0107394980;202.6831716430;60000;6986.7475144550;1200000;56433;3567
test;8;4;100;0.1000000000;0.0122126040;28.2217697660;10000;6986.7475144550;1200000;9390;610
train;8;4;100;0.1000000000;0.0129088220;345.1242910750;60000;7331.8718055300;1260000;;
test;8;4;100;0.1000000000;0.0109262420;183.6114208040;60000;7331.8718055300;1260000;56510;3490
test;8;4;100;0.1000000000;0.0122562680;29.8060969750;10000;7331.8718055300;1260000;9390;610
train;8;4;100;0.1000000000;0.0113938890;345.3407540460;60000;7677.2125595760;1320000;;
test;8;4;100;0.1000000000;0.0109056170;189.8926719090;60000;7677.2125595760;1320000;56574;3426
test;8;4;100;0.1000000000;0.0120515260;31.1101889160;10000;7677.2125595760;1320000;9405;595
train;8;4;100;0.1000000000;0.0138909890;350.6201115810;60000;8027.8326711570;1380000;;
test;8;4;100;0.1000000000;0.0109959040;185.9559106090;60000;8027.8326711570;1380000;56697;3303
test;8;4;100;0.1000000000;0.0126358340;31.1740190550;10000;8027.8326711570;1380000;9422;578
train;8;4;100;0.1000000000;0.0121096080;336.2174486630;60000;8364.0501198200;1440000;;
test;8;4;100;0.1000000000;0.0109402400;201.3053423990;60000;8364.0501198200;1440000;56768;3232
test;8;4;100;0.1000000000;0.0126496680;27.9867878080;10000;8364.0501198200;1440000;9436;564
train;8;4;100;0.1000000000;0.0120657330;352.3439897460;60000;8716.3941095660;1500000;;
test;8;4;100;0.1000000000;0.0109359090;178.4087025160;60000;8716.3941095660;1500000;56831;3169
test;8;4;100;0.1000000000;0.0122494760;34.0880861960;10000;8716.3941095660;1500000;9445;555
train;8;4;100;0.1000000000;0.0124608010;337.6299640510;60000;9054.0240736170;1560000;;
test;8;4;100;0.1000000000;0.0108808270;189.6190304490;60000;9054.0240736170;1560000;56883;3117
test;8;4;100;0.1000000000;0.0124548440;32.7162026980;10000;9054.0240736170;1560000;9443;557
train;8;4;100;0.1000000000;0.0126554600;342.3901504640;60000;9396.4142240810;1620000;;
test;8;4;100;0.1000000000;0.0112448950;198.6694648670;60000;9396.4142240810;1620000;56998;3002
test;8;4;100;0.1000000000;0.0115660480;34.2024741780;10000;9396.4142240810;1620000;9467;533
train;8;4;100;0.1000000000;0.0124577600;374.0986601080;60000;9770.5128841890;1680000;;
test;8;4;100;0.1000000000;0.0109563230;201.9796480800;60000;9770.5128841890;1680000;57055;2945
test;8;4;100;0.1000000000;0.0121693540;32.3804931630;10000;9770.5128841890;1680000;9462;538
train;8;4;100;0.1000000000;0.0127644970;351.7227345960;60000;10122.2356187850;1740000;;
test;8;4;100;0.1000000000;0.0110496950;178.6217529460;60000;10122.2356187850;1740000;57095;2905
test;8;4;100;0.1000000000;0.0121416070;29.3970979560;10000;10122.2356187850;1740000;9480;520
train;8;4;100;0.1000000000;0.0126595840;343.6939741960;60000;10465.9295929810;1800000;;
test;8;4;100;0.1000000000;0.0112087720;191.9020498340;60000;10465.9295929810;1800000;57193;2807
test;8;4;100;0.1000000000;0.0114068460;32.4640148060;10000;10465.9295929810;1800000;9484;516
train;8;4;100;0.1000000000;0.0137454120;337.1858264980;60000;10803.1154194790;1860000;;
test;8;4;100;0.1000000000;0.0108251620;188.4320356130;60000;10803.1154194790;1860000;57221;2779
test;8;4;100;0.1000000000;0.0131938940;34.5327677730;10000;10803.1154194790;1860000;9493;507
train;8;4;100;0.1000000000;0.0133563460;337.1166017820;60000;11140.2320212610;1920000;;
test;8;4;100;0.1000000000;0.0113681380;185.8985661020;60000;11140.2320212610;1920000;57326;2674
test;8;4;100;0.1000000000;0.0114969670;33.9634908100;10000;11140.2320212610;1920000;9504;496
train;8;4;100;0.1000000000;0.0113234750;337.9992630200;60000;11478.2312842810;1980000;;
test;8;4;100;0.1000000000;0.0110823610;184.5648774350;60000;11478.2312842810;1980000;57389;2611
test;8;4;100;0.1000000000;0.0145266710;33.6534443910;10000;11478.2312842810;1980000;9496;504
train;8;4;100;0.1000000000;0.0116306280;337.6706956930;60000;11815.9019799740;2040000;;
test;8;4;100;0.1000000000;0.0111132760;191.8410615610;60000;11815.9019799740;2040000;57378;2622
test;8;4;100;0.1000000000;0.0126315850;32.4782593230;10000;11815.9019799740;2040000;9503;497
train;8;4;100;0.1000000000;0.0118327030;352.1784704000;60000;12168.0804503740;2100000;;
test;8;4;100;0.1000000000;0.0157965330;193.4690030730;60000;12168.0804503740;2100000;57468;2532
test;8;4;100;0.1000000000;0.0121725630;33.3885152100;10000;12168.0804503740;2100000;9521;479
train;8;4;100;0.1000000000;0.0129552800;353.1720429450;60000;12521.2524933190;2160000;;
test;8;4;100;0.1000000000;0.0111398570;194.5749466030;60000;12521.2524933190;2160000;57519;2481
test;8;4;100;0.1000000000;0.0126380440;30.7571222110;10000;12521.2524933190;2160000;9525;475
train;8;4;100;0.1000000000;0.0114970920;339.4648193140;60000;12860.7173126330;2220000;;
test;8;4;100;0.1000000000;0.0110956930;168.8177075680;60000;12860.7173126330;2220000;57533;2467
test;8;4;100;0.1000000000;0.0113988880;29.2168797800;10000;12860.7173126330;2220000;9531;469
train;8;4;100;0.1000000000;0.0124893830;338.6931080870;60000;13199.4104207200;2280000;;
test;8;4;100;0.1000000000;0.0109648220;188.5324419610;60000;13199.4104207200;2280000;57634;2366
test;8;4;100;0.1000000000;0.0126477940;29.8328210840;10000;13199.4104207200;2280000;9542;458
train;8;4;100;0.1000000000;0.0126097530;335.3897030120;60000;13534.8001237320;2340000;;
test;8;4;100;0.1000000000;0.0110755270;188.4656130610;60000;13534.8001237320;2340000;57563;2437
test;8;4;100;0.1000000000;0.0113604730;33.2833869540;10000;13534.8001237320;2340000;9528;472
train;8;4;100;0.1000000000;0.0118408690;348.8685552320;60000;13883.6686789640;2400000;;
test;8;4;100;0.1000000000;0.0110475700;192.1612553370;60000;13883.6686789640;2400000;57664;2336
test;8;4;100;0.1000000000;0.0118032870;31.5789431750;10000;13883.6686789640;2400000;9551;449
train;8;4;100;0.1000000000;0.0132251430;353.6686025600;60000;14237.3372815240;2460000;;
test;8;4;100;0.1000000000;0.0108499120;174.0332710070;60000;14237.3372815240;2460000;57708;2292
test;8;4;100;0.1000000000;0.0118607020;30.3274972750;10000;14237.3372815240;2460000;9558;442
train;8;4;100;0.1000000000;0.0121509400;335.4621119560;60000;14572.7993934800;2520000;;
test;8;4;100;0.1000000000;0.0112211450;194.9170837410;60000;14572.7993934800;2520000;57744;2256
test;8;4;100;0.1000000000;0.0116622100;33.0100905900;10000;14572.7993934800;2520000;9557;443
train;8;4;100;0.1000000000;0.0118499520;348.1504333400;60000;14920.9498268200;2580000;;
test;8;4;100;0.1000000000;0.0110394030;189.3299787060;60000;14920.9498268200;2580000;57804;2196
test;8;4;100;0.1000000000;0.0117683710;30.7917683490;10000;14920.9498268200;2580000;9568;432
train;8;4;100;0.1000000000;0.0124620520;338.1980266240;60000;15259.1478534440;2640000;;
test;8;4;100;0.1000000000;0.0108344110;189.5948588460;60000;15259.1478534440;2640000;57840;2160
test;8;4;100;0.1000000000;0.0127734540;31.3667085360;10000;15259.1478534440;2640000;9583;417
train;8;4;100;0.1000000000;0.0154249230;340.8472170650;60000;15599.9950705090;2700000;;
test;8;4;100;0.1000000000;0.0108927850;192.4931636580;60000;15599.9950705090;2700000;57817;2183
test;8;4;100;0.1000000000;0.0118768260;33.4181392370;10000;15599.9950705090;2700000;9593;407
train;8;4;100;0.1000000000;0.0131716040;340.3643744540;60000;15940.3594449630;2760000;;
test;8;4;100;0.1000000000;0.0108313300;194.2533021500;60000;15940.3594449630;2760000;57922;2078
test;8;4;100;0.1000000000;0.0116632930;31.5985803310;10000;15940.3594449630;2760000;9588;412
train;8;4;100;0.1000000000;0.0137754940;356.6788028690;60000;16297.0382478320;2820000;;
test;8;4;100;0.1000000000;0.0131833120;188.7295515330;60000;16297.0382478320;2820000;57944;2056
test;8;4;100;0.1000000000;0.0116960010;37.1751328490;10000;16297.0382478320;2820000;9589;411
train;8;4;100;0.1000000000;0.0114351370;360.9019998490;60000;16657.9402476810;2880000;;
test;8;4;100;0.1000000000;0.0125247990;195.1972227150;60000;16657.9402476810;2880000;57863;2137
test;8;4;100;0.1000000000;0.0136422080;32.1691326980;10000;16657.9402476810;2880000;9590;410
train;8;4;100;0.1000000000;0.0124214270;391.3198241820;60000;17049.2600718630;2940000;;
test;8;4;100;0.1000000000;0.0125293390;199.0971032300;60000;17049.2600718630;2940000;57868;2132
test;8;4;100;0.1000000000;0.0118520350;36.5641210030;10000;17049.2600718630;2940000;9583;417
train;8;4;100;0.1000000000;0.0134401760;347.9875337660;60000;17397.2476056290;3000000;;
test;8;4;100;0.1000000000;0.0110062800;189.6909152890;60000;17397.2476056290;3000000;58055;1945
test;8;4;100;0.1000000000;0.0124900500;30.9970851620;10000;17397.2476056290;3000000;9599;401
train;8;4;100;0.1000000000;0.0119996120;354.2529541760;60000;17751.5005598050;3060000;;
test;8;4;100;0.1000000000;0.0108713680;177.7888227930;60000;17751.5005598050;3060000;58088;1912
test;8;4;100;0.1000000000;0.0123276810;31.4175131530;10000;17751.5005598050;3060000;9602;398
train;8;4;100;0.1000000000;0.0119604060;351.3323658560;60000;18102.8329256610;3120000;;
test;8;4;100;0.1000000000;0.0127902040;197.1214364410;60000;18102.8329256610;3120000;58079;1921
test;8;4;100;0.1000000000;0.0116927910;36.1448245090;10000;18102.8329256610;3120000;9610;390
train;8;4;100;0.1000000000;0.0147380360;384.7992064260;60000;18487.6321320870;3180000;;
test;8;4;100;0.1000000000;0.0237262760;215.1887016280;60000;18487.6321320870;3180000;58104;1896
test;8;4;100;0.1000000000;0.0136692070;34.4873442150;10000;18487.6321320870;3180000;9626;374
train;8;4;100;0.1000000000;0.0128054120;367.7189337020;60000;18855.3510657890;3240000;;
test;8;4;100;0.1000000000;0.0153453440;196.4547191530;60000;18855.3510657890;3240000;58199;1801
test;8;4;100;0.1000000000;0.0177083670;31.8999937840;10000;18855.3510657890;3240000;9622;378
train;8;4;100;0.1000000000;0.0171291850;367.0037702940;60000;19222.3548360830;3300000;;
test;8;4;100;0.1000000000;0.0143367630;197.7866295220;60000;19222.3548360830;3300000;58120;1880
test;8;4;100;0.1000000000;0.0123869300;32.9272606350;10000;19222.3548360830;3300000;9618;382
train;8;4;100;0.1000000000;0.0118252870;346.8129087490;60000;19569.1677448320;3360000;;
test;8;4;100;0.1000000000;0.0111488150;191.2074183100;60000;19569.1677448320;3360000;58201;1799
test;8;4;100;0.1000000000;0.0142396830;32.1586844790;10000;19569.1677448320;3360000;9611;389
train;8;4;100;0.1000000000;0.0127928270;354.3596926460;60000;19923.5274374780;3420000;;
test;8;4;100;0.1000000000;0.0108472440;189.2915316490;60000;19923.5274374780;3420000;58197;1803
test;8;4;100;0.1000000000;0.0127522880;32.1226912280;10000;19923.5274374780;3420000;9630;370
train;8;4;100;0.1000000000;0.0171950140;386.5088551260;60000;20310.0362926040;3480000;;
test;8;4;100;0.1000000000;0.0258495180;201.4578852050;60000;20310.0362926040;3480000;58205;1795
test;8;4;100;0.1000000000;0.0113668880;31.3331616330;10000;20310.0362926040;3480000;9625;375
train;8;4;100;0.1000000000;0.0133516790;344.6050784010;60000;20654.6413710050;3540000;;
test;8;4;100;0.1000000000;0.0110229880;200.3650768360;60000;20654.6413710050;3540000;58277;1723
test;8;4;100;0.1000000000;0.0125987540;30.6240939710;10000;20654.6413710050;3540000;9617;383
train;8;4;100;0.1000000000;0.0127490390;339.7367195760;60000;20994.3780905810;3600000;;
test;8;4;100;0.1000000000;0.0110140720;189.1776586400;60000;20994.3780905810;3600000;58316;1684
test;8;4;100;0.1000000000;0.0126661240;29.7863351560;10000;20994.3780905810;3600000;9648;352
train;8;4;100;0.1000000000;0.0120039460;339.8467195630;60000;21334.2248101440;3660000;;
test;8;4;100;0.1000000000;0.0109627400;192.4684224620;60000;21334.2248101440;3660000;58288;1712
test;8;4;100;0.1000000000;0.0111225240;33.3918584430;10000;21334.2248101440;3660000;9624;376
train;8;4;100;0.1000000000;0.0119754050;354.7910131000;60000;21689.0158232440;3720000;;
test;8;4;100;0.1000000000;0.0109202010;191.0939430760;60000;21689.0158232440;3720000;58379;1621
test;8;4;100;0.1000000000;0.0119689050;29.2476146350;10000;21689.0158232440;3720000;9644;356
train;8;4;100;0.1000000000;0.0121019830;342.2880269120;60000;22031.3038501560;3780000;;
test;8;4;100;0.1000000000;0.0110721100;196.2703091530;60000;22031.3038501560;3780000;58341;1659
test;8;4;100;0.1000000000;0.0115324660;33.2679532820;10000;22031.3038501560;3780000;9646;354
train;8;4;100;0.1000000000;0.0125332970;342.6566893240;60000;22373.9605394800;3840000;;
test;8;4;100;0.1000000000;0.0112172300;198.2811410950;60000;22373.9605394800;3840000;58317;1683
test;8;4;100;0.1000000000;0.0112815600;30.3327030130;10000;22373.9605394800;3840000;9628;372
train;8;4;100;0.1000000000;0.0132823490;355.9557664400;60000;22729.9163059200;3900000;;
test;8;4;100;0.1000000000;0.0110287780;181.6889534980;60000;22729.9163059200;3900000;58331;1669
test;8;4;100;0.1000000000;0.0119982370;30.6804794050;10000;22729.9163059200;3900000;9617;383
train;8;4;100;0.1000000000;0.0113413890;346.3696394090;60000;23076.2859453290;3960000;;
test;8;4;100;0.1000000000;0.0232634630;190.6237674620;60000;23076.2859453290;3960000;58390;1610
test;8;4;100;0.1000000000;0.0116472100;33.0467038190;10000;23076.2859453290;3960000;9643;357
train;8;4;100;0.1000000000;0.0134768830;331.3527594830;60000;23407.6387048120;4020000;;
test;8;4;100;0.1000000000;0.0109793640;194.4144159690;60000;23407.6387048120;4020000;58432;1568
test;8;4;100;0.1000000000;0.0126227110;33.1984542490;10000;23407.6387048120;4020000;9646;354
train;8;4;100;0.1000000000;0.0136175440;341.5021292100;60000;23749.1408340220;4080000;;
test;8;4;100;0.1000000000;0.0110753190;202.3087751420;60000;23749.1408340220;4080000;58447;1553
test;8;4;100;0.1000000000;0.0118377030;30.0987751350;10000;23749.1408340220;4080000;9649;351
train;8;4;100;0.1000000000;0.0115843390;346.9908167280;60000;24096.1316507500;4140000;;
test;8;4;100;0.1000000000;0.0110457370;175.1453280580;60000;24096.1316507500;4140000;58481;1519
test;8;4;100;0.1000000000;0.0121153570;32.2754700310;10000;24096.1316507500;4140000;9646;354
train;8;4;100;0.1000000000;0.0110964010;334.0135659830;60000;24430.1452167330;4200000;;
test;8;4;100;0.1000000000;0.0109564490;197.4326455670;60000;24430.1452167330;4200000;58460;1540
test;8;4;100;0.1000000000;0.0133904690;34.0167612410;10000;24430.1452167330;4200000;9633;367
train;8;4;100;0.1000000000;0.0128855750;351.3140101860;60000;24781.4592269190;4260000;;
test;8;4;100;0.1000000000;0.0111149840;188.1621842770;60000;24781.4592269190;4260000;58361;1639
test;8;4;100;0.1000000000;0.0114748850;30.9836090710;10000;24781.4592269190;4260000;9627;373
train;8;4;100;0.1000000000;0.0115207160;345.3765876730;60000;25126.8358145920;4320000;;
test;8;4;100;0.1000000000;0.0109285740;190.6025893210;60000;25126.8358145920;4320000;58468;1532
test;8;4;100;0.1000000000;0.0122460180;31.1065878190;10000;25126.8358145920;4320000;9634;366
train;8;4;100;0.1000000000;0.0121704810;351.8437742040;60000;25478.6795887960;4380000;;
test;8;4;100;0.1000000000;0.0108845760;193.2533906590;60000;25478.6795887960;4380000;58473;1527
test;8;4;100;0.1000000000;0.0121807290;30.8596213330;10000;25478.6795887960;4380000;9651;349
train;8;4;100;0.1000000000;0.0123458060;360.1689562130;60000;25838.8485450090;4440000;;
test;8;4;100;0.1000000000;0.0110631520;195.6596065840;60000;25838.8485450090;4440000;58574;1426
test;8;4;100;0.1000000000;0.0141862680;32.0033167450;10000;25838.8485450090;4440000;9646;354
train;8;4;100;0.1000000000;0.0112238540;336.8924102850;60000;26175.7409552940;4500000;;
test;8;4;100;0.1000000000;0.0108887840;190.9529935530;60000;26175.7409552940;4500000;58574;1426
test;8;4;100;0.1000000000;0.0125578810;30.7496042820;10000;26175.7409552940;4500000;9651;349
train;8;4;100;0.1000000000;0.0132980160;354.7514417140;60000;26530.4923970080;4560000;;
test;8;4;100;0.1000000000;0.0107856650;189.3630176220;60000;26530.4923970080;4560000;58557;1443
test;8;4;100;0.1000000000;0.0259992640;30.9156883510;10000;26530.4923970080;4560000;9654;346
train;8;4;100;0.1000000000;0.0124430510;335.9379001190;60000;26866.4302971270;4620000;;
test;8;4;100;0.1000000000;0.0128524510;183.4742182530;60000;26866.4302971270;4620000;58579;1421
test;8;4;100;0.1000000000;0.0120396940;33.0074661280;10000;26866.4302971270;4620000;9661;339
train;8;4;100;0.1000000000;0.0114542590;384.8090386800;60000;27251.2393358070;4680000;;
test;8;4;100;0.1000000000;0.0198451110;186.2124181470;60000;27251.2393358070;4680000;58599;1401
test;8;4;100;0.1000000000;0.0118458690;30.8856978800;10000;27251.2393358070;4680000;9651;349
train;8;4;100;0.1000000000;0.0140215260;333.1926081070;60000;27584.4319439140;4740000;;
test;8;4;100;0.1000000000;0.0110371120;194.0932290300;60000;27584.4319439140;4740000;58581;1419
test;8;4;100;0.1000000000;0.0146533330;34.0302994100;10000;27584.4319439140;4740000;9650;350
train;8;4;100;0.1000000000;0.0133017650;354.1779801660;60000;27938.6099240800;4800000;;
test;8;4;100;0.1000000000;0.0111933550;189.7613676870;60000;27938.6099240800;4800000;58699;1301
test;8;4;100;0.1000000000;0.0125695040;33.4126740160;10000;27938.6099240800;4800000;9664;336
train;8;4;100;0.1000000000;0.0111301490;356.9946116680;60000;28295.6045357480;4860000;;
test;8;4;100;0.1000000000;0.0111580640;202.0288539790;60000;28295.6045357480;4860000;58622;1378
test;8;4;100;0.1000000000;0.0118065780;32.3978399210;10000;28295.6045357480;4860000;9664;336
train;8;4;100;0.1000000000;0.0132790990;350.7505930160;60000;28646.3551287640;4920000;;
test;8;4;100;0.1000000000;0.0107794570;188.8569104600;60000;28646.3551287640;4920000;58694;1306
test;8;4;100;0.1000000000;0.0117206650;33.2374732150;10000;28646.3551287640;4920000;9661;339
train;8;4;100;0.1000000000;0.0114615090;352.1716963160;60000;28998.5268250800;4980000;;
test;8;4;100;0.1000000000;0.0108412030;188.1595798090;60000;28998.5268250800;4980000;58679;1321
test;8;4;100;0.1000000000;0.0123000990;31.5765216930;10000;28998.5268250800;4980000;9662;338
train;8;4;100;0.1000000000;0.0126068360;343.3032426190;60000;29341.8300676990;5040000;;
test;8;4;100;0.1000000000;0.0109449080;186.0729129040;60000;29341.8300676990;5040000;58584;1416
test;8;4;100;0.1000000000;0.0126949580;30.9915070220;10000;29341.8300676990;5040000;9651;349
train;8;4;100;0.1000000000;0.0125041750;334.2454740300;60000;29676.0755417290;5100000;;
test;8;4;100;0.1000000000;0.0108233290;198.4700803980;60000;29676.0755417290;5100000;58704;1296
test;8;4;100;0.1000000000;0.0116988330;34.2650294650;10000;29676.0755417290;5100000;9662;338
train;8;4;100;0.1000000000;0.0121221070;333.8823272580;60000;30009.9578689870;5160000;;
test;8;4;100;0.1000000000;0.0110339870;186.0192608250;60000;30009.9578689870;5160000;58561;1439
test;8;4;100;0.1000000000;0.0117330810;34.0370453730;10000;30009.9578689870;5160000;9650;350
train;8;4;100;0.1000000000;0.0119834880;336.6604503330;60000;30346.6183193200;5220000;;
test;8;4;100;0.1000000000;0.0112337290;176.9723671110;60000;30346.6183193200;5220000;58553;1447
test;8;4;100;0.1000000000;0.0116537940;32.3423585870;10000;30346.6183193200;5220000;9638;362
train;8;4;100;0.1000000000;0.0130012370;345.0233030640;60000;30691.6416223840;5280000;;
test;8;4;100;0.1000000000;0.0111485230;192.6674900370;60000;30691.6416223840;5280000;58758;1242
test;8;4;100;0.1000000000;0.0125008000;33.9103990770;10000;30691.6416223840;5280000;9676;324
train;8;4;100;0.1000000000;0.0130269440;337.4140370400;60000;31029.0556594240;5340000;;
test;8;4;100;0.1000000000;0.0109888640;206.6289674690;60000;31029.0556594240;5340000;58728;1272
test;8;4;100;0.1000000000;0.0126338760;33.1168440800;10000;31029.0556594240;5340000;9664;336
train;8;4;100;0.1000000000;0.0117789550;355.2563090800;60000;31384.3119685040;5400000;;
test;8;4;100;0.1000000000;0.0111269830;199.9591005970;60000;31384.3119685040;5400000;58699;1301
test;8;4;100;0.1000000000;0.0125506290;31.9744036030;10000;31384.3119685040;5400000;9670;330
train;8;4;100;0.1000000000;0.0123954280;337.8014154870;60000;31722.1133839910;5460000;;
test;8;4;100;0.1000000000;0.0108418700;186.8825800190;60000;31722.1133839910;5460000;58779;1221
test;8;4;100;0.1000000000;0.0128219530;29.9972488080;10000;31722.1133839910;5460000;9670;330
train;8;4;100;0.1000000000;0.0111539400;340.2833478330;60000;32062.3967318240;5520000;;
test;8;4;100;0.1000000000;0.0108982850;184.5147668200;60000;32062.3967318240;5520000;58799;1201
test;8;4;100;0.1000000000;0.0123955540;32.5613668970;10000;32062.3967318240;5520000;9677;323
train;8;4;100;0.1000000000;0.0124268860;345.5836440010;60000;32407.9803758250;5580000;;
test;8;4;100;0.1000000000;0.0109410740;200.7379396080;60000;32407.9803758250;5580000;58759;1241
test;8;4;100;0.1000000000;0.0124100530;31.8772682970;10000;32407.9803758250;5580000;9671;329
train;8;4;100;0.1000000000;0.0123658050;336.3716959520;60000;32744.3520717770;5640000;;
test;8;4;100;0.1000000000;0.0108399520;201.5465736670;60000;32744.3520717770;5640000;58844;1156
test;8;4;100;0.1000000000;0.0122712660;31.6536698960;10000;32744.3520717770;5640000;9672;328
train;8;4;100;0.1000000000;0.0115398400;346.2024418850;60000;33090.5545136620;5700000;;
test;8;4;100;0.1000000000;0.0108693270;194.3089067600;60000;33090.5545136620;5700000;58775;1225
test;8;4;100;0.1000000000;0.0114841350;31.0570203070;10000;33090.5545136620;5700000;9668;332
train;8;4;100;0.1000000000;0.0128037440;341.3896340550;60000;33431.9441477170;5760000;;
test;8;4;100;0.1000000000;0.0108055800;191.0633012650;60000;33431.9441477170;5760000;58884;1116
test;8;4;100;0.1000000000;0.0118059130;31.2350118270;10000;33431.9441477170;5760000;9690;310
train;8;4;100;0.1000000000;0.0123939280;352.6577828520;60000;33784.6019305690;5820000;;
test;8;4;100;0.1000000000;0.0112600600;181.2165155690;60000;33784.6019305690;5820000;58801;1199
test;8;4;100;0.1000000000;0.0125224650;33.3876001260;10000;33784.6019305690;5820000;9663;337
train;8;4;100;0.1000000000;0.0136320850;345.9245492990;60000;34130.5264798680;5880000;;
test;8;4;100;0.1000000000;0.0113309750;200.3260810810;60000;34130.5264798680;5880000;58840;1160
test;8;4;100;0.1000000000;0.0119000750;31.3175121360;10000;34130.5264798680;5880000;9669;331
train;8;4;100;0.1000000000;0.0122424360;342.3501311340;60000;34472.8766110020;5940000;;
test;8;4;100;0.1000000000;0.0108336210;179.7752566500;60000;34472.8766110020;5940000;58931;1069
test;8;4;100;0.1000000000;0.0167315340;31.8685274640;10000;34472.8766110020;5940000;9686;314
train;8;4;100;0.1000000000;0.0124687170;333.2660595940;60000;34806.1426705960;6000000;;
test;8;4;100;0.1000000000;0.0110550270;194.3179685420;60000;34806.1426705960;6000000;58948;1052
test;8;4;100;0.1000000000;0.0123996780;30.4919259970;10000;34806.1426705960;6000000;9685;315
