Mode;CPUs;Parallel;WorkerBatch;LearningRate;WorkerSetupTime;EpochElapsedTime;EpochLines;TotalElapsedTime;TotalLines;Correct;Incorrect
train;8;3;100;0.1000000000;0.0104922190;476.4509195080;60000;476.4509195080;60000;;
test;8;3;100;0.1000000000;0.0088407890;234.0916822190;60000;476.4509195080;60000;38990;21010
test;8;3;100;0.1000000000;0.0181111010;42.0147651130;10000;476.4509195080;60000;6623;3377
train;8;3;100;0.1000000000;0.0085242600;493.7968587540;60000;970.2477782620;120000;;
test;8;3;100;0.1000000000;0.0089999070;241.5441030860;60000;970.2477782620;120000;41698;18302
test;8;3;100;0.1000000000;0.0096637530;40.1903712800;10000;970.2477782620;120000;6932;3068
train;8;3;100;0.1000000000;0.0099677000;435.8718622440;60000;1406.1196405060;180000;;
test;8;3;100;0.1000000000;0.0088038320;244.9877456540;60000;1406.1196405060;180000;52311;7689
test;8;3;100;0.1000000000;0.0187679050;35.9862431960;10000;1406.1196405060;180000;8754;1246
train;8;3;100;0.1000000000;0.0091238180;436.2789642650;60000;1842.3986047710;240000;;
test;8;3;100;0.1000000000;0.0087845410;237.8504403400;60000;1842.3986047710;240000;53483;6517
test;8;3;100;0.1000000000;0.0096158810;37.6461667600;10000;1842.3986047710;240000;8977;1023
train;8;3;100;0.1000000000;0.0087092110;448.9020683020;60000;2291.3006730730;300000;;
test;8;3;100;0.1000000000;0.0089479090;240.2138075170;60000;2291.3006730730;300000;54292;5708
test;8;3;100;0.1000000000;0.0089971580;35.8247402290;10000;2291.3006730730;300000;9105;895
train;8;3;100;0.1000000000;0.0124959650;435.3855334040;60000;2726.6862064770;360000;;
test;8;3;100;0.1000000000;0.0086470900;274.0321586410;60000;2726.6862064770;360000;54556;5444
test;8;3;100;0.1000000000;0.0096967930;35.6188614410;10000;2726.6862064770;360000;9112;888
train;8;3;100;0.1000000000;0.0088179980;511.4176302310;60000;3238.1038367080;420000;;
test;8;3;100;0.1000000000;0.0089476600;205.3190277520;60000;3238.1038367080;420000;54927;5073
test;8;3;100;0.1000000000;0.0089088690;43.6449339810;10000;3238.1038367080;420000;9161;839
train;8;3;100;0.1000000000;0.0081004040;420.6973167710;60000;3658.8011534790;480000;;
test;8;3;100;0.1000000000;0.0093167680;231.0261270990;60000;3658.8011534790;480000;55168;4832
test;8;3;100;0.1000000000;0.0090134900;42.1958035410;10000;3658.8011534790;480000;9211;789
train;8;3;100;0.1000000000;0.0079247450;446.6952298700;60000;4105.4963833490;540000;;
test;8;3;100;0.1000000000;0.0105744220;215.2910455860;60000;4105.4963833490;540000;55362;4638
test;8;3;100;0.1000000000;0.0089163690;40.2678261820;10000;4105.4963833490;540000;9225;775
train;8;3;100;0.1000000000;0.0093574330;433.1624934860;60000;4538.6588768350;600000;;
test;8;3;100;0.1000000000;0.0123088490;248.8534335380;60000;4538.6588768350;600000;55484;4516
test;8;3;100;0.1000000000;0.0214277930;41.6008335910;10000;4538.6588768350;600000;9229;771
train;8;3;100;0.1000000000;0.0097145020;439.6803897780;60000;4978.3392666130;660000;;
test;8;3;100;0.1000000000;0.0089850330;243.1304256140;60000;4978.3392666130;660000;55687;4313
test;8;3;100;0.1000000000;0.0092584800;37.5889380850;10000;4978.3392666130;660000;9269;731
train;8;3;100;0.1000000000;0.0077763770;441.9859509910;60000;5420.3252176040;720000;;
test;8;3;100;0.1000000000;0.0124928000;228.1220462030;60000;5420.3252176040;720000;55724;4276
test;8;3;100;0.1000000000;0.0114765100;36.6266492480;10000;5420.3252176040;720000;9278;722
train;8;3;100;0.1000000000;0.0134928420;454.3959187310;60000;5874.7211363350;780000;;
test;8;3;100;0.1000000000;0.0087889160;232.7988843340;60000;5874.7211363350;780000;55964;4036
test;8;3;100;0.1000000000;0.0094716370;40.1165333590;10000;5874.7211363350;780000;9303;697
train;8;3;100;0.1000000000;0.0098189980;442.8217275380;60000;6317.5428638730;840000;;
test;8;3;100;0.1000000000;0.0090983200;243.1687138090;60000;6317.5428638730;840000;56088;3912
test;8;3;100;0.1000000000;0.0088908700;37.1512651600;10000;6317.5428638730;840000;9320;680
train;8;3;100;0.1000000000;0.0116385030;454.8774154080;60000;6772.4202792810;900000;;
test;8;3;100;0.1000000000;0.0087119610;231.1891786800;60000;6772.4202792810;900000;56115;3885
test;8;3;100;0.1000000000;0.0144473810;41.0654223480;10000;6772.4202792810;900000;9337;663
train;8;3;100;0.1000000000;0.0087440430;437.3883609310;60000;7209.8086402120;960000;;
test;8;3;100;0.1000000000;0.0153394290;214.8365569650;60000;7209.8086402120;960000;56200;3800
test;8;3;100;0.1000000000;0.0097122520;38.7918390520;10000;7209.8086402120;960000;9344;656
train;8;3;100;0.1000000000;0.0077049220;447.4771500710;60000;7657.2857902830;1020000;;
test;8;3;100;0.1000000000;0.0100760280;240.5843427070;60000;7657.2857902830;1020000;56385;3615
test;8;3;100;0.1000000000;0.0091822330;37.2003437700;10000;7657.2857902830;1020000;9381;619
train;8;3;100;0.1000000000;0.0077678760;480.7260329610;60000;8138.0118232440;1080000;;
test;8;3;100;0.1000000000;0.0088974110;227.5878453300;60000;8138.0118232440;1080000;56536;3464
test;8;3;100;0.1000000000;0.0088876210;39.3923574300;10000;8138.0118232440;1080000;9406;594
train;8;3;100;0.1000000000;0.0093047690;456.6364060380;60000;8594.6482292820;1140000;;
test;8;3;100;0.1000000000;0.0112906840;224.2254830570;60000;8594.6482292820;1140000;56522;3478
test;8;3;100;0.1000000000;0.0094641790;36.3118049900;10000;8594.6482292820;1140000;9388;612
train;8;3;100;0.1000000000;0.0082028590;430.7061443760;60000;9025.3543736580;1200000;;
test;8;3;100;0.1000000000;0.0092283970;222.8463950270;60000;9025.3543736580;1200000;56680;3320
test;8;3;100;0.1000000000;0.0091080700;39.1995749970;10000;9025.3543736580;1200000;9430;570
train;8;3;100;0.1000000000;0.0074353900;450.2799100990;60000;9475.6342837570;1260000;;
test;8;3;100;0.1000000000;0.0093306010;226.4002644140;60000;9475.6342837570;1260000;56822;3178
test;8;3;100;0.1000000000;0.0093440170;36.8887298800;10000;9475.6342837570;1260000;9441;559
train;8;3;100;0.1000000000;0.0076598390;433.8310926280;60000;9909.4653763850;1320000;;
test;8;3;100;0.1000000000;0.0092423140;210.3534455980;60000;9909.4653763850;1320000;56897;3103
test;8;3;100;0.1000000000;0.0131680630;36.9843421300;10000;9909.4653763850;1320000;9437;563
train;8;3;100;0.1000000000;0.0097422500;460.9683714470;60000;10370.4337478320;1380000;;
test;8;3;100;0.1000000000;0.0087062520;210.7877830840;60000;10370.4337478320;1380000;56970;3030
test;8;3;100;0.1000000000;0.0094370550;38.9342165540;10000;10370.4337478320;1380000;9466;534
train;8;3;100;0.1000000000;0.0075107630;443.4316630430;60000;10813.8654108750;1440000;;
test;8;3;100;0.1000000000;0.0088641630;229.0341419390;60000;10813.8654108750;1440000;57048;2952
test;8;3;100;0.1000000000;0.0089621170;38.3889119380;10000;10813.8654108750;1440000;9476;524
train;8;3;100;0.1000000000;0.0072491910;469.5191251120;60000;11283.3845359870;1500000;;
test;8;3;100;0.1000000000;0.0091171110;212.5767977530;60000;11283.3845359870;1500000;57063;2937
test;8;3;100;0.1000000000;0.0096245460;37.4346888040;10000;11283.3845359870;1500000;9477;523
train;8;3;100;0.1000000000;0.0074096420;445.6698298930;60000;11729.0543658800;1560000;;
test;8;3;100;0.1000000000;0.0088630800;242.2929234860;60000;11729.0543658800;1560000;57172;2828
test;8;3;100;0.1000000000;0.0092333140;41.2165713040;10000;11729.0543658800;1560000;9481;519
train;8;3;100;0.1000000000;0.0139939440;437.8696619140;60000;12166.9240277940;1620000;;
test;8;3;100;0.1000000000;0.0093360180;276.1587300180;60000;12166.9240277940;1620000;57270;2730
test;8;3;100;0.1000000000;0.0157977820;42.2393151400;10000;12166.9240277940;1620000;9487;513
train;8;3;100;0.1000000000;0.0090613630;473.3379337810;60000;12640.2619615750;1680000;;
test;8;3;100;0.1000000000;0.0090658630;227.7232936280;60000;12640.2619615750;1680000;57332;2668
test;8;3;100;0.1000000000;0.0092687710;38.0894921940;10000;12640.2619615750;1680000;9490;510
train;8;3;100;0.1000000000;0.0088948280;449.4605794480;60000;13089.7225410230;1740000;;
test;8;3;100;0.1000000000;0.0101996470;248.1698493320;60000;13089.7225410230;1740000;57348;2652
test;8;3;100;0.1000000000;0.0095316340;46.3125439430;10000;13089.7225410230;1740000;9504;496
train;8;3;100;0.1000000000;0.0101811070;466.3179189140;60000;13556.0404599370;1800000;;
test;8;3;100;0.1000000000;0.0137044560;226.4043632410;60000;13556.0404599370;1800000;57424;2576
test;8;3;100;0.1000000000;0.0092945610;36.1161353590;10000;13556.0404599370;1800000;9517;483
train;8;3;100;0.1000000000;0.0139047790;436.3734160180;60000;13992.4138759550;1860000;;
test;8;3;100;0.1000000000;0.0088906200;218.3810992430;60000;13992.4138759550;1860000;57535;2465
test;8;3;100;0.1000000000;0.0093463090;39.5743452810;10000;13992.4138759550;1860000;9518;482
train;8;3;100;0.1000000000;0.0096165880;431.8087680470;60000;14424.2226440020;1920000;;
test;8;3;100;0.1000000000;0.0090138640;209.8091671460;60000;14424.2226440020;1920000;57562;2438
test;8;3;100;0.1000000000;0.0091792330;37.4550930940;10000;14424.2226440020;1920000;9548;452
train;8;3;100;0.1000000000;0.0094613440;424.5877662170;60000;14848.8104102190;1980000;;
test;8;3;100;0.1000000000;0.0091473170;243.9728941820;60000;14848.8104102190;1980000;57536;2464
test;8;3;100;0.1000000000;0.0095124690;41.8820389890;10000;14848.8104102190;1980000;9529;471
train;8;3;100;0.1000000000;0.0092538130;433.7630681610;60000;15282.5734783800;2040000;;
test;8;3;100;0.1000000000;0.0090358640;241.4646980120;60000;15282.5734783800;2040000;57662;2338
test;8;3;100;0.1000000000;0.0096594630;41.9015361150;10000;15282.5734783800;2040000;9558;442
train;8;3;100;0.1000000000;0.0092453130;431.0762612690;60000;15713.6497396490;2100000;;
test;8;3;100;0.1000000000;0.0088639140;232.6484193130;60000;15713.6497396490;2100000;57694;2306
test;8;3;100;0.1000000000;0.0091780250;39.9511739220;10000;15713.6497396490;2100000;9565;435
train;8;3;100;0.1000000000;0.0092098150;430.2498009610;60000;16143.8995406100;2160000;;
test;8;3;100;0.1000000000;0.0088306230;218.5018360390;60000;16143.8995406100;2160000;57731;2269
test;8;3;100;0.1000000000;0.0113009760;41.9643530960;10000;16143.8995406100;2160000;9565;435
train;8;3;100;0.1000000000;0.0149968600;449.2859798990;60000;16593.1855205090;2220000;;
test;8;3;100;0.1000000000;0.0087262520;215.4563943140;60000;16593.1855205090;2220000;57761;2239
test;8;3;100;0.1000000000;0.0091281110;41.6681842170;10000;16593.1855205090;2220000;9571;429
train;8;3;100;0.1000000000;0.0093996400;420.0921817200;60000;17013.2777022290;2280000;;
test;8;3;100;0.1000000000;0.0087339180;219.6248556770;60000;17013.2777022290;2280000;57840;2160
test;8;3;100;0.1000000000;0.0100652790;37.5892223590;10000;17013.2777022290;2280000;9572;428
train;8;3;100;0.1000000000;0.0102076890;426.3153083110;60000;17439.5930105400;2340000;;
test;8;3;100;0.1000000000;0.0089701160;244.6641942390;60000;17439.5930105400;2340000;57909;2091
test;8;3;100;0.1000000000;0.0089694510;42.0373628930;10000;17439.5930105400;2340000;9574;426
train;8;3;100;0.1000000000;0.0143153460;452.9870141550;60000;17892.5800246950;2400000;;
test;8;3;100;0.1000000000;0.0090765300;226.3327570900;60000;17892.5800246950;2400000;57924;2076
test;8;3;100;0.1000000000;0.0090256970;42.3361049600;10000;17892.5800246950;2400000;9593;407
train;8;3;100;0.1000000000;0.0093418930;436.6977656630;60000;18329.2777903580;2460000;;
test;8;3;100;0.1000000000;0.0090470720;259.4246622720;60000;18329.2777903580;2460000;57998;2002
test;8;3;100;0.1000000000;0.0090529040;38.9845618120;10000;18329.2777903580;2460000;9598;402
train;8;3;100;0.1000000000;0.0128874910;432.8892833620;60000;18762.1670737200;2520000;;
test;8;3;100;0.1000000000;0.0105335070;222.6364398820;60000;18762.1670737200;2520000;57871;2129
test;8;3;100;0.1000000000;0.0098837020;45.8311296820;10000;18762.1670737200;2520000;9577;423
train;8;3;100;0.1000000000;0.0089752000;508.3786839310;60000;19270.5457576510;2580000;;
test;8;3;100;0.1000000000;0.0089674910;241.6032175390;60000;19270.5457576510;2580000;58006;1994
test;8;3;100;0.1000000000;0.0134845900;38.0379053510;10000;19270.5457576510;2580000;9600;400
train;8;3;100;0.1000000000;0.0094076400;474.9968419240;60000;19745.5425995750;2640000;;
test;8;3;100;0.1000000000;0.0124793420;216.6574600760;60000;19745.5425995750;2640000;58071;1929
test;8;3;100;0.1000000000;0.0096384630;39.6563395620;10000;19745.5425995750;2640000;9612;388
train;8;3;100;0.1000000000;0.0094948850;443.9406377910;60000;20189.4832373660;2700000;;
test;8;3;100;0.1000000000;0.0121541890;215.3061433610;60000;20189.4832373660;2700000;58026;1974
test;8;3;100;0.1000000000;0.0092268970;40.9290616280;10000;20189.4832373660;2700000;9598;402
train;8;3;100;0.1000000000;0.0093050600;434.4175912260;60000;20623.9008285920;2760000;;
test;8;3;100;0.1000000000;0.0090727370;214.5009173580;60000;20623.9008285920;2760000;58166;1834
test;8;3;100;0.1000000000;0.0195981620;36.0154819510;10000;20623.9008285920;2760000;9619;381
train;8;3;100;0.1000000000;0.0105223420;428.0843494190;60000;21051.9851780110;2820000;;
test;8;3;100;0.1000000000;0.0089527430;224.3142792260;60000;21051.9851780110;2820000;58129;1871
test;8;3;100;0.1000000000;0.0088124160;38.6760983710;10000;21051.9851780110;2820000;9603;397
train;8;3;100;0.1000000000;0.0097678740;438.3516046000;60000;21490.3367826110;2880000;;
test;8;3;100;0.1000000000;0.0091608590;236.2843739720;60000;21490.3367826110;2880000;58230;1770
test;8;3;100;0.1000000000;0.0132636830;36.5006255980;10000;21490.3367826110;2880000;9624;376
train;8;3;100;0.1000000000;0.0124353020;429.8652391440;60000;21920.2020217550;2940000;;
test;8;3;100;0.1000000000;0.0088532040;228.8725406780;60000;21920.2020217550;2940000;58251;1749
test;8;3;100;0.1000000000;0.0087280020;42.1756254420;10000;21920.2020217550;2940000;9627;373
train;8;3;100;0.1000000000;0.0093598920;446.5834162620;60000;22366.7854380170;3000000;;
test;8;3;100;0.1000000000;0.0089016200;242.2943597230;60000;22366.7854380170;3000000;58294;1706
test;8;3;100;0.1000000000;0.0088605380;39.4087633110;10000;22366.7854380170;3000000;9635;365
train;8;3;100;0.1000000000;0.0080285740;426.1663806270;60000;22792.9518186440;3060000;;
test;8;3;100;0.1000000000;0.0142781810;219.4436496230;60000;22792.9518186440;3060000;58276;1724
test;8;3;100;0.1000000000;0.0146367500;38.1547935650;10000;22792.9518186440;3060000;9632;368
train;8;3;100;0.1000000000;0.0081126960;430.7131220380;60000;23223.6649406820;3120000;;
test;8;3;100;0.1000000000;0.0089359920;238.1016634340;60000;23223.6649406820;3120000;58301;1699
test;8;3;100;0.1000000000;0.0091045690;39.9315465970;10000;23223.6649406820;3120000;9623;377
train;8;3;100;0.1000000000;0.0090914030;438.4862634640;60000;23662.1512041460;3180000;;
test;8;3;100;0.1000000000;0.0089572430;223.9816006390;60000;23662.1512041460;3180000;58326;1674
test;8;3;100;0.1000000000;0.0095277190;34.2333929420;10000;23662.1512041460;3180000;9643;357
train;8;3;100;0.1000000000;0.0090592380;436.2063903250;60000;24098.3575944710;3240000;;
test;8;3;100;0.1000000000;0.0086394650;208.5144518180;60000;24098.3575944710;3240000;58382;1618
test;8;3;100;0.1000000000;0.0101900640;37.5336268620;10000;24098.3575944710;3240000;9639;361
train;8;3;100;0.1000000000;0.0096932930;446.1378924780;60000;24544.4954869490;3300000;;
test;8;3;100;0.1000000000;0.0086924200;233.7832384890;60000;24544.4954869490;3300000;58383;1617
test;8;3;100;0.1000000000;0.0076292990;39.3777168410;10000;24544.4954869490;3300000;9639;361
train;8;3;100;0.1000000000;0.0089952410;451.1792674210;60000;24995.6747543700;3360000;;
test;8;3;100;0.1000000000;0.0088742040;233.1727571080;60000;24995.6747543700;3360000;58407;1593
test;8;3;100;0.1000000000;0.0093473510;41.0700179370;10000;24995.6747543700;3360000;9649;351
train;8;3;100;0.1000000000;0.0087398770;437.2355818010;60000;25432.9103361710;3420000;;
test;8;3;100;0.1000000000;0.0087068780;271.3298555820;60000;25432.9103361710;3420000;58449;1551
test;8;3;100;0.1000000000;0.0091106110;41.7891647110;10000;25432.9103361710;3420000;9652;348
train;8;3;100;0.1000000000;0.0080901130;450.5794812790;60000;25883.4898174500;3480000;;
test;8;3;100;0.1000000000;0.0087432520;245.1241105810;60000;25883.4898174500;3480000;58403;1597
test;8;3;100;0.1000000000;0.0090002810;37.9384286060;10000;25883.4898174500;3480000;9643;357
train;8;3;100;0.1000000000;0.0073779750;447.3021097610;60000;26330.7919272110;3540000;;
test;8;3;100;0.1000000000;0.0089549510;241.8862137880;60000;26330.7919272110;3540000;58401;1599
test;8;3;100;0.1000000000;0.0089847400;44.4753913710;10000;26330.7919272110;3540000;9635;365
train;8;3;100;0.1000000000;0.0088069150;445.3175635320;60000;26776.1094907430;3600000;;
test;8;3;100;0.1000000000;0.0089481590;251.4639515600;60000;26776.1094907430;3600000;58490;1510
test;8;3;100;0.1000000000;0.0087999160;38.2788092220;10000;26776.1094907430;3600000;9645;355
train;8;3;100;0.1000000000;0.0072351070;452.7562503940;60000;27228.8657411370;3660000;;
test;8;3;100;0.1000000000;0.0138078680;223.6334218170;60000;27228.8657411370;3660000;58415;1585
test;8;3;100;0.1000000000;0.0127622880;37.4597742700;10000;27228.8657411370;3660000;9638;362
train;8;3;100;0.1000000000;0.0080012000;434.1814961870;60000;27663.0472373240;3720000;;
test;8;3;100;0.1000000000;0.0102905600;256.5296328160;60000;27663.0472373240;3720000;58498;1502
test;8;3;100;0.1000000000;0.0089970330;39.0355690090;10000;27663.0472373240;3720000;9652;348
train;8;3;100;0.1000000000;0.0095726750;466.5878868330;60000;28129.6351241570;3780000;;
test;8;3;100;0.1000000000;0.0088582460;224.0283409820;60000;28129.6351241570;3780000;58556;1444
test;8;3;100;0.1000000000;0.0091632750;41.4633541690;10000;28129.6351241570;3780000;9660;340
train;8;3;100;0.1000000000;0.0093332680;463.2679815860;60000;28592.9031057430;3840000;;
test;8;3;100;0.1000000000;0.0090816940;230.5541667290;60000;28592.9031057430;3840000;58614;1386
test;8;3;100;0.1000000000;0.0099774490;39.3755844790;10000;28592.9031057430;3840000;9669;331
train;8;3;100;0.1000000000;0.0094482200;441.3164151500;60000;29034.2195208930;3900000;;
test;8;3;100;0.1000000000;0.0091685250;240.2224360950;60000;29034.2195208930;3900000;58596;1404
test;8;3;100;0.1000000000;0.0091853150;38.0461910820;10000;29034.2195208930;3900000;9658;342
train;8;3;100;0.1000000000;0.0095217180;489.4455436170;60000;29523.6650645100;3960000;;
test;8;3;100;0.1000000000;0.0088520380;250.4586072750;60000;29523.6650645100;3960000;58638;1362
test;8;3;100;0.1000000000;0.0089023280;37.1501091240;10000;29523.6650645100;3960000;9667;333
train;8;3;100;0.1000000000;0.0192722170;449.8133243220;60000;29973.4783888320;4020000;;
test;8;3;100;0.1000000000;0.0087711260;211.6345122690;60000;29973.4783888320;4020000;58604;1396
test;8;3;100;0.1000000000;0.0094504300;36.6891676180;10000;29973.4783888320;4020000;9660;340
train;8;3;100;0.1000000000;0.0114688430;451.2345285490;60000;30424.7129173810;4080000;;
test;8;3;100;0.1000000000;0.0101988980;265.3839150240;60000;30424.7129173810;4080000;58670;1330
test;8;3;100;0.1000000000;0.0088865360;41.3681368680;10000;30424.7129173810;4080000;9669;331
train;8;3;100;0.1000000000;0.0099541990;504.4300274750;60000;30929.1429448560;4140000;;
test;8;3;100;0.1000000000;0.0089217030;228.4242269610;60000;30929.1429448560;4140000;58635;1365
test;8;3;100;0.1000000000;0.0094753870;41.7824508300;10000;30929.1429448560;4140000;9669;331
train;8;3;100;0.1000000000;0.0090970700;444.0443658770;60000;31373.1873107330;4200000;;
test;8;3;100;0.1000000000;0.0089437000;249.2549794330;60000;31373.1873107330;4200000;58638;1362
test;8;3;100;0.1000000000;0.0093155590;37.0190907640;10000;31373.1873107330;4200000;9663;337
train;8;3;100;0.1000000000;0.0126987480;457.6977277570;60000;31830.8850384900;4260000;;
test;8;3;100;0.1000000000;0.0091710250;227.4148129240;60000;31830.8850384900;4260000;58698;1302
test;8;3;100;0.1000000000;0.0093209350;41.7698101660;10000;31830.8850384900;4260000;9671;329
train;8;3;100;0.1000000000;0.0102465620;436.4006497270;60000;32267.2856882170;4320000;;
test;8;3;100;0.1000000000;0.0089247020;215.3338076800;60000;32267.2856882170;4320000;58661;1339
test;8;3;100;0.1000000000;0.0087711250;41.7876933950;10000;32267.2856882170;4320000;9655;345
train;8;3;100;0.1000000000;0.0091042360;432.3073194560;60000;32699.5930076730;4380000;;
test;8;3;100;0.1000000000;0.0090989030;224.2807518630;60000;32699.5930076730;4380000;58752;1248
test;8;3;100;0.1000000000;0.0136604160;37.1734684670;10000;32699.5930076730;4380000;9674;326
train;8;3;100;0.1000000000;0.0092050660;428.3161595100;60000;33127.9091671830;4440000;;
test;8;3;100;0.1000000000;0.0090998200;232.4655748770;60000;33127.9091671830;4440000;58685;1315
test;8;3;100;0.1000000000;0.0093666400;39.1532423130;10000;33127.9091671830;4440000;9664;336
train;8;3;100;0.1000000000;0.0098019140;439.6496447120;60000;33567.5588118950;4500000;;
test;8;3;100;0.1000000000;0.0088584970;272.9267257140;60000;33567.5588118950;4500000;58584;1416
test;8;3;100;0.1000000000;0.0099991560;43.4419092030;10000;33567.5588118950;4500000;9640;360
train;8;3;100;0.1000000000;0.0072399830;370.8985881510;60000;33938.4574000460;4560000;;
test;8;3;100;0.1000000000;0.0085614680;186.5138726890;60000;33938.4574000460;4560000;58775;1225
test;8;3;100;0.1000000000;0.0076191330;35.2362364170;10000;33938.4574000460;4560000;9677;323
train;8;3;100;0.1000000000;0.0084902210;374.6959117750;60000;34313.1533118210;4620000;;
test;8;3;100;0.1000000000;0.0077326290;214.5987802160;60000;34313.1533118210;4620000;58813;1187
test;8;3;100;0.1000000000;0.0091675250;35.2048788850;10000;34313.1533118210;4620000;9679;321
train;8;3;100;0.1000000000;0.0080096150;359.0702920510;60000;34672.2236038720;4680000;;
test;8;3;100;0.1000000000;0.0116598350;213.1681669400;60000;34672.2236038720;4680000;58807;1193
test;8;3;100;0.1000000000;0.0084638890;33.7679031270;10000;34672.2236038720;4680000;9665;335
train;8;3;100;0.1000000000;0.0079344520;363.5685179410;60000;35035.7921218130;4740000;;
test;8;3;100;0.1000000000;0.0076996290;187.4195432730;60000;35035.7921218130;4740000;58769;1231
test;8;3;100;0.1000000000;0.0075725100;34.2085206320;10000;35035.7921218130;4740000;9683;317
train;8;3;100;0.1000000000;0.0095395920;361.1539386800;60000;35396.9460604930;4800000;;
test;8;3;100;0.1000000000;0.0081059030;186.3513512410;60000;35396.9460604930;4800000;58853;1147
test;8;3;100;0.1000000000;0.0082534800;33.8508714150;10000;35396.9460604930;4800000;9669;331
train;8;3;100;0.1000000000;0.0081152360;358.7364235220;60000;35755.6824840150;4860000;;
test;8;3;100;0.1000000000;0.0073196870;212.1220040600;60000;35755.6824840150;4860000;58702;1298
test;8;3;100;0.1000000000;0.0127411230;35.8591609200;10000;35755.6824840150;4860000;9639;361
train;8;3;100;0.1000000000;0.0084209730;375.1395538740;60000;36130.8220378890;4920000;;
test;8;3;100;0.1000000000;0.0080732380;212.7334424270;60000;36130.8220378890;4920000;58809;1191
test;8;3;100;0.1000000000;0.0073366030;36.7885930750;10000;36130.8220378890;4920000;9680;320
train;8;3;100;0.1000000000;0.0080001580;376.0835901410;60000;36506.9056280300;4980000;;
test;8;3;100;0.1000000000;0.0104365960;226.2846921040;60000;36506.9056280300;4980000;58886;1114
test;8;3;100;0.1000000000;0.0082957290;35.9065714330;10000;36506.9056280300;4980000;9691;309
train;8;3;100;0.1000000000;0.0078018750;357.9892382860;60000;36864.8948663160;5040000;;
test;8;3;100;0.1000000000;0.0078637890;211.8438317040;60000;36864.8948663160;5040000;58852;1148
test;8;3;100;0.1000000000;0.0086550880;33.3615671550;10000;36864.8948663160;5040000;9681;319
train;8;3;100;0.1000000000;0.0080257410;434.8769159710;60000;37299.7717822870;5100000;;
test;8;3;100;0.1000000000;0.0092881040;253.4872035580;60000;37299.7717822870;5100000;58721;1279
test;8;3;100;0.1000000000;0.0098644110;46.7249061970;10000;37299.7717822870;5100000;9650;350
train;8;3;100;0.1000000000;0.0099285760;450.8907051550;60000;37750.6624874420;5160000;;
test;8;3;100;0.1000000000;0.0101385660;270.0030627340;60000;37750.6624874420;5160000;58901;1099
test;8;3;100;0.1000000000;0.0103196010;42.0406530850;10000;37750.6624874420;5160000;9683;317
train;8;3;100;0.1000000000;0.0088340390;434.9523546200;60000;38185.6148420620;5220000;;
test;8;3;100;0.1000000000;0.0087263770;241.9821693560;60000;38185.6148420620;5220000;58905;1095
test;8;3;100;0.1000000000;0.0093508080;41.9462603720;10000;38185.6148420620;5220000;9671;329
train;8;3;100;0.1000000000;0.0101143180;433.8138091450;60000;38619.4286512070;5280000;;
test;8;3;100;0.1000000000;0.0088987440;237.1938618180;60000;38619.4286512070;5280000;58959;1041
test;8;3;100;0.1000000000;0.0094120150;34.6365622110;10000;38619.4286512070;5280000;9688;312
train;8;3;100;0.1000000000;0.0109400320;435.2394755150;60000;39054.6681267220;5340000;;
test;8;3;100;0.1000000000;0.0088698720;229.8640306790;60000;39054.6681267220;5340000;58966;1034
test;8;3;100;0.1000000000;0.0210351430;42.4050697200;10000;39054.6681267220;5340000;9678;322
train;8;3;100;0.1000000000;0.0084996370;448.6093796100;60000;39503.2775063320;5400000;;
test;8;3;100;0.1000000000;0.0089708250;207.3325123210;60000;39503.2775063320;5400000;58962;1038
test;8;3;100;0.1000000000;0.0119912790;42.7561909670;10000;39503.2775063320;5400000;9691;309
train;8;3;100;0.1000000000;0.0096279630;461.4265082780;60000;39964.7040146100;5460000;;
test;8;3;100;0.1000000000;0.0088570370;247.2529382620;60000;39964.7040146100;5460000;58907;1093
test;8;3;100;0.1000000000;0.0094843030;35.5320883580;10000;39964.7040146100;5460000;9683;317
train;8;3;100;0.1000000000;0.0104426780;442.8265788650;60000;40407.5305934750;5520000;;
test;8;3;100;0.1000000000;0.0089549500;249.8579850760;60000;40407.5305934750;5520000;59003;997
test;8;3;100;0.1000000000;0.0094948440;40.9086538360;10000;40407.5305934750;5520000;9687;313
train;8;3;100;0.1000000000;0.0087707500;441.0695527390;60000;40848.6001462140;5580000;;
test;8;3;100;0.1000000000;0.0088858710;257.3536715210;60000;40848.6001462140;5580000;58977;1023
test;8;3;100;0.1000000000;0.0090871120;40.3593832280;10000;40848.6001462140;5580000;9682;318
train;8;3;100;0.1000000000;0.0091387760;442.6962958880;60000;41291.2964421020;5640000;;
test;8;3;100;0.1000000000;0.0132864730;217.9811168360;60000;41291.2964421020;5640000;59028;972
test;8;3;100;0.1000000000;0.0121676480;45.3716528980;10000;41291.2964421020;5640000;9677;323
train;8;3;100;0.1000000000;0.0097961650;467.5497003460;60000;41758.8461424480;5700000;;
test;8;3;100;0.1000000000;0.0090581530;220.4678598620;60000;41758.8461424480;5700000;59050;950
test;8;3;100;0.1000000000;0.0101534400;39.7732990640;10000;41758.8461424480;5700000;9687;313
train;8;3;100;0.1000000000;0.0098466630;448.5910572770;60000;42207.4371997250;5760000;;
test;8;3;100;0.1000000000;0.0130997320;231.8380131450;60000;42207.4371997250;5760000;58994;1006
test;8;3;100;0.1000000000;0.0094985520;41.6840593650;10000;42207.4371997250;5760000;9687;313
train;8;3;100;0.1000000000;0.0133395970;441.7100345370;60000;42649.1472342620;5820000;;
test;8;3;100;0.1000000000;0.0090023240;239.2522178570;60000;42649.1472342620;5820000;58822;1178
test;8;3;100;0.1000000000;0.0093912640;37.6916923610;10000;42649.1472342620;5820000;9674;326
train;8;3;100;0.1000000000;0.0111632740;439.0158986790;60000;43088.1631329410;5880000;;
test;8;3;100;0.1000000000;0.0088303730;208.8750087850;60000;43088.1631329410;5880000;59031;969
test;8;3;100;0.1000000000;0.0097681240;43.6589697170;10000;43088.1631329410;5880000;9694;306
train;8;3;100;0.1000000000;0.0103530560;476.2101712980;60000;43564.3733042390;5940000;;
test;8;3;100;0.1000000000;0.0087712920;232.2067256500;60000;43564.3733042390;5940000;58977;1023
test;8;3;100;0.1000000000;0.0134520070;43.0444949390;10000;43564.3733042390;5940000;9688;312
train;8;3;100;0.1000000000;0.0087270440;511.3626418070;60000;44075.7359460460;6000000;;
test;8;3;100;0.1000000000;0.0089867820;221.0434252960;60000;44075.7359460460;6000000;58944;1056
test;8;3;100;0.1000000000;0.0092423540;43.6874515420;10000;44075.7359460460;6000000;9683;317
