Mode;CPUs;Parallel;WorkerBatch;LearningRate;WorkerSetupTime;EpochElapsedTime;EpochLines;TotalElapsedTime;TotalLines;Correct;Incorrect
train;8;6;100;0.1000000000;0.0154673800;253.8623582330;60000;253.8623582330;60000;;
test;8;6;100;0.1000000000;0.0156437480;142.8501534640;60000;253.8623582330;60000;16348;43652
test;8;6;100;0.1000000000;0.0187971950;23.8065212470;10000;253.8623582330;60000;2740;7260
train;8;6;100;0.1000000000;0.0157809080;258.5712553680;60000;512.4336136010;120000;;
test;8;6;100;0.1000000000;0.0162230980;136.6592901150;60000;512.4336136010;120000;45122;14878
test;8;6;100;0.1000000000;0.0183360080;23.3212420260;10000;512.4336136010;120000;7620;2380
train;8;6;100;0.1000000000;0.0154322160;255.7463015100;60000;768.1799151110;180000;;
test;8;6;100;0.1000000000;0.0173003450;133.8787487230;60000;768.1799151110;180000;49332;10668
test;8;6;100;0.1000000000;0.0175550830;25.2743188930;10000;768.1799151110;180000;8258;1742
train;8;6;100;0.1000000000;0.0168364880;261.2990398370;60000;1029.4789549480;240000;;
test;8;6;100;0.1000000000;0.0174839600;132.7366795340;60000;1029.4789549480;240000;53445;6555
test;8;6;100;0.1000000000;0.0249088510;23.7725115690;10000;1029.4789549480;240000;8914;1086
train;8;6;100;0.1000000000;0.0155020450;259.2263927120;60000;1288.7053476600;300000;;
test;8;6;100;0.1000000000;0.0154262150;137.4776215130;60000;1288.7053476600;300000;53146;6854
test;8;6;100;0.1000000000;0.0177802820;23.3297824520;10000;1288.7053476600;300000;8884;1116
train;8;6;100;0.1000000000;0.0163748410;254.4121361910;60000;1543.1174838510;360000;;
test;8;6;100;0.1000000000;0.0174987940;140.3735488360;60000;1543.1174838510;360000;54059;5941
test;8;6;100;0.1000000000;0.0161957670;22.4145120660;10000;1543.1174838510;360000;9076;924
train;8;6;100;0.1000000000;0.0165625840;254.7273781380;60000;1797.8448619890;420000;;
test;8;6;100;0.1000000000;0.0153936340;141.0795169160;60000;1797.8448619890;420000;54197;5803
test;8;6;100;0.1000000000;0.0157464110;23.5001994190;10000;1797.8448619890;420000;9074;926
train;8;6;100;0.1000000000;0.0160119830;261.0053812580;60000;2058.8502432470;480000;;
test;8;6;100;0.1000000000;0.0175037100;142.9533130130;60000;2058.8502432470;480000;54718;5282
test;8;6;100;0.1000000000;0.0181846820;22.1984400510;10000;2058.8502432470;480000;9144;856
train;8;6;100;0.1000000000;0.0164796300;254.4500207070;60000;2313.3002639540;540000;;
test;8;6;100;0.1000000000;0.0172200980;133.1671547660;60000;2313.3002639540;540000;54830;5170
test;8;6;100;0.1000000000;0.0168034070;22.5829559910;10000;2313.3002639540;540000;9146;854
train;8;6;100;0.1000000000;0.0156177910;258.4492775010;60000;2571.7495414550;600000;;
test;8;6;100;0.1000000000;0.0173339260;147.2341615710;60000;2571.7495414550;600000;54936;5064
test;8;6;100;0.1000000000;0.0178885280;24.5576310640;10000;2571.7495414550;600000;9173;827
train;8;6;100;0.1000000000;0.0158324470;263.1311965370;60000;2834.8807379920;660000;;
test;8;6;100;0.1000000000;0.0154516320;141.1027987160;60000;2834.8807379920;660000;54992;5008
test;8;6;100;0.1000000000;0.0184905000;23.0256354930;10000;2834.8807379920;660000;9197;803
train;8;6;100;0.1000000000;0.0184992510;264.4853730030;60000;3099.3661109950;720000;;
test;8;6;100;0.1000000000;0.0182821360;140.7589763970;60000;3099.3661109950;720000;55252;4748
test;8;6;100;0.1000000000;0.0159141120;24.3292497850;10000;3099.3661109950;720000;9214;786
train;8;6;100;0.1000000000;0.0156850790;258.7180670170;60000;3358.0841780120;780000;;
test;8;6;100;0.1000000000;0.0175736650;138.9116794390;60000;3358.0841780120;780000;55252;4748
test;8;6;100;0.1000000000;0.0174337970;23.2426103820;10000;3358.0841780120;780000;9229;771
train;8;6;100;0.1000000000;0.0170415220;260.0116684780;60000;3618.0958464900;840000;;
test;8;6;100;0.1000000000;0.0155389200;133.9470685160;60000;3618.0958464900;840000;55415;4585
test;8;6;100;0.1000000000;0.0167548260;24.3502582190;10000;3618.0958464900;840000;9238;762
train;8;6;100;0.1000000000;0.0159724020;254.2532060280;60000;3872.3490525180;900000;;
test;8;6;100;0.1000000000;0.0176754950;144.2503885300;60000;3872.3490525180;900000;55473;4527
test;8;6;100;0.1000000000;0.0168859030;23.4384747630;10000;3872.3490525180;900000;9249;751
train;8;6;100;0.1000000000;0.0156651220;253.7361983320;60000;4126.0852508500;960000;;
test;8;6;100;0.1000000000;0.0175399170;141.8897222140;60000;4126.0852508500;960000;55655;4345
test;8;6;100;0.1000000000;0.0185624980;23.0436105150;10000;4126.0852508500;960000;9258;742
train;8;6;100;0.1000000000;0.0166281640;259.1650021180;60000;4385.2502529680;1020000;;
test;8;6;100;0.1000000000;0.0172287230;132.1028459920;60000;4385.2502529680;1020000;55684;4316
test;8;6;100;0.1000000000;0.0177446590;24.1869009860;10000;4385.2502529680;1020000;9278;722
train;8;6;100;0.1000000000;0.0166457470;260.6694173270;60000;4645.9196702950;1080000;;
test;8;6;100;0.1000000000;0.0173521340;140.7042145330;60000;4645.9196702950;1080000;55846;4154
test;8;6;100;0.1000000000;0.0181149340;24.3493765480;10000;4645.9196702950;1080000;9309;691
train;8;6;100;0.1000000000;0.0168825700;257.1291277060;60000;4903.0487980010;1140000;;
test;8;6;100;0.1000000000;0.0192277620;134.1293593110;60000;4903.0487980010;1140000;55899;4101
test;8;6;100;0.1000000000;0.0190145610;22.6086250610;10000;4903.0487980010;1140000;9320;680
train;8;6;100;0.1000000000;0.0156353730;256.2281368810;60000;5159.2769348820;1200000;;
test;8;6;100;0.1000000000;0.0154465490;143.3979375500;60000;5159.2769348820;1200000;56011;3989
test;8;6;100;0.1000000000;0.0157684920;22.9205057330;10000;5159.2769348820;1200000;9306;694
train;8;6;100;0.1000000000;0.0245170760;255.5720594100;60000;5414.8489942920;1260000;;
test;8;6;100;0.1000000000;0.0193073840;143.7626767020;60000;5414.8489942920;1260000;56025;3975
test;8;6;100;0.1000000000;0.0168944440;23.1222010720;10000;5414.8489942920;1260000;9309;691
train;8;6;100;0.1000000000;0.0166960780;259.5651596480;60000;5674.4141539400;1320000;;
test;8;6;100;0.1000000000;0.0155255450;137.9992364590;60000;5674.4141539400;1320000;56226;3774
test;8;6;100;0.1000000000;0.0184224630;24.0501088780;10000;5674.4141539400;1320000;9343;657
train;8;6;100;0.1000000000;0.0155390440;253.2771345770;60000;5927.6912885170;1380000;;
test;8;6;100;0.1000000000;0.0172746360;139.0807147070;60000;5927.6912885170;1380000;56216;3784
test;8;6;100;0.1000000000;0.0160597710;23.9305501950;10000;5927.6912885170;1380000;9355;645
train;8;6;100;0.1000000000;0.0161526010;257.1620855430;60000;6184.8533740600;1440000;;
test;8;6;100;0.1000000000;0.0175661240;134.7467543860;60000;6184.8533740600;1440000;56331;3669
test;8;6;100;0.1000000000;0.0181295150;22.7398164980;10000;6184.8533740600;1440000;9367;633
train;8;6;100;0.1000000000;0.0158415320;259.2342185800;60000;6444.0875926400;1500000;;
test;8;6;100;0.1000000000;0.0154957970;136.3269577290;60000;6444.0875926400;1500000;56447;3553
test;8;6;100;0.1000000000;0.0163273020;22.2928930970;10000;6444.0875926400;1500000;9378;622
train;8;6;100;0.1000000000;0.0168378640;257.2645479620;60000;6701.3521406020;1560000;;
test;8;6;100;0.1000000000;0.0163669670;140.8380882720;60000;6701.3521406020;1560000;56443;3557
test;8;6;100;0.1000000000;0.0205793300;24.0497399760;10000;6701.3521406020;1560000;9374;626
train;8;6;100;0.1000000000;0.0171895570;262.3833792440;60000;6963.7355198460;1620000;;
test;8;6;100;0.1000000000;0.0177781580;142.6716256290;60000;6963.7355198460;1620000;56584;3416
test;8;6;100;0.1000000000;0.0159206950;23.1535099420;10000;6963.7355198460;1620000;9414;586
train;8;6;100;0.1000000000;0.0158445740;252.8455205140;60000;7216.5810403600;1680000;;
test;8;6;100;0.1000000000;0.0154305490;146.7613367700;60000;7216.5810403600;1680000;56651;3349
test;8;6;100;0.1000000000;0.0166180810;23.5106029300;10000;7216.5810403600;1680000;9415;585
train;8;6;100;0.1000000000;0.0164776300;261.8647368360;60000;7478.4457771960;1740000;;
test;8;6;100;0.1000000000;0.0172227220;133.2934524930;60000;7478.4457771960;1740000;56700;3300
test;8;6;100;0.1000000000;0.0158991950;23.5165732610;10000;7478.4457771960;1740000;9413;587
train;8;6;100;0.1000000000;0.0159934420;259.1837133640;60000;7737.6294905600;1800000;;
test;8;6;100;0.1000000000;0.0154845060;135.7868088940;60000;7737.6294905600;1800000;56790;3210
test;8;6;100;0.1000000000;0.0151589360;23.6911617160;10000;7737.6294905600;1800000;9433;567
train;8;6;100;0.1000000000;0.0156366230;260.0137387700;60000;7997.6432293300;1860000;;
test;8;6;100;0.1000000000;0.0172642620;139.8951575710;60000;7997.6432293300;1860000;56851;3149
test;8;6;100;0.1000000000;0.0176178300;23.7458755020;10000;7997.6432293300;1860000;9454;546
train;8;6;100;0.1000000000;0.0156644970;255.0490102210;60000;8252.6922395510;1920000;;
test;8;6;100;0.1000000000;0.0155458360;146.5044485850;60000;8252.6922395510;1920000;56784;3216
test;8;6;100;0.1000000000;0.0157714930;23.9775903950;10000;8252.6922395510;1920000;9436;564
train;8;6;100;0.1000000000;0.0166132470;252.7317383430;60000;8505.4239778940;1980000;;
test;8;6;100;0.1000000000;0.0209745630;140.5877478960;60000;8505.4239778940;1980000;56910;3090
test;8;6;100;0.1000000000;0.0184941250;23.6349660750;10000;8505.4239778940;1980000;9441;559
train;8;6;100;0.1000000000;0.0158599470;256.6253372290;60000;8762.0493151230;2040000;;
test;8;6;100;0.1000000000;0.0177107440;146.5165725180;60000;8762.0493151230;2040000;57021;2979
test;8;6;100;0.1000000000;0.0178752770;23.5197789150;10000;8762.0493151230;2040000;9461;539
train;8;6;100;0.1000000000;0.0205526630;261.0274407360;60000;9023.0767558590;2100000;;
test;8;6;100;0.1000000000;0.0171997650;143.2652302180;60000;9023.0767558590;2100000;57035;2965
test;8;6;100;0.1000000000;0.0165431260;25.2323271440;10000;9023.0767558590;2100000;9456;544
train;8;6;100;0.1000000000;0.0164812540;254.1176539430;60000;9277.1944098020;2160000;;
test;8;6;100;0.1000000000;0.0157750760;149.4647513170;60000;9277.1944098020;2160000;57124;2876
test;8;6;100;0.1000000000;0.0188087370;23.1524454470;10000;9277.1944098020;2160000;9479;521
train;8;6;100;0.1000000000;0.0171271440;259.7390146340;60000;9536.9334244360;2220000;;
test;8;6;100;0.1000000000;0.0176621610;144.2866673220;60000;9536.9334244360;2220000;57141;2859
test;8;6;100;0.1000000000;0.0177461150;22.4118809320;10000;9536.9334244360;2220000;9481;519
train;8;6;100;0.1000000000;0.0153473030;264.9136188680;60000;9801.8470433040;2280000;;
test;8;6;100;0.1000000000;0.0159532770;143.5273554280;60000;9801.8470433040;2280000;57169;2831
test;8;6;100;0.1000000000;0.0185859960;23.1587161780;10000;9801.8470433040;2280000;9487;513
train;8;6;100;0.1000000000;0.0166786200;256.6170137610;60000;10058.4640570650;2340000;;
test;8;6;100;0.1000000000;0.0203356310;140.8963076660;60000;10058.4640570650;2340000;57213;2787
test;8;6;100;0.1000000000;0.0186458690;24.0509418400;10000;10058.4640570650;2340000;9491;509
train;8;6;100;0.1000000000;0.0159121950;259.6942539200;60000;10318.1583109850;2400000;;
test;8;6;100;0.1000000000;0.0230287660;149.5072755900;60000;10318.1583109850;2400000;57286;2714
test;8;6;100;0.1000000000;0.0165370840;24.3349632890;10000;10318.1583109850;2400000;9487;513
train;8;6;100;0.1000000000;0.0158290740;258.6271536410;60000;10576.7854646260;2460000;;
test;8;6;100;0.1000000000;0.0153177620;146.2981647740;60000;10576.7854646260;2460000;57319;2681
test;8;6;100;0.1000000000;0.0187805710;23.3205115590;10000;10576.7854646260;2460000;9492;508
train;8;6;100;0.1000000000;0.0156443320;257.3927789020;60000;10834.1782435280;2520000;;
test;8;6;100;0.1000000000;0.0175945800;133.7043275600;60000;10834.1782435280;2520000;57395;2605
test;8;6;100;0.1000000000;0.0183069670;22.3537102490;10000;10834.1782435280;2520000;9497;503
train;8;6;100;0.1000000000;0.0168195300;258.6643387640;60000;11092.8425822920;2580000;;
test;8;6;100;0.1000000000;0.0155899170;137.3204489440;60000;11092.8425822920;2580000;57304;2696
test;8;6;100;0.1000000000;0.0175070850;24.1097714530;10000;11092.8425822920;2580000;9488;512
train;8;6;100;0.1000000000;0.0169126520;255.3290055040;60000;11348.1715877960;2640000;;
test;8;6;100;0.1000000000;0.0164284240;134.6907140340;60000;11348.1715877960;2640000;57411;2589
test;8;6;100;0.1000000000;0.0158648630;23.8737829540;10000;11348.1715877960;2640000;9505;495
train;8;6;100;0.1000000000;0.0160085250;255.9241103350;60000;11604.0956981310;2700000;;
test;8;6;100;0.1000000000;0.0156837460;145.7812089040;60000;11604.0956981310;2700000;57498;2502
test;8;6;100;0.1000000000;0.0183390910;23.8363785110;10000;11604.0956981310;2700000;9537;463
train;8;6;100;0.1000000000;0.0167411610;257.4907260910;60000;11861.5864242220;2760000;;
test;8;6;100;0.1000000000;0.0174797100;141.4454482800;60000;11861.5864242220;2760000;57488;2512
test;8;6;100;0.1000000000;0.0167652840;24.1026912570;10000;11861.5864242220;2760000;9515;485
train;8;6;100;0.1000000000;0.0168882350;256.3445828600;60000;12117.9310070820;2820000;;
test;8;6;100;0.1000000000;0.0152671390;138.6392686250;60000;12117.9310070820;2820000;57529;2471
test;8;6;100;0.1000000000;0.0159679860;23.8798431960;10000;12117.9310070820;2820000;9544;456
train;8;6;100;0.1000000000;0.0157101610;256.5395950690;60000;12374.4706021510;2880000;;
test;8;6;100;0.1000000000;0.0178501960;138.6991397780;60000;12374.4706021510;2880000;57613;2387
test;8;6;100;0.1000000000;0.0158920290;23.0893287710;10000;12374.4706021510;2880000;9535;465
train;8;6;100;0.1000000000;0.0153463010;253.0582846800;60000;12627.5288868310;2940000;;
test;8;6;100;0.1000000000;0.0159195280;143.3431664280;60000;12627.5288868310;2940000;57655;2345
test;8;6;100;0.1000000000;0.0154716320;24.8191820930;10000;12627.5288868310;2940000;9545;455
train;8;6;100;0.1000000000;0.0157246200;254.2898696240;60000;12881.8187564550;3000000;;
test;8;6;100;0.1000000000;0.0174949600;142.3754481270;60000;12881.8187564550;3000000;57677;2323
test;8;6;100;0.1000000000;0.0179844390;22.6872314520;10000;12881.8187564550;3000000;9550;450
train;8;6;100;0.1000000000;0.0159013220;257.6376162240;60000;13139.4563726790;3060000;;
test;8;6;100;0.1000000000;0.0173072610;136.5597677820;60000;13139.4563726790;3060000;57676;2324
test;8;6;100;0.1000000000;0.0201418050;24.7341407700;10000;13139.4563726790;3060000;9538;462
train;8;6;100;0.1000000000;0.0160207320;258.1549175780;60000;13397.6112902570;3120000;;
test;8;6;100;0.1000000000;0.0156340400;145.1500633740;60000;13397.6112902570;3120000;57698;2302
test;8;6;100;0.1000000000;0.0167925320;23.9800811640;10000;13397.6112902570;3120000;9544;456
train;8;6;100;0.1000000000;0.0161282680;256.9564079670;60000;13654.5676982240;3180000;;
test;8;6;100;0.1000000000;0.0157768680;138.4167082140;60000;13654.5676982240;3180000;57777;2223
test;8;6;100;0.1000000000;0.0209110240;23.2450826960;10000;13654.5676982240;3180000;9562;438
train;8;6;100;0.1000000000;0.0166609960;255.4245271810;60000;13909.9922254050;3240000;;
test;8;6;100;0.1000000000;0.0156379150;138.8172669720;60000;13909.9922254050;3240000;57745;2255
test;8;6;100;0.1000000000;0.0180801850;24.5177083970;10000;13909.9922254050;3240000;9554;446
train;8;6;100;0.1000000000;0.0167334940;255.2252859400;60000;14165.2175113450;3300000;;
test;8;6;100;0.1000000000;0.0175155840;136.6298396560;60000;14165.2175113450;3300000;57813;2187
test;8;6;100;0.1000000000;0.0188299860;23.9340945420;10000;14165.2175113450;3300000;9575;425
train;8;6;100;0.1000000000;0.0156545380;258.9400580640;60000;14424.1575694090;3360000;;
test;8;6;100;0.1000000000;0.0157313270;139.9725138980;60000;14424.1575694090;3360000;57842;2158
test;8;6;100;0.1000000000;0.0161144780;23.7563328090;10000;14424.1575694090;3360000;9567;433
train;8;6;100;0.1000000000;0.0208466910;255.7387368340;60000;14679.8963062430;3420000;;
test;8;6;100;0.1000000000;0.0173702580;139.0131540210;60000;14679.8963062430;3420000;57840;2160
test;8;6;100;0.1000000000;0.0164123420;23.4502228490;10000;14679.8963062430;3420000;9582;418
train;8;6;100;0.1000000000;0.0159104870;255.2508527750;60000;14935.1471590180;3480000;;
test;8;6;100;0.1000000000;0.0173054690;137.1089733530;60000;14935.1471590180;3480000;57890;2110
test;8;6;100;0.1000000000;0.0181209750;22.9421791420;10000;14935.1471590180;3480000;9590;410
train;8;6;100;0.1000000000;0.0164594640;254.8464000530;60000;15189.9935590710;3540000;;
test;8;6;100;0.1000000000;0.0155838760;136.5974395880;60000;15189.9935590710;3540000;57950;2050
test;8;6;100;0.1000000000;0.0157564940;22.2285706370;10000;15189.9935590710;3540000;9594;406
train;8;6;100;0.1000000000;0.0157873250;256.3713806720;60000;15446.3649397430;3600000;;
test;8;6;100;0.1000000000;0.0156300410;133.5147636580;60000;15446.3649397430;3600000;57869;2131
test;8;6;100;0.1000000000;0.0178971940;22.4934175260;10000;15446.3649397430;3600000;9584;416
train;8;6;100;0.1000000000;0.0163685930;256.8752336820;60000;15703.2401734250;3660000;;
test;8;6;100;0.1000000000;0.0173919230;141.6961738660;60000;15703.2401734250;3660000;58018;1982
test;8;6;100;0.1000000000;0.0158164900;23.9399902500;10000;15703.2401734250;3660000;9601;399
train;8;6;100;0.1000000000;0.0158524900;255.7127601160;60000;15958.9529335410;3720000;;
test;8;6;100;0.1000000000;0.0174316310;142.4599091380;60000;15958.9529335410;3720000;58052;1948
test;8;6;100;0.1000000000;0.0182753440;22.8151806930;10000;15958.9529335410;3720000;9598;402
train;8;6;100;0.1000000000;0.0164085070;255.3358164280;60000;16214.2887499690;3780000;;
test;8;6;100;0.1000000000;0.0197676550;141.2107909280;60000;16214.2887499690;3780000;58080;1920
test;8;6;100;0.1000000000;0.0167791170;22.9469713950;10000;16214.2887499690;3780000;9601;399
train;8;6;100;0.1000000000;0.0130435670;232.9485222340;60000;16447.2372722030;3840000;;
test;8;6;100;0.1000000000;0.0155926260;118.7452728010;60000;16447.2372722030;3840000;57968;2032
test;8;6;100;0.1000000000;0.0136847500;21.6041448200;10000;16447.2372722030;3840000;9592;408
train;8;6;100;0.1000000000;0.0141041460;226.5080523940;60000;16673.7453245970;3900000;;
test;8;6;100;0.1000000000;0.0127528710;124.9905476110;60000;16673.7453245970;3900000;58076;1924
test;8;6;100;0.1000000000;0.0141192720;21.0965586790;10000;16673.7453245970;3900000;9595;405
train;8;6;100;0.1000000000;0.0131084390;225.2973588880;60000;16899.0426834850;3960000;;
test;8;6;100;0.1000000000;0.0157547020;128.7914591360;60000;16899.0426834850;3960000;58050;1950
test;8;6;100;0.1000000000;0.0139960270;20.9276883970;10000;16899.0426834850;3960000;9590;410
train;8;6;100;0.1000000000;0.0140898980;238.3583044270;60000;17137.4009879120;4020000;;
test;8;6;100;0.1000000000;0.0146645400;140.9788633380;60000;17137.4009879120;4020000;58128;1872
test;8;6;100;0.1000000000;0.0159206530;24.5445281580;10000;17137.4009879120;4020000;9621;379
train;8;6;100;0.1000000000;0.0130239030;250.9061196480;60000;17388.3071075600;4080000;;
test;8;6;100;0.1000000000;0.0169303190;133.9821901840;60000;17388.3071075600;4080000;58170;1830
test;8;6;100;0.1000000000;0.0162073920;26.0368425570;10000;17388.3071075600;4080000;9634;366
train;8;6;100;0.1000000000;0.0145992080;240.6212507640;60000;17628.9283583240;4140000;;
test;8;6;100;0.1000000000;0.0135723370;132.6479104580;60000;17628.9283583240;4140000;58103;1897
test;8;6;100;0.1000000000;0.0159506930;22.7421858140;10000;17628.9283583240;4140000;9614;386
train;8;6;100;0.1000000000;0.0140395250;239.2135300010;60000;17868.1418883250;4200000;;
test;8;6;100;0.1000000000;0.0189134840;147.5240358000;60000;17868.1418883250;4200000;58197;1803
test;8;6;100;0.1000000000;0.0152719720;24.2622886020;10000;17868.1418883250;4200000;9628;372
train;8;6;100;0.1000000000;0.0144036770;234.0469269700;60000;18102.1888152950;4260000;;
test;8;6;100;0.1000000000;0.0152353900;128.6644767690;60000;18102.1888152950;4260000;58217;1783
test;8;6;100;0.1000000000;0.0143347200;22.0966471900;10000;18102.1888152950;4260000;9635;365
train;8;6;100;0.1000000000;0.0133391390;227.5271751350;60000;18329.7159904300;4320000;;
test;8;6;100;0.1000000000;0.0158724470;125.2409729970;60000;18329.7159904300;4320000;58219;1781
test;8;6;100;0.1000000000;0.0179808160;21.3816987870;10000;18329.7159904300;4320000;9622;378
train;8;6;100;0.1000000000;0.0131323980;228.0502202780;60000;18557.7662107080;4380000;;
test;8;6;100;0.1000000000;0.0157953260;132.6016620970;60000;18557.7662107080;4380000;58206;1794
test;8;6;100;0.1000000000;0.0134197600;22.4056764020;10000;18557.7662107080;4380000;9628;372
train;8;6;100;0.1000000000;0.0130796490;232.5774243530;60000;18790.3436350610;4440000;;
test;8;6;100;0.1000000000;0.0157952830;128.3970479520;60000;18790.3436350610;4440000;58134;1866
test;8;6;100;0.1000000000;0.0140019840;22.3232985480;10000;18790.3436350610;4440000;9612;388
train;8;6;100;0.1000000000;0.0132688910;232.1394294830;60000;19022.4830645440;4500000;;
test;8;6;100;0.1000000000;0.0158231560;135.4172551020;60000;19022.4830645440;4500000;58294;1706
test;8;6;100;0.1000000000;0.0146247500;21.3797396600;10000;19022.4830645440;4500000;9634;366
train;8;6;100;0.1000000000;0.0138470340;231.6708131700;60000;19254.1538777140;4560000;;
test;8;6;100;0.1000000000;0.0157538270;132.2495653540;60000;19254.1538777140;4560000;58318;1682
test;8;6;100;0.1000000000;0.0156652470;20.8240060350;10000;19254.1538777140;4560000;9631;369
train;8;6;100;0.1000000000;0.0130632330;230.7670355480;60000;19484.9209132620;4620000;;
test;8;6;100;0.1000000000;0.0157271200;126.5436426560;60000;19484.9209132620;4620000;58323;1677
test;8;6;100;0.1000000000;0.0129952770;20.5510550770;10000;19484.9209132620;4620000;9639;361
train;8;6;100;0.1000000000;0.0141218140;225.3413840480;60000;19710.2622973100;4680000;;
test;8;6;100;0.1000000000;0.0154604650;130.7653940280;60000;19710.2622973100;4680000;58281;1719
test;8;6;100;0.1000000000;0.0138757830;21.9153299010;10000;19710.2622973100;4680000;9633;367
train;8;6;100;0.1000000000;0.0128550340;231.2944595860;60000;19941.5567568960;4740000;;
test;8;6;100;0.1000000000;0.0157161630;128.3875057260;60000;19941.5567568960;4740000;58337;1663
test;8;6;100;0.1000000000;0.0128891570;21.8361696160;10000;19941.5567568960;4740000;9643;357
train;8;6;100;0.1000000000;0.0142446830;227.4128463150;60000;20168.9696032110;4800000;;
test;8;6;100;0.1000000000;0.0157080380;124.5165594940;60000;20168.9696032110;4800000;58403;1597
test;8;6;100;0.1000000000;0.0131970200;21.5939313840;10000;20168.9696032110;4800000;9645;355
train;8;6;100;0.1000000000;0.0140992720;230.2609058870;60000;20399.2305090980;4860000;;
test;8;6;100;0.1000000000;0.0127979520;128.2182926380;60000;20399.2305090980;4860000;58340;1660
test;8;6;100;0.1000000000;0.0137385780;22.0757179630;10000;20399.2305090980;4860000;9640;360
train;8;6;100;0.1000000000;0.0177389930;244.2193472520;60000;20643.4498563500;4920000;;
test;8;6;100;0.1000000000;0.0170546040;144.8618508130;60000;20643.4498563500;4920000;58342;1658
test;8;6;100;0.1000000000;0.0166567460;24.9060942550;10000;20643.4498563500;4920000;9625;375
train;8;6;100;0.1000000000;0.0146410820;246.7680212050;60000;20890.2178775550;4980000;;
test;8;6;100;0.1000000000;0.0217686110;127.0049944390;60000;20890.2178775550;4980000;58287;1713
test;8;6;100;0.1000000000;0.0164045070;23.0755339850;10000;20890.2178775550;4980000;9627;373
train;8;6;100;0.1000000000;0.0137845780;240.7806504540;60000;21130.9985280090;5040000;;
test;8;6;100;0.1000000000;0.0157582020;136.8506043470;60000;21130.9985280090;5040000;58404;1596
test;8;6;100;0.1000000000;0.0181482670;24.0959159630;10000;21130.9985280090;5040000;9640;360
train;8;6;100;0.1000000000;0.0135715870;244.3030068760;60000;21375.3015348850;5100000;;
test;8;6;100;0.1000000000;0.0160598150;136.6028199390;60000;21375.3015348850;5100000;58394;1606
test;8;6;100;0.1000000000;0.0150420650;23.4171767130;10000;21375.3015348850;5100000;9642;358
train;8;6;100;0.1000000000;0.0146336660;228.5513380350;60000;21603.8528729200;5160000;;
test;8;6;100;0.1000000000;0.0129850710;127.8695142830;60000;21603.8528729200;5160000;58441;1559
test;8;6;100;0.1000000000;0.0155880830;21.4411125810;10000;21603.8528729200;5160000;9639;361
train;8;6;100;0.1000000000;0.0141565610;220.8369194130;60000;21824.6897923330;5220000;;
test;8;6;100;0.1000000000;0.0127384560;138.9046361460;60000;21824.6897923330;5220000;58431;1569
test;8;6;100;0.1000000000;0.0150986470;23.6564411580;10000;21824.6897923330;5220000;9635;365
train;8;6;100;0.1000000000;0.0141485210;251.5123826950;60000;22076.2021750280;5280000;;
test;8;6;100;0.1000000000;0.0158866540;138.7505615660;60000;22076.2021750280;5280000;58454;1546
test;8;6;100;0.1000000000;0.0161492680;23.1850486790;10000;22076.2021750280;5280000;9643;357
train;8;6;100;0.1000000000;0.0158539480;247.3687945290;60000;22323.5709695570;5340000;;
test;8;6;100;0.1000000000;0.0137697020;143.8191431740;60000;22323.5709695570;5340000;58426;1574
test;8;6;100;0.1000000000;0.0163743410;22.8545139230;10000;22323.5709695570;5340000;9646;354
train;8;6;100;0.1000000000;0.0132429760;251.9405468210;60000;22575.5115163780;5400000;;
test;8;6;100;0.1000000000;0.0303644930;124.0208111330;60000;22575.5115163780;5400000;58550;1450
test;8;6;100;0.1000000000;0.0170982290;21.6566884950;10000;22575.5115163780;5400000;9654;346
train;8;6;100;0.1000000000;0.0134775900;233.1974188990;60000;22808.7089352770;5460000;;
test;8;6;100;0.1000000000;0.0154137580;128.8334244360;60000;22808.7089352770;5460000;58520;1480
test;8;6;100;0.1000000000;0.0172210560;22.6070777510;10000;22808.7089352770;5460000;9649;351
train;8;6;100;0.1000000000;0.0224561650;244.6249219920;60000;23053.3338572690;5520000;;
test;8;6;100;0.1000000000;0.0157879910;130.3986788760;60000;23053.3338572690;5520000;58468;1532
test;8;6;100;0.1000000000;0.0153748000;20.4444963390;10000;23053.3338572690;5520000;9620;380
train;8;6;100;0.1000000000;0.0139499450;229.9711277740;60000;23283.3049850430;5580000;;
test;8;6;100;0.1000000000;0.0154315900;131.6336823760;60000;23283.3049850430;5580000;58527;1473
test;8;6;100;0.1000000000;0.0159377770;21.4954878840;10000;23283.3049850430;5580000;9647;353
train;8;6;100;0.1000000000;0.0170348950;233.6682947350;60000;23516.9732797780;5640000;;
test;8;6;100;0.1000000000;0.0138314920;131.7809053800;60000;23516.9732797780;5640000;58617;1383
test;8;6;100;0.1000000000;0.0142347650;21.8923907130;10000;23516.9732797780;5640000;9664;336
train;8;6;100;0.1000000000;0.0140598160;229.1488715780;60000;23746.1221513560;5700000;;
test;8;6;100;0.1000000000;0.0157073290;127.9625558900;60000;23746.1221513560;5700000;58272;1728
test;8;6;100;0.1000000000;0.0145972930;22.2948845560;10000;23746.1221513560;5700000;9607;393
train;8;6;100;0.1000000000;0.0136312490;226.1148305250;60000;23972.2369818810;5760000;;
test;8;6;100;0.1000000000;0.0152276000;126.6895876690;60000;23972.2369818810;5760000;58573;1427
test;8;6;100;0.1000000000;0.0159206100;20.4644254050;10000;23972.2369818810;5760000;9654;346
train;8;6;100;0.1000000000;0.0137404970;228.3754721670;60000;24200.6124540480;5820000;;
test;8;6;100;0.1000000000;0.0155898760;134.4896444980;60000;24200.6124540480;5820000;58523;1477
test;8;6;100;0.1000000000;0.0150922710;21.7754058330;10000;24200.6124540480;5820000;9656;344
train;8;6;100;0.1000000000;0.0131951440;230.1651896860;60000;24430.7776437340;5880000;;
test;8;6;100;0.1000000000;0.0127729540;135.9581089900;60000;24430.7776437340;5880000;58571;1429
test;8;6;100;0.1000000000;0.0165663740;23.0941593990;10000;24430.7776437340;5880000;9643;357
train;8;6;100;0.1000000000;0.0137074150;250.8157390080;60000;24681.5933827420;5940000;;
test;8;6;100;0.1000000000;0.0199621460;142.7805807260;60000;24681.5933827420;5940000;58603;1397
test;8;6;100;0.1000000000;0.0158379900;22.5691353740;10000;24681.5933827420;5940000;9664;336
train;8;6;100;0.1000000000;0.0141533950;242.6740622850;60000;24924.2674450270;6000000;;
test;8;6;100;0.1000000000;0.0165777080;146.7941842020;60000;24924.2674450270;6000000;58573;1427
test;8;6;100;0.1000000000;0.0233833340;25.4101658830;10000;24924.2674450270;6000000;9649;351
