Mode;CPUs;Parallel;WorkerBatch;LearningRate;WorkerSetupTime;EpochElapsedTime;EpochLines;TotalElapsedTime;TotalLines;Correct;Incorrect
train;8;7;100;0.1000000000;0.0169410670;217.4983460020;60000;217.4983460020;60000;;
test;8;7;100;0.1000000000;0.0182239710;123.3299654580;60000;217.4983460020;60000;14563;45437
test;8;7;100;0.1000000000;0.0149340290;20.4144515000;10000;217.4983460020;60000;2456;7544
train;8;7;100;0.1000000000;0.0149255700;211.8815431750;60000;429.3798891770;120000;;
test;8;7;100;0.1000000000;0.0152429310;119.4535738680;60000;429.3798891770;120000;43031;16969
test;8;7;100;0.1000000000;0.0152298490;19.9534283700;10000;429.3798891770;120000;7145;2855
train;8;7;100;0.1000000000;0.0153351770;211.4589492670;60000;640.8388384440;180000;;
test;8;7;100;0.1000000000;0.0160148160;120.8375232130;60000;640.8388384440;180000;51469;8531
test;8;7;100;0.1000000000;0.0154551320;20.5815673160;10000;640.8388384440;180000;8649;1351
train;8;7;100;0.1000000000;0.0162134320;212.2483797870;60000;853.0872182310;240000;;
test;8;7;100;0.1000000000;0.0164003820;120.4881290150;60000;853.0872182310;240000;52532;7468
test;8;7;100;0.1000000000;0.0163980920;19.7770663610;10000;853.0872182310;240000;8793;1207
train;8;7;100;0.1000000000;0.0152173920;211.9064060660;60000;1064.9936242970;300000;;
test;8;7;100;0.1000000000;0.0150812310;117.4025909660;60000;1064.9936242970;300000;53642;6358
test;8;7;100;0.1000000000;0.0159117790;19.8179959050;10000;1064.9936242970;300000;8953;1047
train;8;7;100;0.1000000000;0.0150914380;207.8911343680;60000;1272.8847586650;360000;;
test;8;7;100;0.1000000000;0.0154219670;123.7050879670;60000;1272.8847586650;360000;54054;5946
test;8;7;100;0.1000000000;0.0159865240;23.0928430340;10000;1272.8847586650;360000;9059;941
train;8;7;100;0.1000000000;0.0160518550;215.3390457840;60000;1488.2238044490;420000;;
test;8;7;100;0.1000000000;0.0172939700;122.7371324570;60000;1488.2238044490;420000;54390;5610
test;8;7;100;0.1000000000;0.0194248370;21.1721697440;10000;1488.2238044490;420000;9127;873
train;8;7;100;0.1000000000;0.0162949700;212.7649560480;60000;1700.9887604970;480000;;
test;8;7;100;0.1000000000;0.0153945500;134.9415395180;60000;1700.9887604970;480000;54459;5541
test;8;7;100;0.1000000000;0.0193836720;21.0072032890;10000;1700.9887604970;480000;9099;901
train;8;7;100;0.1000000000;0.0168759880;226.0614001430;60000;1927.0501606400;540000;;
test;8;7;100;0.1000000000;0.0187481570;127.6160288670;60000;1927.0501606400;540000;54716;5284
test;8;7;100;0.1000000000;0.0201070570;21.8919049850;10000;1927.0501606400;540000;9144;856
train;8;7;100;0.1000000000;0.0153407590;221.6953836820;60000;2148.7455443220;600000;;
test;8;7;100;0.1000000000;0.0189653980;138.5252172850;60000;2148.7455443220;600000;54587;5413
test;8;7;100;0.1000000000;0.0202444260;22.6138228800;10000;2148.7455443220;600000;9126;874
train;8;7;100;0.1000000000;0.0161998900;218.6639625290;60000;2367.4095068510;660000;;
test;8;7;100;0.1000000000;0.0176989940;129.6536449980;60000;2367.4095068510;660000;54962;5038
test;8;7;100;0.1000000000;0.0188425270;22.1965070920;10000;2367.4095068510;660000;9178;822
train;8;7;100;0.1000000000;0.0177470330;222.2399143350;60000;2589.6494211860;720000;;
test;8;7;100;0.1000000000;0.0177716970;125.6476702380;60000;2589.6494211860;720000;55131;4869
test;8;7;100;0.1000000000;0.0190573530;21.8914507140;10000;2589.6494211860;720000;9202;798
train;8;7;100;0.1000000000;0.0180041890;218.6071259180;60000;2808.2565471040;780000;;
test;8;7;100;0.1000000000;0.0216709490;123.8544642880;60000;2808.2565471040;780000;55227;4773
test;8;7;100;0.1000000000;0.0164494630;21.4977906600;10000;2808.2565471040;780000;9227;773
train;8;7;100;0.1000000000;0.0183872140;217.7296927490;60000;3025.9862398530;840000;;
test;8;7;100;0.1000000000;0.0190316460;130.6072447400;60000;3025.9862398530;840000;55304;4696
test;8;7;100;0.1000000000;0.0178786520;20.8710164060;10000;3025.9862398530;840000;9214;786
train;8;7;100;0.1000000000;0.0171263520;218.2646773430;60000;3244.2509171960;900000;;
test;8;7;100;0.1000000000;0.0152742230;114.5499600880;60000;3244.2509171960;900000;55395;4605
test;8;7;100;0.1000000000;0.0160428970;19.6814212880;10000;3244.2509171960;900000;9247;753
train;8;7;100;0.1000000000;0.0153206790;201.6388913940;60000;3445.8898085900;960000;;
test;8;7;100;0.1000000000;0.0170581050;118.1104786760;60000;3445.8898085900;960000;55515;4485
test;8;7;100;0.1000000000;0.0154922550;20.9228818940;10000;3445.8898085900;960000;9239;761
train;8;7;100;0.1000000000;0.0154750480;199.8851036740;60000;3645.7749122640;1020000;;
test;8;7;100;0.1000000000;0.0179149860;115.1227653970;60000;3645.7749122640;1020000;55419;4581
test;8;7;100;0.1000000000;0.0153258050;18.9474365640;10000;3645.7749122640;1020000;9241;759
train;8;7;100;0.1000000000;0.0153717600;200.8035248380;60000;3846.5784371020;1080000;;
test;8;7;100;0.1000000000;0.0175540410;117.4644753670;60000;3846.5784371020;1080000;55727;4273
test;8;7;100;0.1000000000;0.0157254100;19.8307695220;10000;3846.5784371020;1080000;9275;725
train;8;7;100;0.1000000000;0.0163532590;201.9096753210;60000;4048.4881124230;1140000;;
test;8;7;100;0.1000000000;0.0175418760;116.2506244500;60000;4048.4881124230;1140000;55783;4217
test;8;7;100;0.1000000000;0.0149919020;19.6352100910;10000;4048.4881124230;1140000;9280;720
train;8;7;100;0.1000000000;0.0161016870;199.9423963110;60000;4248.4305087340;1200000;;
test;8;7;100;0.1000000000;0.0179014020;118.0318258720;60000;4248.4305087340;1200000;55860;4140
test;8;7;100;0.1000000000;0.0148828210;20.4411390240;10000;4248.4305087340;1200000;9301;699
train;8;7;100;0.1000000000;0.0160224820;201.1732524180;60000;4449.6037611520;1260000;;
test;8;7;100;0.1000000000;0.0159324860;117.7000162120;60000;4449.6037611520;1260000;55932;4068
test;8;7;100;0.1000000000;0.0154084240;20.3172933560;10000;4449.6037611520;1260000;9323;677
train;8;7;100;0.1000000000;0.0152289740;201.8463715250;60000;4651.4501326770;1320000;;
test;8;7;100;0.1000000000;0.0160101080;116.5616329150;60000;4651.4501326770;1320000;55994;4006
test;8;7;100;0.1000000000;0.0150474820;19.5954023730;10000;4651.4501326770;1320000;9304;696
train;8;7;100;0.1000000000;0.0165303770;201.1643571330;60000;4852.6144898100;1380000;;
test;8;7;100;0.1000000000;0.0180124400;121.8478275420;60000;4852.6144898100;1380000;56157;3843
test;8;7;100;0.1000000000;0.0163126770;19.8963646820;10000;4852.6144898100;1380000;9345;655
train;8;7;100;0.1000000000;0.0158779890;198.3227511920;60000;5050.9372410020;1440000;;
test;8;7;100;0.1000000000;0.0179570240;111.1807719020;60000;5050.9372410020;1440000;56233;3767
test;8;7;100;0.1000000000;0.0161623930;19.3979628530;10000;5050.9372410020;1440000;9348;652
train;8;7;100;0.1000000000;0.0160404800;212.4872511120;60000;5263.4244921140;1500000;;
test;8;7;100;0.1000000000;0.0179002760;124.6978594980;60000;5263.4244921140;1500000;56290;3710
test;8;7;100;0.1000000000;0.0181679320;21.0707789470;10000;5263.4244921140;1500000;9345;655
train;8;7;100;0.1000000000;0.0196834090;220.6980743500;60000;5484.1225664640;1560000;;
test;8;7;100;0.1000000000;0.0180637690;124.4583364810;60000;5484.1225664640;1560000;56288;3712
test;8;7;100;0.1000000000;0.0179740230;21.4781224580;10000;5484.1225664640;1560000;9362;638
train;8;7;100;0.1000000000;0.0187391170;227.3069378250;60000;5711.4295042890;1620000;;
test;8;7;100;0.1000000000;0.0183099270;124.3081162740;60000;5711.4295042890;1620000;56395;3605
test;8;7;100;0.1000000000;0.0179281090;21.4313758280;10000;5711.4295042890;1620000;9367;633
train;8;7;100;0.1000000000;0.0179379410;237.3705283520;60000;5948.8000326410;1680000;;
test;8;7;100;0.1000000000;0.0175067110;124.7157396940;60000;5948.8000326410;1680000;56424;3576
test;8;7;100;0.1000000000;0.0180916440;21.1166679860;10000;5948.8000326410;1680000;9370;630
train;8;7;100;0.1000000000;0.0193039670;232.6004482010;60000;6181.4004808420;1740000;;
test;8;7;100;0.1000000000;0.0175877060;126.0246225410;60000;6181.4004808420;1740000;56532;3468
test;8;7;100;0.1000000000;0.0193589210;21.4894968890;10000;6181.4004808420;1740000;9397;603
train;8;7;100;0.1000000000;0.0177580320;231.4754645210;60000;6412.8759453630;1800000;;
test;8;7;100;0.1000000000;0.0176962010;124.0488045660;60000;6412.8759453630;1800000;56643;3357
test;8;7;100;0.1000000000;0.0211452220;22.5535574600;10000;6412.8759453630;1800000;9406;594
train;8;7;100;0.1000000000;0.0180277720;230.7853650950;60000;6643.6613104580;1860000;;
test;8;7;100;0.1000000000;0.0200823080;127.4922264870;60000;6643.6613104580;1860000;56676;3324
test;8;7;100;0.1000000000;0.0214323760;21.6373586940;10000;6643.6613104580;1860000;9416;584
train;8;7;100;0.1000000000;0.0180591870;229.8704960260;60000;6873.5318064840;1920000;;
test;8;7;100;0.1000000000;0.0177389920;122.3051760040;60000;6873.5318064840;1920000;56734;3266
test;8;7;100;0.1000000000;0.0192128860;21.6406221840;10000;6873.5318064840;1920000;9434;566
train;8;7;100;0.1000000000;0.0186675370;231.7459922570;60000;7105.2777987410;1980000;;
test;8;7;100;0.1000000000;0.0178818190;130.3235245850;60000;7105.2777987410;1980000;56711;3289
test;8;7;100;0.1000000000;0.0179620240;21.3139864750;10000;7105.2777987410;1980000;9408;592
train;8;7;100;0.1000000000;0.0179802300;231.2278318140;60000;7336.5056305550;2040000;;
test;8;7;100;0.1000000000;0.0196871580;130.9959810860;60000;7336.5056305550;2040000;56866;3134
test;8;7;100;0.1000000000;0.0201761380;22.2105820320;10000;7336.5056305550;2040000;9441;559
train;8;7;100;0.1000000000;0.0176231630;232.0217281410;60000;7568.5273586960;2100000;;
test;8;7;100;0.1000000000;0.0177523250;128.3910408300;60000;7568.5273586960;2100000;56870;3130
test;8;7;100;0.1000000000;0.0180202710;21.4497114650;10000;7568.5273586960;2100000;9448;552
train;8;7;100;0.1000000000;0.0178189040;228.8894350800;60000;7797.4167937760;2160000;;
test;8;7;100;0.1000000000;0.0196651180;128.7716541180;60000;7797.4167937760;2160000;56936;3064
test;8;7;100;0.1000000000;0.0216812820;20.6106006180;10000;7797.4167937760;2160000;9453;547
train;8;7;100;0.1000000000;0.0188289030;230.6600600010;60000;8028.0768537770;2220000;;
test;8;7;100;0.1000000000;0.0186469120;126.2100915750;60000;8028.0768537770;2220000;56945;3055
test;8;7;100;0.1000000000;0.0203801290;20.9752940720;10000;8028.0768537770;2220000;9456;544
train;8;7;100;0.1000000000;0.0195836640;229.4022289640;60000;8257.4790827410;2280000;;
test;8;7;100;0.1000000000;0.0176689130;127.6354278680;60000;8257.4790827410;2280000;57052;2948
test;8;7;100;0.1000000000;0.0179034850;20.9530727300;10000;8257.4790827410;2280000;9472;528
train;8;7;100;0.1000000000;0.0226151990;231.4590166440;60000;8488.9380993850;2340000;;
test;8;7;100;0.1000000000;0.0180361040;124.1129446520;60000;8488.9380993850;2340000;57047;2953
test;8;7;100;0.1000000000;0.0182542210;21.3800563180;10000;8488.9380993850;2340000;9479;521
train;8;7;100;0.1000000000;0.0181663480;234.0955877220;60000;8723.0336871070;2400000;;
test;8;7;100;0.1000000000;0.0181217680;128.7296811890;60000;8723.0336871070;2400000;57128;2872
test;8;7;100;0.1000000000;0.0180099810;22.1456783910;10000;8723.0336871070;2400000;9475;525
train;8;7;100;0.1000000000;0.0176993680;232.9029785680;60000;8955.9366656750;2460000;;
test;8;7;100;0.1000000000;0.0230626380;122.0232692080;60000;8955.9366656750;2460000;57187;2813
test;8;7;100;0.1000000000;0.0181342670;21.7503294920;10000;8955.9366656750;2460000;9479;521
train;8;7;100;0.1000000000;0.0190051050;230.9640614230;60000;9186.9007270980;2520000;;
test;8;7;100;0.1000000000;0.0175464170;129.8434959290;60000;9186.9007270980;2520000;57242;2758
test;8;7;100;0.1000000000;0.0182682620;22.3579454000;10000;9186.9007270980;2520000;9478;522
train;8;7;100;0.1000000000;0.0178798600;231.1281535740;60000;9418.0288806720;2580000;;
test;8;7;100;0.1000000000;0.0179378590;125.9145361610;60000;9418.0288806720;2580000;57218;2782
test;8;7;100;0.1000000000;0.0182009300;22.4962484890;10000;9418.0288806720;2580000;9489;511
train;8;7;100;0.1000000000;0.0192905090;233.3741516740;60000;9651.4030323460;2640000;;
test;8;7;100;0.1000000000;0.0179754410;124.4363036740;60000;9651.4030323460;2640000;57318;2682
test;8;7;100;0.1000000000;0.0188811530;21.3460787250;10000;9651.4030323460;2640000;9486;514
train;8;7;100;0.1000000000;0.0186789110;228.1276658850;60000;9879.5306982310;2700000;;
test;8;7;100;0.1000000000;0.0176316210;120.1860998470;60000;9879.5306982310;2700000;57369;2631
test;8;7;100;0.1000000000;0.0192155960;21.2809499230;10000;9879.5306982310;2700000;9501;499
train;8;7;100;0.1000000000;0.0180453550;231.2388875500;60000;10110.7695857810;2760000;;
test;8;7;100;0.1000000000;0.0175980810;122.7528727860;60000;10110.7695857810;2760000;57399;2601
test;8;7;100;0.1000000000;0.0190724340;20.4106733280;10000;10110.7695857810;2760000;9514;486
train;8;7;100;0.1000000000;0.0190322710;232.6342850060;60000;10343.4038707870;2820000;;
test;8;7;100;0.1000000000;0.0179062350;128.4497239060;60000;10343.4038707870;2820000;57385;2615
test;8;7;100;0.1000000000;0.0191279320;21.9999136990;10000;10343.4038707870;2820000;9508;492
train;8;7;100;0.1000000000;0.0189066920;229.9284968420;60000;10573.3323676290;2880000;;
test;8;7;100;0.1000000000;0.0177102860;126.7458482130;60000;10573.3323676290;2880000;57450;2550
test;8;7;100;0.1000000000;0.0176630360;21.7561275400;10000;10573.3323676290;2880000;9515;485
train;8;7;100;0.1000000000;0.0193589230;232.3857817080;60000;10805.7181493370;2940000;;
test;8;7;100;0.1000000000;0.0198347370;124.4037813540;60000;10805.7181493370;2940000;57481;2519
test;8;7;100;0.1000000000;0.0181016860;21.1894752940;10000;10805.7181493370;2940000;9523;477
train;8;7;100;0.1000000000;0.0178466540;229.3801649490;60000;11035.0983142860;3000000;;
test;8;7;100;0.1000000000;0.0180602690;129.9702635120;60000;11035.0983142860;3000000;57505;2495
test;8;7;100;0.1000000000;0.0179746480;22.1600541510;10000;11035.0983142860;3000000;9520;480
train;8;7;100;0.1000000000;0.0190879770;230.0722627370;60000;11265.1705770230;3060000;;
test;8;7;100;0.1000000000;0.0176747860;129.6860756930;60000;11265.1705770230;3060000;57580;2420
test;8;7;100;0.1000000000;0.0180691440;21.7379137770;10000;11265.1705770230;3060000;9537;463
train;8;7;100;0.1000000000;0.0193654630;228.1113307550;60000;11493.2819077780;3120000;;
test;8;7;100;0.1000000000;0.0175516670;127.1951714420;60000;11493.2819077780;3120000;57572;2428
test;8;7;100;0.1000000000;0.0182415120;22.1103506090;10000;11493.2819077780;3120000;9523;477
train;8;7;100;0.1000000000;0.0189750220;230.3540844100;60000;11723.6359921880;3180000;;
test;8;7;100;0.1000000000;0.0176499120;126.9457268470;60000;11723.6359921880;3180000;57607;2393
test;8;7;100;0.1000000000;0.0185471250;21.3220649590;10000;11723.6359921880;3180000;9544;456
train;8;7;100;0.1000000000;0.0187722810;230.3577574960;60000;11953.9937496840;3240000;;
test;8;7;100;0.1000000000;0.0180346880;119.5778764280;60000;11953.9937496840;3240000;57631;2369
test;8;7;100;0.1000000000;0.0186589110;21.4196757060;10000;11953.9937496840;3240000;9552;448
train;8;7;100;0.1000000000;0.0186970770;229.6651598910;60000;12183.6589095750;3300000;;
test;8;7;100;0.1000000000;0.0196471190;127.9401776860;60000;12183.6589095750;3300000;57693;2307
test;8;7;100;0.1000000000;0.0189550640;21.5343445140;10000;12183.6589095750;3300000;9538;462
train;8;7;100;0.1000000000;0.0191136840;230.3105489760;60000;12413.9694585510;3360000;;
test;8;7;100;0.1000000000;0.0177316170;125.8214164410;60000;12413.9694585510;3360000;57687;2313
test;8;7;100;0.1000000000;0.0182864260;22.2732621440;10000;12413.9694585510;3360000;9544;456
train;8;7;100;0.1000000000;0.0180179800;231.0979917760;60000;12645.0674503270;3420000;;
test;8;7;100;0.1000000000;0.0178454880;122.8824758620;60000;12645.0674503270;3420000;57733;2267
test;8;7;100;0.1000000000;0.0179397330;22.1377797260;10000;12645.0674503270;3420000;9555;445
train;8;7;100;0.1000000000;0.0187574060;227.2832573400;60000;12872.3507076670;3480000;;
test;8;7;100;0.1000000000;0.0182160550;120.8289161270;60000;12872.3507076670;3480000;57704;2296
test;8;7;100;0.1000000000;0.0195796210;21.9000404700;10000;12872.3507076670;3480000;9560;440
train;8;7;100;0.1000000000;0.0191249320;232.4471577130;60000;13104.7978653800;3540000;;
test;8;7;100;0.1000000000;0.0177244920;125.9282294130;60000;13104.7978653800;3540000;57816;2184
test;8;7;100;0.1000000000;0.0192590090;21.9072919090;10000;13104.7978653800;3540000;9566;434
train;8;7;100;0.1000000000;0.0180138960;227.4329663310;60000;13332.2308317110;3600000;;
test;8;7;100;0.1000000000;0.0227845680;121.6052508280;60000;13332.2308317110;3600000;57822;2178
test;8;7;100;0.1000000000;0.0179803980;21.4359173490;10000;13332.2308317110;3600000;9580;420
train;8;7;100;0.1000000000;0.0212122190;227.5137689980;60000;13559.7446007090;3660000;;
test;8;7;100;0.1000000000;0.0196655360;128.5742777500;60000;13559.7446007090;3660000;57842;2158
test;8;7;100;0.1000000000;0.0179970640;21.3893220490;10000;13559.7446007090;3660000;9563;437
train;8;7;100;0.1000000000;0.0174433790;228.2482007360;60000;13787.9928014450;3720000;;
test;8;7;100;0.1000000000;0.0175607910;131.4340014040;60000;13787.9928014450;3720000;57841;2159
test;8;7;100;0.1000000000;0.0180570200;21.7559725420;10000;13787.9928014450;3720000;9574;426
train;8;7;100;0.1000000000;0.0197888200;229.3021061930;60000;14017.2949076380;3780000;;
test;8;7;100;0.1000000000;0.0177197850;125.0843828400;60000;14017.2949076380;3780000;57884;2116
test;8;7;100;0.1000000000;0.0187271170;21.8229651790;10000;14017.2949076380;3780000;9586;414
train;8;7;100;0.1000000000;0.0190076050;231.1074245060;60000;14248.4023321440;3840000;;
test;8;7;100;0.1000000000;0.0176705380;125.5107329970;60000;14248.4023321440;3840000;57943;2057
test;8;7;100;0.1000000000;0.0188794830;22.4307228320;10000;14248.4023321440;3840000;9598;402
train;8;7;100;0.1000000000;0.0182281790;229.7949891280;60000;14478.1973212720;3900000;;
test;8;7;100;0.1000000000;0.0182731780;128.2165815320;60000;14478.1973212720;3900000;57791;2209
test;8;7;100;0.1000000000;0.0180176460;21.4296644450;10000;14478.1973212720;3900000;9569;431
train;8;7;100;0.1000000000;0.0188501100;229.7975007740;60000;14707.9948220460;3960000;;
test;8;7;100;0.1000000000;0.0173799650;132.1186789910;60000;14707.9948220460;3960000;57949;2051
test;8;7;100;0.1000000000;0.0186452450;21.4143591400;10000;14707.9948220460;3960000;9565;435
train;8;7;100;0.1000000000;0.0203753790;226.5461485150;60000;14934.5409705610;4020000;;
test;8;7;100;0.1000000000;0.0200023120;130.1034318170;60000;14934.5409705610;4020000;57977;2023
test;8;7;100;0.1000000000;0.0180291880;21.8983854590;10000;14934.5409705610;4020000;9596;404
train;8;7;100;0.1000000000;0.0187592390;231.8508129370;60000;15166.3917834980;4080000;;
test;8;7;100;0.1000000000;0.0175528320;124.6669007260;60000;15166.3917834980;4080000;58007;1993
test;8;7;100;0.1000000000;0.0206152430;21.8759352510;10000;15166.3917834980;4080000;9595;405
train;8;7;100;0.1000000000;0.0188809850;228.8980540870;60000;15395.2898375850;4140000;;
test;8;7;100;0.1000000000;0.0198880250;123.5204904260;60000;15395.2898375850;4140000;58080;1920
test;8;7;100;0.1000000000;0.0195789140;20.5980614860;10000;15395.2898375850;4140000;9599;401
train;8;7;100;0.1000000000;0.0194831260;231.3643631040;60000;15626.6542006890;4200000;;
test;8;7;100;0.1000000000;0.0198752760;126.8824504620;60000;15626.6542006890;4200000;58035;1965
test;8;7;100;0.1000000000;0.0183206740;21.9011234200;10000;15626.6542006890;4200000;9598;402
train;8;7;100;0.1000000000;0.0183200930;228.2916419610;60000;15854.9458426500;4260000;;
test;8;7;100;0.1000000000;0.0198669410;131.9949434820;60000;15854.9458426500;4260000;58074;1926
test;8;7;100;0.1000000000;0.0187639040;22.1312790450;10000;15854.9458426500;4260000;9597;403
train;8;7;100;0.1000000000;0.0187922380;230.5212320540;60000;16085.4670747040;4320000;;
test;8;7;100;0.1000000000;0.0180354790;127.6018865940;60000;16085.4670747040;4320000;58099;1901
test;8;7;100;0.1000000000;0.0183474240;21.0966139300;10000;16085.4670747040;4320000;9594;406
train;8;7;100;0.1000000000;0.0185836220;230.9721660740;60000;16316.4392407780;4380000;;
test;8;7;100;0.1000000000;0.0199968960;124.4278475680;60000;16316.4392407780;4380000;58135;1865
test;8;7;100;0.1000000000;0.0194772500;21.7234243510;10000;16316.4392407780;4380000;9607;393
train;8;7;100;0.1000000000;0.0188058620;227.7885735090;60000;16544.2278142870;4440000;;
test;8;7;100;0.1000000000;0.0197938630;123.2156104210;60000;16544.2278142870;4440000;58118;1882
test;8;7;100;0.1000000000;0.0195275400;21.5732191020;10000;16544.2278142870;4440000;9596;404
train;8;7;100;0.1000000000;0.0180666450;227.4191764130;60000;16771.6469907000;4500000;;
test;8;7;100;0.1000000000;0.0179003600;121.0468423060;60000;16771.6469907000;4500000;58077;1923
test;8;7;100;0.1000000000;0.0196721580;21.9363637490;10000;16771.6469907000;4500000;9599;401
train;8;7;100;0.1000000000;0.0193418820;230.2532281820;60000;17001.9002188820;4560000;;
test;8;7;100;0.1000000000;0.0197129080;122.8348410750;60000;17001.9002188820;4560000;58207;1793
test;8;7;100;0.1000000000;0.0180192720;21.7942379890;10000;17001.9002188820;4560000;9622;378
train;8;7;100;0.1000000000;0.0176458710;227.9299336280;60000;17229.8301525100;4620000;;
test;8;7;100;0.1000000000;0.0197509060;125.8743961380;60000;17229.8301525100;4620000;58223;1777
test;8;7;100;0.1000000000;0.0188329030;22.4906596430;10000;17229.8301525100;4620000;9623;377
train;8;7;100;0.1000000000;0.0182171390;230.9812431460;60000;17460.8113956560;4680000;;
test;8;7;100;0.1000000000;0.0198654020;129.1769339560;60000;17460.8113956560;4680000;58235;1765
test;8;7;100;0.1000000000;0.0191844720;21.9684868770;10000;17460.8113956560;4680000;9614;386
train;8;7;100;0.1000000000;0.0180189380;230.2731906540;60000;17691.0845863100;4740000;;
test;8;7;100;0.1000000000;0.0203062570;122.9735259860;60000;17691.0845863100;4740000;58218;1782
test;8;7;100;0.1000000000;0.0195663290;21.7531584150;10000;17691.0845863100;4740000;9622;378
train;8;7;100;0.1000000000;0.0190616010;233.6104142930;60000;17924.6950006030;4800000;;
test;8;7;100;0.1000000000;0.0184331290;125.7384927700;60000;17924.6950006030;4800000;58142;1858
test;8;7;100;0.1000000000;0.0187019490;21.9323675860;10000;17924.6950006030;4800000;9615;385
train;8;7;100;0.1000000000;0.0189383560;229.6072785270;60000;18154.3022791300;4860000;;
test;8;7;100;0.1000000000;0.0198081540;122.1995529220;60000;18154.3022791300;4860000;58170;1830
test;8;7;100;0.1000000000;0.0188511530;22.7657841370;10000;18154.3022791300;4860000;9619;381
train;8;7;100;0.1000000000;0.0180191060;228.2089736630;60000;18382.5112527930;4920000;;
test;8;7;100;0.1000000000;0.0180117720;126.9639536070;60000;18382.5112527930;4920000;58329;1671
test;8;7;100;0.1000000000;0.0191063090;21.2405743620;10000;18382.5112527930;4920000;9622;378
train;8;7;100;0.1000000000;0.0191246820;231.1076746620;60000;18613.6189274550;4980000;;
test;8;7;100;0.1000000000;0.0199559800;122.9787613710;60000;18613.6189274550;4980000;58310;1690
test;8;7;100;0.1000000000;0.0183098840;21.3696448850;10000;18613.6189274550;4980000;9624;376
train;8;7;100;0.1000000000;0.0191057660;230.7397313820;60000;18844.3586588370;5040000;;
test;8;7;100;0.1000000000;0.0198839840;129.5982071170;60000;18844.3586588370;5040000;58249;1751
test;8;7;100;0.1000000000;0.0192848840;22.2454254610;10000;18844.3586588370;5040000;9626;374
train;8;7;100;0.1000000000;0.0180727700;232.0766644120;60000;19076.4353232490;5100000;;
test;8;7;100;0.1000000000;0.0176169130;129.8707146810;60000;19076.4353232490;5100000;58371;1629
test;8;7;100;0.1000000000;0.0191398910;22.2825649160;10000;19076.4353232490;5100000;9641;359
train;8;7;100;0.1000000000;0.0193834220;232.2479210470;60000;19308.6832442960;5160000;;
test;8;7;100;0.1000000000;0.0178367800;130.6285345510;60000;19308.6832442960;5160000;58334;1666
test;8;7;100;0.1000000000;0.0187915310;22.4078395580;10000;19308.6832442960;5160000;9631;369
train;8;7;100;0.1000000000;0.0181132260;230.6253827750;60000;19539.3086270710;5220000;;
test;8;7;100;0.1000000000;0.0176777850;126.6069981960;60000;19539.3086270710;5220000;58373;1627
test;8;7;100;0.1000000000;0.0202253030;22.0124467040;10000;19539.3086270710;5220000;9643;357
train;8;7;100;0.1000000000;0.0179341500;229.1136784990;60000;19768.4223055700;5280000;;
test;8;7;100;0.1000000000;0.0171788500;131.3499039650;60000;19768.4223055700;5280000;58424;1576
test;8;7;100;0.1000000000;0.0194487930;21.3582408330;10000;19768.4223055700;5280000;9645;355
train;8;7;100;0.1000000000;0.0186475770;231.7309709770;60000;20000.1532765470;5340000;;
test;8;7;100;0.1000000000;0.0179131930;123.4064758100;60000;20000.1532765470;5340000;58407;1593
test;8;7;100;0.1000000000;0.0196166200;21.1384638900;10000;20000.1532765470;5340000;9634;366
train;8;7;100;0.1000000000;0.0180047320;230.7924543390;60000;20230.9457308860;5400000;;
test;8;7;100;0.1000000000;0.0199785200;127.1526507130;60000;20230.9457308860;5400000;58253;1747
test;8;7;100;0.1000000000;0.0191828470;21.7657273790;10000;20230.9457308860;5400000;9610;390
train;8;7;100;0.1000000000;0.0180194800;232.3864762670;60000;20463.3322071530;5460000;;
test;8;7;100;0.1000000000;0.0177923240;125.0697844370;60000;20463.3322071530;5460000;58473;1527
test;8;7;100;0.1000000000;0.0191353080;22.1308719380;10000;20463.3322071530;5460000;9656;344
train;8;7;100;0.1000000000;0.0189940640;230.9453271750;60000;20694.2775343280;5520000;;
test;8;7;100;0.1000000000;0.0177831980;126.8754195620;60000;20694.2775343280;5520000;58450;1550
test;8;7;100;0.1000000000;0.0179569410;22.2187180580;10000;20694.2775343280;5520000;9650;350
train;8;7;100;0.1000000000;0.0191435990;228.3945163130;60000;20922.6720506410;5580000;;
test;8;7;100;0.1000000000;0.0181418090;124.2993685220;60000;20922.6720506410;5580000;58494;1506
test;8;7;100;0.1000000000;0.0189356070;22.1501914890;10000;20922.6720506410;5580000;9656;344
train;8;7;100;0.1000000000;0.0192579690;230.7105339210;60000;21153.3825845620;5640000;;
test;8;7;100;0.1000000000;0.0176694960;128.6887218600;60000;21153.3825845620;5640000;58447;1553
test;8;7;100;0.1000000000;0.0181195170;22.0748579560;10000;21153.3825845620;5640000;9642;358
train;8;7;100;0.1000000000;0.0175173340;230.3016718090;60000;21383.6842563710;5700000;;
test;8;7;100;0.1000000000;0.0177901140;126.5793517130;60000;21383.6842563710;5700000;58390;1610
test;8;7;100;0.1000000000;0.0200326030;21.6401033290;10000;21383.6842563710;5700000;9635;365
train;8;7;100;0.1000000000;0.0179288590;230.2101463040;60000;21613.8944026750;5760000;;
test;8;7;100;0.1000000000;0.0182258880;126.4180325620;60000;21613.8944026750;5760000;58400;1600
test;8;7;100;0.1000000000;0.0190024390;21.3158431040;10000;21613.8944026750;5760000;9634;366
train;8;7;100;0.1000000000;0.0180346450;227.1925528470;60000;21841.0869555220;5820000;;
test;8;7;100;0.1000000000;0.0177359500;124.7770984460;60000;21841.0869555220;5820000;58474;1526
test;8;7;100;0.1000000000;0.0190821430;20.4366890100;10000;21841.0869555220;5820000;9652;348
train;8;7;100;0.1000000000;0.0180003130;229.5540592990;60000;22070.6410148210;5880000;;
test;8;7;100;0.1000000000;0.0176954930;127.0597899760;60000;22070.6410148210;5880000;58458;1542
test;8;7;100;0.1000000000;0.0180383130;22.1090064980;10000;22070.6410148210;5880000;9643;357
train;8;7;100;0.1000000000;0.0190594770;231.3902794890;60000;22302.0312943100;5940000;;
test;8;7;100;0.1000000000;0.0179569820;129.7867746850;60000;22302.0312943100;5940000;58517;1483
test;8;7;100;0.1000000000;0.0183819640;21.9259445690;10000;22302.0312943100;5940000;9660;340
train;8;7;100;0.1000000000;0.0187544890;232.3206708610;60000;22534.3519651710;6000000;;
test;8;7;100;0.1000000000;0.0177450330;126.6930112690;60000;22534.3519651710;6000000;58564;1436
test;8;7;100;0.1000000000;0.0189717730;21.1331122880;10000;22534.3519651710;6000000;9655;345
