Mode;CPUs;Parallel;WorkerBatch;LearningRate;WorkerSetupTime;EpochElapsedTime;EpochLines;TotalElapsedTime;TotalLines;Correct;Incorrect
train;8;9;100;0.1000000000;0.0194499190;202.1437130730;60000;202.1437130730;60000;;
test;8;9;100;0.1000000000;0.0238405220;116.4175554760;60000;202.1437130730;60000;16243;43757
test;8;9;100;0.1000000000;0.0244042500;20.6684278090;10000;202.1437130730;60000;2726;7274
train;8;9;100;0.1000000000;0.0239729340;208.8267810100;60000;410.9704940830;120000;;
test;8;9;100;0.1000000000;0.0224395820;120.8936888470;60000;410.9704940830;120000;36569;23431
test;8;9;100;0.1000000000;0.0242231320;20.2326742220;10000;410.9704940830;120000;6185;3815
train;8;9;100;0.1000000000;0.0191786390;193.9065710030;60000;604.8770650860;180000;;
test;8;9;100;0.1000000000;0.0220164350;111.6706167660;60000;604.8770650860;180000;46756;13244
test;8;9;100;0.1000000000;0.0236809050;18.3604710690;10000;604.8770650860;180000;7793;2207
train;8;9;100;0.1000000000;0.0235687850;185.4483945530;60000;790.3254596390;240000;;
test;8;9;100;0.1000000000;0.0226999880;109.6597190770;60000;790.3254596390;240000;52628;7372
test;8;9;100;0.1000000000;0.0224667070;18.7919655430;10000;790.3254596390;240000;8813;1187
train;8;9;100;0.1000000000;0.0234197480;185.6495645770;60000;975.9750242160;300000;;
test;8;9;100;0.1000000000;0.0224130010;107.6320310120;60000;975.9750242160;300000;52423;7577
test;8;9;100;0.1000000000;0.0226783230;18.2692296320;10000;975.9750242160;300000;8767;1233
train;8;9;100;0.1000000000;0.0191359740;186.3390666150;60000;1162.3140908310;360000;;
test;8;9;100;0.1000000000;0.0225889110;109.5366123310;60000;1162.3140908310;360000;53817;6183
test;8;9;100;0.1000000000;0.0204305430;18.2510185350;10000;1162.3140908310;360000;8994;1006
train;8;9;100;0.1000000000;0.0203335060;186.0088793940;60000;1348.3229702250;420000;;
test;8;9;100;0.1000000000;0.0223450470;109.3489844310;60000;1348.3229702250;420000;53779;6221
test;8;9;100;0.1000000000;0.0247380680;19.6239054910;10000;1348.3229702250;420000;9005;995
train;8;9;100;0.1000000000;0.0217266550;186.2397620640;60000;1534.5627322890;480000;;
test;8;9;100;0.1000000000;0.0266635690;110.5496138310;60000;1534.5627322890;480000;54253;5747
test;8;9;100;0.1000000000;0.0195757040;19.1195581270;10000;1534.5627322890;480000;9065;935
train;8;9;100;0.1000000000;0.0196861600;185.9145842940;60000;1720.4773165830;540000;;
test;8;9;100;0.1000000000;0.0222562160;110.3408188390;60000;1720.4773165830;540000;54422;5578
test;8;9;100;0.1000000000;0.0228811470;19.1468611720;10000;1720.4773165830;540000;9085;915
train;8;9;100;0.1000000000;0.0195774140;185.7750357560;60000;1906.2523523390;600000;;
test;8;9;100;0.1000000000;0.0224902060;108.8420690550;60000;1906.2523523390;600000;54491;5509
test;8;9;100;0.1000000000;0.0243363760;19.1631843850;10000;1906.2523523390;600000;9108;892
train;8;9;100;0.1000000000;0.0193970890;186.3960224740;60000;2092.6483748130;660000;;
test;8;9;100;0.1000000000;0.0227576950;107.2169492640;60000;2092.6483748130;660000;54657;5343
test;8;9;100;0.1000000000;0.0229414760;18.3962537460;10000;2092.6483748130;660000;9129;871
train;8;9;100;0.1000000000;0.0235006640;186.1211264680;60000;2278.7695012810;720000;;
test;8;9;100;0.1000000000;0.0221635950;109.4542232630;60000;2278.7695012810;720000;54902;5098
test;8;9;100;0.1000000000;0.0533580530;18.6813989360;10000;2278.7695012810;720000;9170;830
train;8;9;100;0.1000000000;0.0194015860;186.0553585270;60000;2464.8248598080;780000;;
test;8;9;100;0.1000000000;0.0237540680;110.3369450850;60000;2464.8248598080;780000;55006;4994
test;8;9;100;0.1000000000;0.0236944870;18.2709064330;10000;2464.8248598080;780000;9178;822
train;8;9;100;0.1000000000;0.0196673270;186.4118687020;60000;2651.2367285100;840000;;
test;8;9;100;0.1000000000;0.0221050560;111.5595927560;60000;2651.2367285100;840000;55042;4958
test;8;9;100;0.1000000000;0.0247553170;18.5918553450;10000;2651.2367285100;840000;9183;817
train;8;9;100;0.1000000000;0.0196725770;219.9996101580;60000;2871.2363386680;900000;;
test;8;9;100;0.1000000000;0.0255220350;124.9968310470;60000;2871.2363386680;900000;55153;4847
test;8;9;100;0.1000000000;0.0231526760;20.8866046130;10000;2871.2363386680;900000;9205;795
train;8;9;100;0.1000000000;0.0271776290;219.5904110160;60000;3090.8267496840;960000;;
test;8;9;100;0.1000000000;0.0272196270;127.4577116740;60000;3090.8267496840;960000;55221;4779
test;8;9;100;0.1000000000;0.0269037660;21.9832128330;10000;3090.8267496840;960000;9230;770
train;8;9;100;0.1000000000;0.0258146470;236.7414601040;60000;3327.5682097880;1020000;;
test;8;9;100;0.1000000000;0.0264633700;122.9876922390;60000;3327.5682097880;1020000;55377;4623
test;8;9;100;0.1000000000;0.0308995550;22.5129573210;10000;3327.5682097880;1020000;9226;774
train;8;9;100;0.1000000000;0.0231991750;228.6224990770;60000;3556.1907088650;1080000;;
test;8;9;100;0.1000000000;0.0259552220;129.9383092560;60000;3556.1907088650;1080000;55429;4571
test;8;9;100;0.1000000000;0.0295855280;21.8455824240;10000;3556.1907088650;1080000;9245;755
train;8;9;100;0.1000000000;0.0255380340;235.8022558280;60000;3791.9929646930;1140000;;
test;8;9;100;0.1000000000;0.0274405780;129.7481027950;60000;3791.9929646930;1140000;55559;4441
test;8;9;100;0.1000000000;0.0293434550;21.8096482510;10000;3791.9929646930;1140000;9247;753
train;8;9;100;0.1000000000;0.0243509180;227.9922329260;60000;4019.9851976190;1200000;;
test;8;9;100;0.1000000000;0.0282367920;127.4168907130;60000;4019.9851976190;1200000;55583;4417
test;8;9;100;0.1000000000;0.0256321530;22.5357030970;10000;4019.9851976190;1200000;9259;741
train;8;9;100;0.1000000000;0.0248716020;222.1164091110;60000;4242.1016067300;1260000;;
test;8;9;100;0.1000000000;0.0248608960;117.8652270330;60000;4242.1016067300;1260000;55710;4290
test;8;9;100;0.1000000000;0.0268042700;19.5018637900;10000;4242.1016067300;1260000;9279;721
train;8;9;100;0.1000000000;0.0241703420;207.4743547700;60000;4449.5759615000;1320000;;
test;8;9;100;0.1000000000;0.0255377850;117.5095113590;60000;4449.5759615000;1320000;55735;4265
test;8;9;100;0.1000000000;0.0255126600;19.4709070330;10000;4449.5759615000;1320000;9267;733
train;8;9;100;0.1000000000;0.0251060520;207.6864439880;60000;4657.2624054880;1380000;;
test;8;9;100;0.1000000000;0.0255906970;117.2602343850;60000;4657.2624054880;1380000;55818;4182
test;8;9;100;0.1000000000;0.0249420180;20.1941229580;10000;4657.2624054880;1380000;9291;709
train;8;9;100;0.1000000000;0.0236118240;207.2698436690;60000;4864.5322491570;1440000;;
test;8;9;100;0.1000000000;0.0253438340;113.1333697930;60000;4864.5322491570;1440000;55927;4073
test;8;9;100;0.1000000000;0.0246334050;19.3744302780;10000;4864.5322491570;1440000;9305;695
train;8;9;100;0.1000000000;0.0234650790;206.7889255950;60000;5071.3211747520;1500000;;
test;8;9;100;0.1000000000;0.0254137480;112.7767169920;60000;5071.3211747520;1500000;55932;4068
test;8;9;100;0.1000000000;0.0235026610;19.6038277230;10000;5071.3211747520;1500000;9314;686
train;8;9;100;0.1000000000;0.0234452900;206.0001813440;60000;5277.3213560960;1560000;;
test;8;9;100;0.1000000000;0.0250810950;119.1378586460;60000;5277.3213560960;1560000;56024;3976
test;8;9;100;0.1000000000;0.0232524220;19.2450972610;10000;5277.3213560960;1560000;9323;677
train;8;9;100;0.1000000000;0.0228898560;206.3000489480;60000;5483.6214050440;1620000;;
test;8;9;100;0.1000000000;0.0247542340;114.1156120660;60000;5483.6214050440;1620000;56132;3868
test;8;9;100;0.1000000000;0.0261952990;19.4778123180;10000;5483.6214050440;1620000;9325;675
train;8;9;100;0.1000000000;0.0258719790;206.3735600980;60000;5689.9949651420;1680000;;
test;8;9;100;0.1000000000;0.0250339710;114.7983788870;60000;5689.9949651420;1680000;56198;3802
test;8;9;100;0.1000000000;0.0259399310;19.4246858360;10000;5689.9949651420;1680000;9344;656
train;8;9;100;0.1000000000;0.0225139960;206.1646956450;60000;5896.1596607870;1740000;;
test;8;9;100;0.1000000000;0.0249663900;116.2872523500;60000;5896.1596607870;1740000;56238;3762
test;8;9;100;0.1000000000;0.0258572280;19.5118712370;10000;5896.1596607870;1740000;9358;642
train;8;9;100;0.1000000000;0.0232927960;206.5589066750;60000;6102.7185674620;1800000;;
test;8;9;100;0.1000000000;0.0250726780;116.6222562340;60000;6102.7185674620;1800000;56294;3706
test;8;9;100;0.1000000000;0.0226225340;19.9602338260;10000;6102.7185674620;1800000;9357;643
train;8;9;100;0.1000000000;0.0232084680;205.5119264180;60000;6308.2304938800;1860000;;
test;8;9;100;0.1000000000;0.0249056850;117.6568646020;60000;6308.2304938800;1860000;56367;3633
test;8;9;100;0.1000000000;0.0220131430;19.8727583560;10000;6308.2304938800;1860000;9359;641
train;8;9;100;0.1000000000;0.0239618920;205.6979315970;60000;6513.9284254770;1920000;;
test;8;9;100;0.1000000000;0.0249870150;112.9013627510;60000;6513.9284254770;1920000;56441;3559
test;8;9;100;0.1000000000;0.0224514160;19.8302101320;10000;6513.9284254770;1920000;9369;631
train;8;9;100;0.1000000000;0.0222245500;208.0142271850;60000;6721.9426526620;1980000;;
test;8;9;100;0.1000000000;0.0224206660;118.0256779240;60000;6721.9426526620;1980000;56448;3552
test;8;9;100;0.1000000000;0.0271066760;19.6535453910;10000;6721.9426526620;1980000;9398;602
train;8;9;100;0.1000000000;0.0267615230;206.6492211450;60000;6928.5918738070;2040000;;
test;8;9;100;0.1000000000;0.0258907690;120.5787893950;60000;6928.5918738070;2040000;56533;3467
test;8;9;100;0.1000000000;0.0222702150;19.7114034570;10000;6928.5918738070;2040000;9403;597
train;8;9;100;0.1000000000;0.0221028460;204.6033693700;60000;7133.1952431770;2100000;;
test;8;9;100;0.1000000000;0.0257426930;116.3465410530;60000;7133.1952431770;2100000;56539;3461
test;8;9;100;0.1000000000;0.0250008470;19.8066198080;10000;7133.1952431770;2100000;9408;592
train;8;9;100;0.1000000000;0.0224839970;205.2533255120;60000;7338.4485686890;2160000;;
test;8;9;100;0.1000000000;0.0232358830;114.8492578410;60000;7338.4485686890;2160000;56641;3359
test;8;9;100;0.1000000000;0.0260310960;19.4041084250;10000;7338.4485686890;2160000;9411;589
train;8;9;100;0.1000000000;0.0228851460;206.1031657360;60000;7544.5517344250;2220000;;
test;8;9;100;0.1000000000;0.0217374050;112.0795282420;60000;7544.5517344250;2220000;56665;3335
test;8;9;100;0.1000000000;0.0261441750;19.0866355770;10000;7544.5517344250;2220000;9417;583
train;8;9;100;0.1000000000;0.0226433660;205.4023133940;60000;7749.9540478190;2280000;;
test;8;9;100;0.1000000000;0.0251787150;112.4717472320;60000;7749.9540478190;2280000;56691;3309
test;8;9;100;0.1000000000;0.0254007900;19.0323709350;10000;7749.9540478190;2280000;9420;580
train;8;9;100;0.1000000000;0.0235061200;205.3142030350;60000;7955.2682508540;2340000;;
test;8;9;100;0.1000000000;0.0224647490;119.8137834690;60000;7955.2682508540;2340000;56803;3197
test;8;9;100;0.1000000000;0.0219872690;19.7128064420;10000;7955.2682508540;2340000;9432;568
train;8;9;100;0.1000000000;0.0237090710;205.0741794190;60000;8160.3424302730;2400000;;
test;8;9;100;0.1000000000;0.0247598570;117.1368097800;60000;8160.3424302730;2400000;56818;3182
test;8;9;100;0.1000000000;0.0248962710;19.8446981780;10000;8160.3424302730;2400000;9427;573
train;8;9;100;0.1000000000;0.0218872740;205.2970322260;60000;8365.6394624990;2460000;;
test;8;9;100;0.1000000000;0.0223954180;117.0206945450;60000;8365.6394624990;2460000;56884;3116
test;8;9;100;0.1000000000;0.0221155140;19.4312841400;10000;8365.6394624990;2460000;9444;556
train;8;9;100;0.1000000000;0.0246750280;204.1077473450;60000;8569.7472098440;2520000;;
test;8;9;100;0.1000000000;0.0250481780;112.1661750840;60000;8569.7472098440;2520000;56918;3082
test;8;9;100;0.1000000000;0.0262182970;18.9307903630;10000;8569.7472098440;2520000;9451;549
train;8;9;100;0.1000000000;0.0237589410;204.4723966750;60000;8774.2196065190;2580000;;
test;8;9;100;0.1000000000;0.0257837730;116.4391553900;60000;8774.2196065190;2580000;56871;3129
test;8;9;100;0.1000000000;0.0257116090;19.6152200700;10000;8774.2196065190;2580000;9441;559
train;8;9;100;0.1000000000;0.0233196690;204.9514394530;60000;8979.1710459720;2640000;;
test;8;9;100;0.1000000000;0.0251158010;113.3739920870;60000;8979.1710459720;2640000;57018;2982
test;8;9;100;0.1000000000;0.0226502830;19.8204877160;10000;8979.1710459720;2640000;9466;534
train;8;9;100;0.1000000000;0.0246144890;205.4751702330;60000;9184.6462162050;2700000;;
test;8;9;100;0.1000000000;0.0218769400;115.8688537250;60000;9184.6462162050;2700000;57047;2953
test;8;9;100;0.1000000000;0.0258108980;19.6343190050;10000;9184.6462162050;2700000;9469;531
train;8;9;100;0.1000000000;0.0232650070;205.3361908010;60000;9389.9824070060;2760000;;
test;8;9;100;0.1000000000;0.0245968660;110.0904611620;60000;9389.9824070060;2760000;57091;2909
test;8;9;100;0.1000000000;0.0279696380;19.1558791160;10000;9389.9824070060;2760000;9460;540
train;8;9;100;0.1000000000;0.0237095710;207.3851719080;60000;9597.3675789140;2820000;;
test;8;9;100;0.1000000000;0.0236772800;114.9006135200;60000;9597.3675789140;2820000;57102;2898
test;8;9;100;0.1000000000;0.0264036220;19.5930133530;10000;9597.3675789140;2820000;9457;543
train;8;9;100;0.1000000000;0.0229885600;206.0309754860;60000;9803.3985544000;2880000;;
test;8;9;100;0.1000000000;0.0248553120;112.5532461220;60000;9803.3985544000;2880000;57129;2871
test;8;9;100;0.1000000000;0.0237486120;20.0832561920;10000;9803.3985544000;2880000;9482;518
train;8;9;100;0.1000000000;0.0234991640;205.1740273580;60000;10008.5725817580;2940000;;
test;8;9;100;0.1000000000;0.0251815470;113.3827929230;60000;10008.5725817580;2940000;57214;2786
test;8;9;100;0.1000000000;0.0255184940;20.2191279700;10000;10008.5725817580;2940000;9487;513
train;8;9;100;0.1000000000;0.0233714170;205.3947213570;60000;10213.9673031150;3000000;;
test;8;9;100;0.1000000000;0.0246732800;116.6361131810;60000;10213.9673031150;3000000;57239;2761
test;8;9;100;0.1000000000;0.0249605150;19.3073729340;10000;10213.9673031150;3000000;9497;503
train;8;9;100;0.1000000000;0.0220995140;204.2166821050;60000;10418.1839852200;3060000;;
test;8;9;100;0.1000000000;0.0248186060;114.3191399920;60000;10418.1839852200;3060000;57257;2743
test;8;9;100;0.1000000000;0.0238154810;19.6345011220;10000;10418.1839852200;3060000;9494;506
train;8;9;100;0.1000000000;0.0223602540;205.2476646720;60000;10623.4316498920;3120000;;
test;8;9;100;0.1000000000;0.0246267810;111.8289726590;60000;10623.4316498920;3120000;57300;2700
test;8;9;100;0.1000000000;0.0265669050;19.3337751830;10000;10623.4316498920;3120000;9490;510
train;8;9;100;0.1000000000;0.0224435410;204.5885460020;60000;10828.0201958940;3180000;;
test;8;9;100;0.1000000000;0.0224482900;114.6773841840;60000;10828.0201958940;3180000;57338;2662
test;8;9;100;0.1000000000;0.0239071460;20.5864597320;10000;10828.0201958940;3180000;9502;498
train;8;9;100;0.1000000000;0.0221687190;205.6613162840;60000;11033.6815121780;3240000;;
test;8;9;100;0.1000000000;0.0250040570;115.4899989130;60000;11033.6815121780;3240000;57352;2648
test;8;9;100;0.1000000000;0.0259214340;19.2468543960;10000;11033.6815121780;3240000;9494;506
train;8;9;100;0.1000000000;0.0231525930;206.9999974100;60000;11240.6815095880;3300000;;
test;8;9;100;0.1000000000;0.0220198490;111.9878030390;60000;11240.6815095880;3300000;57360;2640
test;8;9;100;0.1000000000;0.0271574650;19.0161860050;10000;11240.6815095880;3300000;9501;499
train;8;9;100;0.1000000000;0.0238443160;203.5946297680;60000;11444.2761393560;3360000;;
test;8;9;100;0.1000000000;0.0247216100;114.7831647400;60000;11444.2761393560;3360000;57422;2578
test;8;9;100;0.1000000000;0.0227167780;19.1943350560;10000;11444.2761393560;3360000;9518;482
train;8;9;100;0.1000000000;0.0236210740;205.2176481280;60000;11649.4937874840;3420000;;
test;8;9;100;0.1000000000;0.0250236380;113.8259319460;60000;11649.4937874840;3420000;57431;2569
test;8;9;100;0.1000000000;0.0249618080;20.1462018340;10000;11649.4937874840;3420000;9513;487
train;8;9;100;0.1000000000;0.0220725150;203.1991855910;60000;11852.6929730750;3480000;;
test;8;9;100;0.1000000000;0.0252088390;114.0488025420;60000;11852.6929730750;3480000;57442;2558
test;8;9;100;0.1000000000;0.0237991920;20.0821771540;10000;11852.6929730750;3480000;9523;477
train;8;9;100;0.1000000000;0.0237499430;204.0832152210;60000;12056.7761882960;3540000;;
test;8;9;100;0.1000000000;0.0221858850;112.6214917010;60000;12056.7761882960;3540000;57548;2452
test;8;9;100;0.1000000000;0.0224868310;18.8873065100;10000;12056.7761882960;3540000;9524;476
train;8;9;100;0.1000000000;0.0223367120;204.7908941030;60000;12261.5670823990;3600000;;
test;8;9;100;0.1000000000;0.0226813220;115.1626440310;60000;12261.5670823990;3600000;57555;2445
test;8;9;100;0.1000000000;0.0252237560;19.0626640590;10000;12261.5670823990;3600000;9538;462
train;8;9;100;0.1000000000;0.0231870930;203.7836474840;60000;12465.3507298830;3660000;;
test;8;9;100;0.1000000000;0.0251370080;113.0147376120;60000;12465.3507298830;3660000;57609;2391
test;8;9;100;0.1000000000;0.0226916140;19.5856376270;10000;12465.3507298830;3660000;9536;464
train;8;9;100;0.1000000000;0.0225419950;204.7066867080;60000;12670.0574165910;3720000;;
test;8;9;100;0.1000000000;0.0246671130;111.4157506150;60000;12670.0574165910;3720000;57548;2452
test;8;9;100;0.1000000000;0.0247907330;19.1150702780;10000;12670.0574165910;3720000;9525;475
train;8;9;100;0.1000000000;0.0239243940;203.0906712270;60000;12873.1480878180;3780000;;
test;8;9;100;0.1000000000;0.0245860730;114.1048342310;60000;12873.1480878180;3780000;57613;2387
test;8;9;100;0.1000000000;0.0250467640;19.7559892610;10000;12873.1480878180;3780000;9537;463
train;8;9;100;0.1000000000;0.0235756610;203.5304793920;60000;13076.6785672100;3840000;;
test;8;9;100;0.1000000000;0.0250325980;116.4548263910;60000;13076.6785672100;3840000;57698;2302
test;8;9;100;0.1000000000;0.0267082760;19.4508931310;10000;13076.6785672100;3840000;9537;463
train;8;9;100;0.1000000000;0.0225263710;204.9849184800;60000;13281.6634856900;3900000;;
test;8;9;100;0.1000000000;0.0249881400;117.1992995730;60000;13281.6634856900;3900000;57693;2307
test;8;9;100;0.1000000000;0.0238612720;19.9673979360;10000;13281.6634856900;3900000;9549;451
train;8;9;100;0.1000000000;0.0239479340;204.2084682500;60000;13485.8719539400;3960000;;
test;8;9;100;0.1000000000;0.0258396880;111.3093341580;60000;13485.8719539400;3960000;57672;2328
test;8;9;100;0.1000000000;0.0651057590;19.4719224460;10000;13485.8719539400;3960000;9555;445
train;8;9;100;0.1000000000;0.0223662930;204.9003670920;60000;13690.7723210320;4020000;;
test;8;9;100;0.1000000000;0.0221289290;117.7410231320;60000;13690.7723210320;4020000;57656;2344
test;8;9;100;0.1000000000;0.0245560760;20.1399097730;10000;13690.7723210320;4020000;9556;444
train;8;9;100;0.1000000000;0.0224676650;202.4577369020;60000;13893.2300579340;4080000;;
test;8;9;100;0.1000000000;0.0253107530;112.9454315210;60000;13893.2300579340;4080000;57758;2242
test;8;9;100;0.1000000000;0.0248365220;19.7101631380;10000;13893.2300579340;4080000;9554;446
train;8;9;100;0.1000000000;0.0221570530;203.2457848840;60000;14096.4758428180;4140000;;
test;8;9;100;0.1000000000;0.0244534550;117.6344228160;60000;14096.4758428180;4140000;57706;2294
test;8;9;100;0.1000000000;0.0237733590;19.2789771050;10000;14096.4758428180;4140000;9558;442
train;8;9;100;0.1000000000;0.0215697030;204.1720835950;60000;14300.6479264130;4200000;;
test;8;9;100;0.1000000000;0.0252860450;115.5782640620;60000;14300.6479264130;4200000;57801;2199
test;8;9;100;0.1000000000;0.0263020440;19.1325397810;10000;14300.6479264130;4200000;9566;434
train;8;9;100;0.1000000000;0.0231860090;203.2138214620;60000;14503.8617478750;4260000;;
test;8;9;100;0.1000000000;0.0253090020;116.6186010170;60000;14503.8617478750;4260000;57812;2188
test;8;9;100;0.1000000000;0.0251102620;19.1593943810;10000;14503.8617478750;4260000;9583;417
train;8;9;100;0.1000000000;0.0225970760;203.9308164930;60000;14707.7925643680;4320000;;
test;8;9;100;0.1000000000;0.0222362590;114.2834373500;60000;14707.7925643680;4320000;57837;2163
test;8;9;100;0.1000000000;0.0229900170;19.2527951000;10000;14707.7925643680;4320000;9569;431
train;8;9;100;0.1000000000;0.0233953750;204.4544318590;60000;14912.2469962270;4380000;;
test;8;9;100;0.1000000000;0.0250871370;111.2830711990;60000;14912.2469962270;4380000;57869;2131
test;8;9;100;0.1000000000;0.0272463370;19.4151940350;10000;14912.2469962270;4380000;9579;421
train;8;9;100;0.1000000000;0.0227411120;204.0477467010;60000;15116.2947429280;4440000;;
test;8;9;100;0.1000000000;0.0249588500;113.4018678490;60000;15116.2947429280;4440000;57904;2096
test;8;9;100;0.1000000000;0.0260460540;19.5644298250;10000;15116.2947429280;4440000;9578;422
train;8;9;100;0.1000000000;0.0221866770;204.4640179140;60000;15320.7587608420;4500000;;
test;8;9;100;0.1000000000;0.0252852120;111.6249328810;60000;15320.7587608420;4500000;57881;2119
test;8;9;100;0.1000000000;0.0260826770;19.1883393960;10000;15320.7587608420;4500000;9576;424
train;8;9;100;0.1000000000;0.0237777350;205.1269479110;60000;15525.8857087530;4560000;;
test;8;9;100;0.1000000000;0.0249907250;110.9144961570;60000;15525.8857087530;4560000;57954;2046
test;8;9;100;0.1000000000;0.0833098150;19.1579195730;10000;15525.8857087530;4560000;9579;421
train;8;9;100;0.1000000000;0.0231340540;203.8387400580;60000;15729.7244488110;4620000;;
test;8;9;100;0.1000000000;0.0247301100;115.9993079380;60000;15729.7244488110;4620000;57975;2025
test;8;9;100;0.1000000000;0.0231852580;19.9374102620;10000;15729.7244488110;4620000;9593;407
train;8;9;100;0.1000000000;0.0235083700;202.2895894930;60000;15932.0140383040;4680000;;
test;8;9;100;0.1000000000;0.0247534000;112.8318163020;60000;15932.0140383040;4680000;57980;2020
test;8;9;100;0.1000000000;0.0228733150;19.0149347220;10000;15932.0140383040;4680000;9583;417
train;8;9;100;0.1000000000;0.0228102340;204.7305953540;60000;16136.7446336580;4740000;;
test;8;9;100;0.1000000000;0.0250024720;113.6576695920;60000;16136.7446336580;4740000;57996;2004
test;8;9;100;0.1000000000;0.0231103450;19.2436461130;10000;16136.7446336580;4740000;9603;397
train;8;9;100;0.1000000000;0.0233216290;204.2084217950;60000;16340.9530554530;4800000;;
test;8;9;100;0.1000000000;0.0251481340;116.1656410840;60000;16340.9530554530;4800000;58052;1948
test;8;9;100;0.1000000000;0.0256453610;19.4994774770;10000;16340.9530554530;4800000;9611;389
train;8;9;100;0.1000000000;0.0235819910;204.6356459500;60000;16545.5887014030;4860000;;
test;8;9;100;0.1000000000;0.0256160720;110.6035899430;60000;16545.5887014030;4860000;58059;1941
test;8;9;100;0.1000000000;0.0614802890;19.1643134640;10000;16545.5887014030;4860000;9601;399
train;8;9;100;0.1000000000;0.0228775230;204.7997686810;60000;16750.3884700840;4920000;;
test;8;9;100;0.1000000000;0.0249462660;112.5977168480;60000;16750.3884700840;4920000;58081;1919
test;8;9;100;0.1000000000;0.0260764690;19.7472373020;10000;16750.3884700840;4920000;9599;401
train;8;9;100;0.1000000000;0.0229354360;204.6759212300;60000;16955.0643913140;4980000;;
test;8;9;100;0.1000000000;0.0252832540;115.8920403160;60000;16955.0643913140;4980000;58078;1922
test;8;9;100;0.1000000000;0.0233982070;19.9252909840;10000;16955.0643913140;4980000;9609;391
train;8;9;100;0.1000000000;0.0238379820;206.4591678510;60000;17161.5235591650;5040000;;
test;8;9;100;0.1000000000;0.0248680200;113.4792864220;60000;17161.5235591650;5040000;58108;1892
test;8;9;100;0.1000000000;0.0237154040;19.4151535790;10000;17161.5235591650;5040000;9607;393
train;8;9;100;0.1000000000;0.0235891590;203.5312626080;60000;17365.0548217730;5100000;;
test;8;9;100;0.1000000000;0.0252187560;115.4114918900;60000;17365.0548217730;5100000;58088;1912
test;8;9;100;0.1000000000;0.0232311740;20.0586280790;10000;17365.0548217730;5100000;9621;379
train;8;9;100;0.1000000000;0.0229313530;203.8630156730;60000;17568.9178374460;5160000;;
test;8;9;100;0.1000000000;0.0248092740;114.3494327400;60000;17568.9178374460;5160000;58137;1863
test;8;9;100;0.1000000000;0.0253558320;19.3090689440;10000;17568.9178374460;5160000;9620;380
train;8;9;100;0.1000000000;0.0257203590;202.5539326600;60000;17771.4717701060;5220000;;
test;8;9;100;0.1000000000;0.0248208560;116.8160258730;60000;17771.4717701060;5220000;58144;1856
test;8;9;100;0.1000000000;0.0230720960;19.8599630680;10000;17771.4717701060;5220000;9616;384
train;8;9;100;0.1000000000;0.0236932370;205.1715757110;60000;17976.6433458170;5280000;;
test;8;9;100;0.1000000000;0.0303676200;112.1137056150;60000;17976.6433458170;5280000;58102;1898
test;8;9;100;0.1000000000;0.0247271940;19.6779191830;10000;17976.6433458170;5280000;9613;387
train;8;9;100;0.1000000000;0.0253372090;207.8852820330;60000;18184.5286278500;5340000;;
test;8;9;100;0.1000000000;0.0257231100;114.0641973850;60000;18184.5286278500;5340000;58165;1835
test;8;9;100;0.1000000000;0.0230002660;19.2961680370;10000;18184.5286278500;5340000;9623;377
train;8;9;100;0.1000000000;0.0267478580;205.3929746260;60000;18389.9216024760;5400000;;
test;8;9;100;0.1000000000;0.0256876530;115.1509038620;60000;18389.9216024760;5400000;58143;1857
test;8;9;100;0.1000000000;0.0227496110;19.3634957860;10000;18389.9216024760;5400000;9607;393
train;8;9;100;0.1000000000;0.0228944370;205.6508592280;60000;18595.5724617040;5460000;;
test;8;9;100;0.1000000000;0.0218930230;114.4923168830;60000;18595.5724617040;5460000;58160;1840
test;8;9;100;0.1000000000;0.0233009630;19.6580514480;10000;18595.5724617040;5460000;9611;389
train;8;9;100;0.1000000000;0.0257288170;206.0108374710;60000;18801.5832991750;5520000;;
test;8;9;100;0.1000000000;0.0252592110;118.9652999830;60000;18801.5832991750;5520000;58058;1942
test;8;9;100;0.1000000000;0.0233114620;20.1149282190;10000;18801.5832991750;5520000;9604;396
train;8;9;100;0.1000000000;0.0256179040;205.7943370570;60000;19007.3776362320;5580000;;
test;8;9;100;0.1000000000;0.0247422780;113.7159158540;60000;19007.3776362320;5580000;58260;1740
test;8;9;100;0.1000000000;0.0219798520;19.9529525530;10000;19007.3776362320;5580000;9634;366
train;8;9;100;0.1000000000;0.0220703070;206.0964253560;60000;19213.4740615880;5640000;;
test;8;9;100;0.1000000000;0.0245472010;119.3498012500;60000;19213.4740615880;5640000;58261;1739
test;8;9;100;0.1000000000;0.0225850360;19.3206081580;10000;19213.4740615880;5640000;9613;387
train;8;9;100;0.1000000000;0.0218226910;206.0639223660;60000;19419.5379839540;5700000;;
test;8;9;100;0.1000000000;0.0222665480;115.7929470900;60000;19419.5379839540;5700000;58287;1713
test;8;9;100;0.1000000000;0.0237181540;19.8058562120;10000;19419.5379839540;5700000;9633;367
train;8;9;100;0.1000000000;0.0249120600;206.3599907590;60000;19625.8979747130;5760000;;
test;8;9;100;0.1000000000;0.0250662210;115.8003576510;60000;19625.8979747130;5760000;58288;1712
test;8;9;100;0.1000000000;0.0221744690;19.8462332400;10000;19625.8979747130;5760000;9616;384
train;8;9;100;0.1000000000;0.0243379190;207.3428453410;60000;19833.2408200540;5820000;;
test;8;9;100;0.1000000000;0.0253329580;113.9231819860;60000;19833.2408200540;5820000;58235;1765
test;8;9;100;0.1000000000;0.0232237570;19.4098262210;10000;19833.2408200540;5820000;9605;395
train;8;9;100;0.1000000000;0.0251098440;206.9253452250;60000;20040.1661652790;5880000;;
test;8;9;100;0.1000000000;0.0247054860;113.1088057590;60000;20040.1661652790;5880000;58240;1760
test;8;9;100;0.1000000000;0.0242563380;19.8723287930;10000;20040.1661652790;5880000;9616;384
train;8;9;100;0.1000000000;0.0234744120;204.9251842460;60000;20245.0913495250;5940000;;
test;8;9;100;0.1000000000;0.0254033320;112.4954033910;60000;20245.0913495250;5940000;58196;1804
test;8;9;100;0.1000000000;0.0221869690;19.4819033500;10000;20245.0913495250;5940000;9613;387
train;8;9;100;0.1000000000;0.0234272080;205.6952319600;60000;20450.7865814850;6000000;;
test;8;9;100;0.1000000000;0.0247146940;117.8994266890;60000;20450.7865814850;6000000;58273;1727
test;8;9;100;0.1000000000;0.0235165780;20.1430296810;10000;20450.7865814850;6000000;9621;379
