Mode;CPUs;Parallel;WorkerBatch;LearningRate;WorkerSetupTime;EpochElapsedTime;EpochLines;TotalElapsedTime;TotalLines;Correct;Incorrect
train;8;8;100;0.1000000000;0.0214711670;211.2065949290;60000;211.2065949290;60000;;
test;8;8;100;0.1000000000;0.0229162270;125.0573873000;60000;211.2065949290;60000;13969;46031
test;8;8;100;0.1000000000;0.0225250780;19.3918671570;10000;211.2065949290;60000;2374;7626
train;8;8;100;0.1000000000;0.0212276340;208.5781299290;60000;419.7847248580;120000;;
test;8;8;100;0.1000000000;0.0226022000;117.0665502090;60000;419.7847248580;120000;35402;24598
test;8;8;100;0.1000000000;0.0232988800;20.4673951950;10000;419.7847248580;120000;5922;4078
train;8;8;100;0.1000000000;0.0200775180;206.6333482490;60000;626.4180731070;180000;;
test;8;8;100;0.1000000000;0.0228498990;115.1594184110;60000;626.4180731070;180000;47676;12324
test;8;8;100;0.1000000000;0.0242442970;21.0377306150;10000;626.4180731070;180000;8011;1989
train;8;8;100;0.1000000000;0.0209216890;210.3342139600;60000;836.7522870670;240000;;
test;8;8;100;0.1000000000;0.0225448710;122.2347884650;60000;836.7522870670;240000;46236;13764
test;8;8;100;0.1000000000;0.0245319920;20.1112078300;10000;836.7522870670;240000;7741;2259
train;8;8;100;0.1000000000;0.0213344220;209.6813594500;60000;1046.4336465170;300000;;
test;8;8;100;0.1000000000;0.0223604610;117.9535992950;60000;1046.4336465170;300000;53443;6557
test;8;8;100;0.1000000000;0.0229435200;19.9282871520;10000;1046.4336465170;300000;8929;1071
train;8;8;100;0.1000000000;0.0211151380;213.9105991230;60000;1260.3442456400;360000;;
test;8;8;100;0.1000000000;0.0225422040;116.1163310990;60000;1260.3442456400;360000;52424;7576
test;8;8;100;0.1000000000;0.0235530340;20.1355896230;10000;1260.3442456400;360000;8803;1197
train;8;8;100;0.1000000000;0.0204917070;210.7795805550;60000;1471.1238261950;420000;;
test;8;8;100;0.1000000000;0.0224192920;112.1678162630;60000;1471.1238261950;420000;53993;6007
test;8;8;100;0.1000000000;0.0229039380;20.0653448740;10000;1471.1238261950;420000;9028;972
train;8;8;100;0.1000000000;0.0206209100;209.4477143100;60000;1680.5715405050;480000;;
test;8;8;100;0.1000000000;0.0225394120;114.7123070980;60000;1680.5715405050;480000;54442;5558
test;8;8;100;0.1000000000;0.0232952960;20.2181635920;10000;1680.5715405050;480000;9123;877
train;8;8;100;0.1000000000;0.0209181460;209.4105297270;60000;1889.9820702320;540000;;
test;8;8;100;0.1000000000;0.0225629950;115.2099376680;60000;1889.9820702320;540000;54529;5471
test;8;8;100;0.1000000000;0.0241592600;20.8275453860;10000;1889.9820702320;540000;9109;891
train;8;8;100;0.1000000000;0.0208308180;211.1282419500;60000;2101.1103121820;600000;;
test;8;8;100;0.1000000000;0.0220245160;117.2684310730;60000;2101.1103121820;600000;54785;5215
test;8;8;100;0.1000000000;0.0236149080;21.4374934440;10000;2101.1103121820;600000;9152;848
train;8;8;100;0.1000000000;0.0211802620;210.5122297680;60000;2311.6225419500;660000;;
test;8;8;100;0.1000000000;0.0227091130;116.9896045720;60000;2311.6225419500;660000;54739;5261
test;8;8;100;0.1000000000;0.0217421540;20.0721930420;10000;2311.6225419500;660000;9144;856
train;8;8;100;0.1000000000;0.0210654750;207.8604704650;60000;2519.4830124150;720000;;
test;8;8;100;0.1000000000;0.0227386540;118.5282062850;60000;2519.4830124150;720000;54991;5009
test;8;8;100;0.1000000000;0.0205418310;20.1530727520;10000;2519.4830124150;720000;9195;805
train;8;8;100;0.1000000000;0.0213198810;202.9495806290;60000;2722.4325930440;780000;;
test;8;8;100;0.1000000000;0.0204133770;117.0518774940;60000;2722.4325930440;780000;55083;4917
test;8;8;100;0.1000000000;0.0216751990;20.1106269830;10000;2722.4325930440;780000;9188;812
train;8;8;100;0.1000000000;0.0215758680;212.7061753430;60000;2935.1387683870;840000;;
test;8;8;100;0.1000000000;0.0215682460;124.2274593050;60000;2935.1387683870;840000;54947;5053
test;8;8;100;0.1000000000;0.0223747510;21.4303728320;10000;2935.1387683870;840000;9182;818
train;8;8;100;0.1000000000;0.0189958960;226.0176940590;60000;3161.1564624460;900000;;
test;8;8;100;0.1000000000;0.0204641260;122.7694041140;60000;3161.1564624460;900000;55177;4823
test;8;8;100;0.1000000000;0.0183149680;19.8872941940;10000;3161.1564624460;900000;9184;816
train;8;8;100;0.1000000000;0.0173918810;224.8761747110;60000;3386.0326371570;960000;;
test;8;8;100;0.1000000000;0.0229258950;120.6639729660;60000;3386.0326371570;960000;55372;4628
test;8;8;100;0.1000000000;0.0234992880;21.9251015660;10000;3386.0326371570;960000;9246;754
train;8;8;100;0.1000000000;0.0188408610;216.1595895060;60000;3602.1922266630;1020000;;
test;8;8;100;0.1000000000;0.0225501190;123.8498535650;60000;3602.1922266630;1020000;55443;4557
test;8;8;100;0.1000000000;0.0206650320;20.1630015360;10000;3602.1922266630;1020000;9249;751
train;8;8;100;0.1000000000;0.0186398700;220.7423238350;60000;3822.9345504980;1080000;;
test;8;8;100;0.1000000000;0.0205650370;124.2540573390;60000;3822.9345504980;1080000;55540;4460
test;8;8;100;0.1000000000;0.0242909630;19.8630257710;10000;3822.9345504980;1080000;9257;743
train;8;8;100;0.1000000000;0.0171873500;225.6643997810;60000;4048.5989502790;1140000;;
test;8;8;100;0.1000000000;0.0203521300;127.1141074820;60000;4048.5989502790;1140000;55469;4531
test;8;8;100;0.1000000000;0.0221487620;19.4043652910;10000;4048.5989502790;1140000;9241;759
train;8;8;100;0.1000000000;0.0167317850;230.6035117880;60000;4279.2024620670;1200000;;
test;8;8;100;0.1000000000;0.0222637170;125.8615188900;60000;4279.2024620670;1200000;55537;4463
test;8;8;100;0.1000000000;0.0245858680;20.1194291880;10000;4279.2024620670;1200000;9250;750
train;8;8;100;0.1000000000;0.0217622370;223.0489198450;60000;4502.2513819120;1260000;;
test;8;8;100;0.1000000000;0.0208842320;121.8627137010;60000;4502.2513819120;1260000;55824;4176
test;8;8;100;0.1000000000;0.0238584390;19.0395335060;10000;4502.2513819120;1260000;9290;710
train;8;8;100;0.1000000000;0.0169098180;191.0317529400;60000;4693.2831348520;1320000;;
test;8;8;100;0.1000000000;0.0204149600;108.8138416350;60000;4693.2831348520;1320000;55852;4148
test;8;8;100;0.1000000000;0.0202384270;18.6122442680;10000;4693.2831348520;1320000;9299;701
train;8;8;100;0.1000000000;0.0171601830;192.7895823630;60000;4886.0727172150;1380000;;
test;8;8;100;0.1000000000;0.0201990540;111.4725243510;60000;4886.0727172150;1380000;55958;4042
test;8;8;100;0.1000000000;0.0366180170;19.0787244140;10000;4886.0727172150;1380000;9323;677
train;8;8;100;0.1000000000;0.0171206860;190.9848165730;60000;5077.0575337880;1440000;;
test;8;8;100;0.1000000000;0.0202274680;105.9996799370;60000;5077.0575337880;1440000;56008;3992
test;8;8;100;0.1000000000;0.0214233350;18.2994686720;10000;5077.0575337880;1440000;9304;696
train;8;8;100;0.1000000000;0.0181302680;197.2919145360;60000;5274.3494483240;1500000;;
test;8;8;100;0.1000000000;0.0246184480;110.3622860870;60000;5274.3494483240;1500000;56113;3887
test;8;8;100;0.1000000000;0.0207135310;18.5633796460;10000;5274.3494483240;1500000;9347;653
train;8;8;100;0.1000000000;0.0179556080;194.2264766250;60000;5468.5759249490;1560000;;
test;8;8;100;0.1000000000;0.0200558930;115.8366582620;60000;5468.5759249490;1560000;56166;3834
test;8;8;100;0.1000000000;0.0211236390;18.3510451360;10000;5468.5759249490;1560000;9352;648
train;8;8;100;0.1000000000;0.0203532140;192.9430777630;60000;5661.5190027120;1620000;;
test;8;8;100;0.1000000000;0.0196998240;109.5856360310;60000;5661.5190027120;1620000;56269;3731
test;8;8;100;0.1000000000;0.0209360630;18.6105145900;10000;5661.5190027120;1620000;9363;637
train;8;8;100;0.1000000000;0.0182213050;195.1401389970;60000;5856.6591417090;1680000;;
test;8;8;100;0.1000000000;0.0201999700;111.5473798180;60000;5856.6591417090;1680000;56302;3698
test;8;8;100;0.1000000000;0.0213709200;18.5151074580;10000;5856.6591417090;1680000;9344;656
train;8;8;100;0.1000000000;0.0172078470;188.9106936680;60000;6045.5698353770;1740000;;
test;8;8;100;0.1000000000;0.0206101600;111.4329972050;60000;6045.5698353770;1740000;56375;3625
test;8;8;100;0.1000000000;0.0210539750;18.3617530550;10000;6045.5698353770;1740000;9362;638
train;8;8;100;0.1000000000;0.0182006390;193.0962896700;60000;6238.6661250470;1800000;;
test;8;8;100;0.1000000000;0.0199196910;107.8846715520;60000;6238.6661250470;1800000;56437;3563
test;8;8;100;0.1000000000;0.0211568450;19.3514725930;10000;6238.6661250470;1800000;9384;616
train;8;8;100;0.1000000000;0.0210403500;190.7296685950;60000;6429.3957936420;1860000;;
test;8;8;100;0.1000000000;0.0203293810;114.3020943440;60000;6429.3957936420;1860000;56509;3491
test;8;8;100;0.1000000000;0.0203081320;18.7752627980;10000;6429.3957936420;1860000;9396;604
train;8;8;100;0.1000000000;0.0181905130;192.6740598020;60000;6622.0698534440;1920000;;
test;8;8;100;0.1000000000;0.0201648040;108.2333657730;60000;6622.0698534440;1920000;56588;3412
test;8;8;100;0.1000000000;0.0210193100;19.2540262590;10000;6622.0698534440;1920000;9395;605
train;8;8;100;0.1000000000;0.0181537240;193.7197719470;60000;6815.7896253910;1980000;;
test;8;8;100;0.1000000000;0.0200574760;117.9472192790;60000;6815.7896253910;1980000;56624;3376
test;8;8;100;0.1000000000;0.0210554740;19.1406753890;10000;6815.7896253910;1980000;9402;598
train;8;8;100;0.1000000000;0.0181975980;193.6646525870;60000;7009.4542779780;2040000;;
test;8;8;100;0.1000000000;0.0201438480;110.6132594900;60000;7009.4542779780;2040000;56598;3402
test;8;8;100;0.1000000000;0.0216513240;18.9702137180;10000;7009.4542779780;2040000;9413;587
train;8;8;100;0.1000000000;0.0166265400;193.2458667010;60000;7202.7001446790;2100000;;
test;8;8;100;0.1000000000;0.0197562380;109.4308667300;60000;7202.7001446790;2100000;56719;3281
test;8;8;100;0.1000000000;0.0224426240;19.6381201750;10000;7202.7001446790;2100000;9417;583
train;8;8;100;0.1000000000;0.0183288840;194.9867057520;60000;7397.6868504310;2160000;;
test;8;8;100;0.1000000000;0.0200996820;112.8215240330;60000;7397.6868504310;2160000;56807;3193
test;8;8;100;0.1000000000;0.0203712540;19.4742750100;10000;7397.6868504310;2160000;9434;566
train;8;8;100;0.1000000000;0.0167063290;191.5013240420;60000;7589.1881744730;2220000;;
test;8;8;100;0.1000000000;0.0209663550;109.4961331920;60000;7589.1881744730;2220000;56796;3204
test;8;8;100;0.1000000000;0.0210438090;19.3845241810;10000;7589.1881744730;2220000;9435;565
train;8;8;100;0.1000000000;0.0165852080;193.5807309270;60000;7782.7689054000;2280000;;
test;8;8;100;0.1000000000;0.0204326270;110.1956322110;60000;7782.7689054000;2280000;56864;3136
test;8;8;100;0.1000000000;0.0450700340;18.8261152900;10000;7782.7689054000;2280000;9439;561
train;8;8;100;0.1000000000;0.0178795280;197.4927684570;60000;7980.2616738570;2340000;;
test;8;8;100;0.1000000000;0.0212629250;125.9555878280;60000;7980.2616738570;2340000;56908;3092
test;8;8;100;0.1000000000;0.0231718860;22.2034174240;10000;7980.2616738570;2340000;9443;557
train;8;8;100;0.1000000000;0.0190286040;221.0310129170;60000;8201.2926867740;2400000;;
test;8;8;100;0.1000000000;0.0204858740;128.6625162290;60000;8201.2926867740;2400000;56947;3053
test;8;8;100;0.1000000000;0.0288199360;22.0230183780;10000;8201.2926867740;2400000;9457;543
train;8;8;100;0.1000000000;0.0190703930;226.8367120590;60000;8428.1293988330;2460000;;
test;8;8;100;0.1000000000;0.0233235870;127.2286198880;60000;8428.1293988330;2460000;57006;2994
test;8;8;100;0.1000000000;0.0221663450;21.9014839910;10000;8428.1293988330;2460000;9464;536
train;8;8;100;0.1000000000;0.0172347630;222.8870180590;60000;8651.0164168920;2520000;;
test;8;8;100;0.1000000000;0.0208224840;119.2980945120;60000;8651.0164168920;2520000;57046;2954
test;8;8;100;0.1000000000;0.0208625670;20.6291490750;10000;8651.0164168920;2520000;9461;539
train;8;8;100;0.1000000000;0.0183060090;221.1509874490;60000;8872.1674043410;2580000;;
test;8;8;100;0.1000000000;0.0201602640;110.6383393770;60000;8872.1674043410;2580000;57035;2965
test;8;8;100;0.1000000000;0.0215314970;18.8751457010;10000;8872.1674043410;2580000;9470;530
train;8;8;100;0.1000000000;0.0173797570;198.2476391930;60000;9070.4150435340;2640000;;
test;8;8;100;0.1000000000;0.0200962230;109.2862419930;60000;9070.4150435340;2640000;57173;2827
test;8;8;100;0.1000000000;0.0209721460;18.3571107940;10000;9070.4150435340;2640000;9473;527
train;8;8;100;0.1000000000;0.0179741480;191.7363369630;60000;9262.1513804970;2700000;;
test;8;8;100;0.1000000000;0.0204029200;109.7668679570;60000;9262.1513804970;2700000;57188;2812
test;8;8;100;0.1000000000;0.0207777380;18.8237793080;10000;9262.1513804970;2700000;9482;518
train;8;8;100;0.1000000000;0.0174279640;191.3477862670;60000;9453.4991667640;2760000;;
test;8;8;100;0.1000000000;0.0206146200;125.6177622620;60000;9453.4991667640;2760000;57230;2770
test;8;8;100;0.1000000000;0.0233044200;21.0186578010;10000;9453.4991667640;2760000;9493;507
train;8;8;100;0.1000000000;0.0184979600;226.0174509010;60000;9679.5166176650;2820000;;
test;8;8;100;0.1000000000;0.0219756860;121.7149782580;60000;9679.5166176650;2820000;57288;2712
test;8;8;100;0.1000000000;0.0245039530;21.1282728240;10000;9679.5166176650;2820000;9498;502
train;8;8;100;0.1000000000;0.0176054140;214.5099342220;60000;9894.0265518870;2880000;;
test;8;8;100;0.1000000000;0.0204413750;126.1438232810;60000;9894.0265518870;2880000;57304;2696
test;8;8;100;0.1000000000;0.0212958800;20.7717577300;10000;9894.0265518870;2880000;9500;500
train;8;8;100;0.1000000000;0.0205222900;223.7646133010;60000;10117.7911651880;2940000;;
test;8;8;100;0.1000000000;0.0180807690;122.9364938080;60000;10117.7911651880;2940000;57362;2638
test;8;8;100;0.1000000000;0.0223529610;20.5788887190;10000;10117.7911651880;2940000;9504;496
train;8;8;100;0.1000000000;0.0184894600;210.1783190410;60000;10327.9694842290;3000000;;
test;8;8;100;0.1000000000;0.0199954380;113.8540507450;60000;10327.9694842290;3000000;57394;2606
test;8;8;100;0.1000000000;0.0210766410;18.8956254470;10000;10327.9694842290;3000000;9511;489
train;8;8;100;0.1000000000;0.0176163720;188.3452966210;60000;10516.3147808500;3060000;;
test;8;8;100;0.1000000000;0.0203257970;106.7781803790;60000;10516.3147808500;3060000;57398;2602
test;8;8;100;0.1000000000;0.0219038150;19.1108511220;10000;10516.3147808500;3060000;9511;489
train;8;8;100;0.1000000000;0.0176962430;185.5643892150;60000;10701.8791700650;3120000;;
test;8;8;100;0.1000000000;0.0196931160;105.1880777080;60000;10701.8791700650;3120000;57399;2601
test;8;8;100;0.1000000000;0.0182310120;17.9571693470;10000;10701.8791700650;3120000;9516;484
train;8;8;100;0.1000000000;0.0179140670;186.3699352510;60000;10888.2491053160;3180000;;
test;8;8;100;0.1000000000;0.0241396750;106.8451529810;60000;10888.2491053160;3180000;57360;2640
test;8;8;100;0.1000000000;0.0181899310;18.7740987660;10000;10888.2491053160;3180000;9501;499
train;8;8;100;0.1000000000;0.0182664690;187.3834888500;60000;11075.6325941660;3240000;;
test;8;8;100;0.1000000000;0.0200117680;105.9525007950;60000;11075.6325941660;3240000;57416;2584
test;8;8;100;0.1000000000;0.0203462140;19.7447531980;10000;11075.6325941660;3240000;9501;499
train;8;8;100;0.1000000000;0.0169349430;185.6319359550;60000;11261.2645301210;3300000;;
test;8;8;100;0.1000000000;0.0202953400;104.4356699880;60000;11261.2645301210;3300000;57530;2470
test;8;8;100;0.1000000000;0.0201775960;19.0689830800;10000;11261.2645301210;3300000;9527;473
train;8;8;100;0.1000000000;0.0186083290;185.9566659910;60000;11447.2211961120;3360000;;
test;8;8;100;0.1000000000;0.0181585990;106.2398076780;60000;11447.2211961120;3360000;57549;2451
test;8;8;100;0.1000000000;0.0202228450;18.4190176500;10000;11447.2211961120;3360000;9536;464
train;8;8;100;0.1000000000;0.0176387050;189.2151609480;60000;11636.4363570600;3420000;;
test;8;8;100;0.1000000000;0.0205959530;107.6906868860;60000;11636.4363570600;3420000;57619;2381
test;8;8;100;0.1000000000;0.0167877830;18.0849923810;10000;11636.4363570600;3420000;9528;472
train;8;8;100;0.1000000000;0.0185633320;187.4704701710;60000;11823.9068272310;3480000;;
test;8;8;100;0.1000000000;0.0197415740;107.4757840980;60000;11823.9068272310;3480000;57651;2349
test;8;8;100;0.1000000000;0.0214347490;18.5054324980;10000;11823.9068272310;3480000;9536;464
train;8;8;100;0.1000000000;0.0165587510;186.6054806020;60000;12010.5123078330;3540000;;
test;8;8;100;0.1000000000;0.0205534560;108.7584705040;60000;12010.5123078330;3540000;57605;2395
test;8;8;100;0.1000000000;0.0199425640;18.8619367610;10000;12010.5123078330;3540000;9533;467
train;8;8;100;0.1000000000;0.0165877910;188.8757452850;60000;12199.3880531180;3600000;;
test;8;8;100;0.1000000000;0.0201715970;104.2077051040;60000;12199.3880531180;3600000;57667;2333
test;8;8;100;0.1000000000;0.0174147140;17.7744978990;10000;12199.3880531180;3600000;9538;462
train;8;8;100;0.1000000000;0.0168466970;185.8346414580;60000;12385.2226945760;3660000;;
test;8;8;100;0.1000000000;0.0197742390;114.6600669620;60000;12385.2226945760;3660000;57697;2303
test;8;8;100;0.1000000000;0.0219971840;17.8303371000;10000;12385.2226945760;3660000;9550;450
train;8;8;100;0.1000000000;0.0177575750;193.5892660200;60000;12578.8119605960;3720000;;
test;8;8;100;0.1000000000;0.0200020210;109.8444877550;60000;12578.8119605960;3720000;57699;2301
test;8;8;100;0.1000000000;0.0227447350;18.1025910480;10000;12578.8119605960;3720000;9554;446
train;8;8;100;0.1000000000;0.0181518480;203.6130569420;60000;12782.4250175380;3780000;;
test;8;8;100;0.1000000000;0.0217861100;122.7566656170;60000;12782.4250175380;3780000;57800;2200
test;8;8;100;0.1000000000;0.0188787770;21.8012739830;10000;12782.4250175380;3780000;9573;427
train;8;8;100;0.1000000000;0.0175417920;219.9481094310;60000;13002.3731269690;3840000;;
test;8;8;100;0.1000000000;0.0202611770;117.4521353150;60000;13002.3731269690;3840000;57819;2181
test;8;8;100;0.1000000000;0.0226114100;20.5900617440;10000;13002.3731269690;3840000;9559;441
train;8;8;100;0.1000000000;0.0196076620;231.3885581220;60000;13233.7616850910;3900000;;
test;8;8;100;0.1000000000;0.0231255530;129.1323252750;60000;13233.7616850910;3900000;57830;2170
test;8;8;100;0.1000000000;0.0217141120;21.7713665520;10000;13233.7616850910;3900000;9573;427
train;8;8;100;0.1000000000;0.0189737310;206.2250056100;60000;13439.9866907010;3960000;;
test;8;8;100;0.1000000000;0.0201710970;105.7665759920;60000;13439.9866907010;3960000;57869;2131
test;8;8;100;0.1000000000;0.0196336620;19.1786358970;10000;13439.9866907010;3960000;9579;421
train;8;8;100;0.1000000000;0.0171226020;197.2995466680;60000;13637.2862373690;4020000;;
test;8;8;100;0.1000000000;0.0234754960;117.7817125120;60000;13637.2862373690;4020000;57845;2155
test;8;8;100;0.1000000000;0.0221624270;19.4060440960;10000;13637.2862373690;4020000;9570;430
train;8;8;100;0.1000000000;0.0178261530;196.4270349140;60000;13833.7132722830;4080000;;
test;8;8;100;0.1000000000;0.0202423020;108.0044514340;60000;13833.7132722830;4080000;57814;2186
test;8;8;100;0.1000000000;0.0215320380;18.6617941890;10000;13833.7132722830;4080000;9575;425
train;8;8;100;0.1000000000;0.0167275360;192.5115785670;60000;14026.2248508500;4140000;;
test;8;8;100;0.1000000000;0.0198689020;106.7860173360;60000;14026.2248508500;4140000;57929;2071
test;8;8;100;0.1000000000;0.0283303320;18.4746613110;10000;14026.2248508500;4140000;9570;430
train;8;8;100;0.1000000000;0.0183910050;194.1321974880;60000;14220.3570483380;4200000;;
test;8;8;100;0.1000000000;0.0203892120;113.7603016240;60000;14220.3570483380;4200000;57917;2083
test;8;8;100;0.1000000000;0.0200731840;18.4979936040;10000;14220.3570483380;4200000;9592;408
train;8;8;100;0.1000000000;0.0185492500;193.1421790420;60000;14413.4992273800;4260000;;
test;8;8;100;0.1000000000;0.0202903410;115.9240285690;60000;14413.4992273800;4260000;57939;2061
test;8;8;100;0.1000000000;0.0213312140;19.6080055040;10000;14413.4992273800;4260000;9589;411
train;8;8;100;0.1000000000;0.0166927860;207.2250704570;60000;14620.7242978370;4320000;;
test;8;8;100;0.1000000000;0.0206024930;111.5138570790;60000;14620.7242978370;4320000;57909;2091
test;8;8;100;0.1000000000;0.0210956810;18.2564412600;10000;14620.7242978370;4320000;9580;420
train;8;8;100;0.1000000000;0.0167784500;191.3485386530;60000;14812.0728364900;4380000;;
test;8;8;100;0.1000000000;0.0204373760;116.0474314230;60000;14812.0728364900;4380000;58048;1952
test;8;8;100;0.1000000000;0.0213386720;18.7918219250;10000;14812.0728364900;4380000;9601;399
train;8;8;100;0.1000000000;0.0169833150;189.2523793640;60000;15001.3252158540;4440000;;
test;8;8;100;0.1000000000;0.0202368840;112.4375834040;60000;15001.3252158540;4440000;58047;1953
test;8;8;100;0.1000000000;0.0208347350;18.3751806060;10000;15001.3252158540;4440000;9601;399
train;8;8;100;0.1000000000;0.0170279810;222.7577068700;60000;15224.0829227240;4500000;;
test;8;8;100;0.1000000000;0.0203803370;127.4175438040;60000;15224.0829227240;4500000;58038;1962
test;8;8;100;0.1000000000;0.0226809890;21.0634185970;10000;15224.0829227240;4500000;9597;403
train;8;8;100;0.1000000000;0.0197303240;230.4610515850;60000;15454.5439743090;4560000;;
test;8;8;100;0.1000000000;0.0205006250;128.8129669680;60000;15454.5439743090;4560000;58080;1920
test;8;8;100;0.1000000000;0.0233187130;21.2541341550;10000;15454.5439743090;4560000;9611;389
train;8;8;100;0.1000000000;0.0218407330;223.2709384380;60000;15677.8149127470;4620000;;
test;8;8;100;0.1000000000;0.0215517050;125.0232398810;60000;15677.8149127470;4620000;58094;1906
test;8;8;100;0.1000000000;0.0205633720;19.8249917310;10000;15677.8149127470;4620000;9602;398
train;8;8;100;0.1000000000;0.0218275250;225.8575076120;60000;15903.6724203590;4680000;;
test;8;8;100;0.1000000000;0.0221350130;127.2147571390;60000;15903.6724203590;4680000;58108;1892
test;8;8;100;0.1000000000;0.0270376790;22.3001384120;10000;15903.6724203590;4680000;9609;391
train;8;8;100;0.1000000000;0.0228237320;224.5123558860;60000;16128.1847762450;4740000;;
test;8;8;100;0.1000000000;0.0235209530;124.7579150460;60000;16128.1847762450;4740000;58145;1855
test;8;8;100;0.1000000000;0.0284951160;21.2079076280;10000;16128.1847762450;4740000;9622;378
train;8;8;100;0.1000000000;0.0223456700;223.7328158270;60000;16351.9175920720;4800000;;
test;8;8;100;0.1000000000;0.0210246010;129.5052976220;60000;16351.9175920720;4800000;58137;1863
test;8;8;100;0.1000000000;0.0227124470;21.1881245610;10000;16351.9175920720;4800000;9609;391
train;8;8;100;0.1000000000;0.0180278550;229.8354944880;60000;16581.7530865600;4860000;;
test;8;8;100;0.1000000000;0.0204597920;126.6034462710;60000;16581.7530865600;4860000;58164;1836
test;8;8;100;0.1000000000;0.0206257850;21.5061158470;10000;16581.7530865600;4860000;9621;379
train;8;8;100;0.1000000000;0.0191051010;229.2429847180;60000;16810.9960712780;4920000;;
test;8;8;100;0.1000000000;0.0219817260;125.7165147610;60000;16810.9960712780;4920000;58198;1802
test;8;8;100;0.1000000000;0.0238749380;21.4069497930;10000;16810.9960712780;4920000;9619;381
train;8;8;100;0.1000000000;0.0204499180;227.2725598460;60000;17038.2686311240;4980000;;
test;8;8;100;0.1000000000;0.0210545170;124.5181101760;60000;17038.2686311240;4980000;58192;1808
test;8;8;100;0.1000000000;0.0227131130;21.0008793940;10000;17038.2686311240;4980000;9618;382
train;8;8;100;0.1000000000;0.0181976810;214.7383094180;60000;17253.0069405420;5040000;;
test;8;8;100;0.1000000000;0.0210608500;123.5633773910;60000;17253.0069405420;5040000;58123;1877
test;8;8;100;0.1000000000;0.0211602620;19.1111519000;10000;17253.0069405420;5040000;9599;401
train;8;8;100;0.1000000000;0.0214327080;230.5939205710;60000;17483.6008611130;5100000;;
test;8;8;100;0.1000000000;0.0206134940;119.5227321540;60000;17483.6008611130;5100000;58210;1790
test;8;8;100;0.1000000000;0.0224029580;21.0605919290;10000;17483.6008611130;5100000;9620;380
train;8;8;100;0.1000000000;0.0190029800;224.3000389100;60000;17707.9009000230;5160000;;
test;8;8;100;0.1000000000;0.0228674400;127.3804939740;60000;17707.9009000230;5160000;58176;1824
test;8;8;100;0.1000000000;0.0228868550;21.9608517860;10000;17707.9009000230;5160000;9617;383
train;8;8;100;0.1000000000;0.0189348990;228.0031722480;60000;17935.9040722710;5220000;;
test;8;8;100;0.1000000000;0.0204487940;127.0946350740;60000;17935.9040722710;5220000;58202;1798
test;8;8;100;0.1000000000;0.0289763430;19.9678791640;10000;17935.9040722710;5220000;9621;379
train;8;8;100;0.1000000000;0.0200363950;210.9087748290;60000;18146.8128471000;5280000;;
test;8;8;100;0.1000000000;0.0207214070;111.8212817370;60000;18146.8128471000;5280000;58295;1705
test;8;8;100;0.1000000000;0.0443455230;19.8960303600;10000;18146.8128471000;5280000;9628;372
train;8;8;100;0.1000000000;0.0213044650;194.6506585020;60000;18341.4635056020;5340000;;
test;8;8;100;0.1000000000;0.0198971500;111.3821188400;60000;18341.4635056020;5340000;58315;1685
test;8;8;100;0.1000000000;0.0225820770;21.2392219200;10000;18341.4635056020;5340000;9634;366
train;8;8;100;0.1000000000;0.0210885150;224.1267539890;60000;18565.5902595910;5400000;;
test;8;8;100;0.1000000000;0.0203128800;123.2419194730;60000;18565.5902595910;5400000;58316;1684
test;8;8;100;0.1000000000;0.0279012230;22.6348384870;10000;18565.5902595910;5400000;9624;376
train;8;8;100;0.1000000000;0.0202795090;239.0193363360;60000;18804.6095959270;5460000;;
test;8;8;100;0.1000000000;0.0240118910;123.7801833780;60000;18804.6095959270;5460000;58281;1719
test;8;8;100;0.1000000000;0.0252081720;23.0311242980;10000;18804.6095959270;5460000;9632;368
train;8;8;100;0.1000000000;0.0216870720;230.9373892720;60000;19035.5469851990;5520000;;
test;8;8;100;0.1000000000;0.0241647180;127.2274902680;60000;19035.5469851990;5520000;58321;1679
test;8;8;100;0.1000000000;0.0232221760;22.8490029170;10000;19035.5469851990;5520000;9632;368
train;8;8;100;0.1000000000;0.0199418560;202.3375817380;60000;19237.8845669370;5580000;;
test;8;8;100;0.1000000000;0.0202286350;119.7757413920;60000;19237.8845669370;5580000;58351;1649
test;8;8;100;0.1000000000;0.0210567680;21.5601143700;10000;19237.8845669370;5580000;9635;365
train;8;8;100;0.1000000000;0.0202924230;233.7313714090;60000;19471.6159383460;5640000;;
test;8;8;100;0.1000000000;0.0213055060;123.6415175570;60000;19471.6159383460;5640000;58403;1597
test;8;8;100;0.1000000000;0.0216513230;19.6741315520;10000;19471.6159383460;5640000;9644;356
train;8;8;100;0.1000000000;0.0199900210;233.5246367440;60000;19705.1405750900;5700000;;
test;8;8;100;0.1000000000;0.0208701080;127.5242883280;60000;19705.1405750900;5700000;58394;1606
test;8;8;100;0.1000000000;0.0217257380;20.8071845480;10000;19705.1405750900;5700000;9636;364
train;8;8;100;0.1000000000;0.0177244100;211.1976439000;60000;19916.3382189900;5760000;;
test;8;8;100;0.1000000000;0.0206847820;110.3753102420;60000;19916.3382189900;5760000;58329;1671
test;8;8;100;0.1000000000;0.0221138460;18.7465860240;10000;19916.3382189900;5760000;9635;365
train;8;8;100;0.1000000000;0.0177974470;193.6027327290;60000;20109.9409517190;5820000;;
test;8;8;100;0.1000000000;0.0205364130;111.9745661370;60000;20109.9409517190;5820000;58429;1571
test;8;8;100;0.1000000000;0.0417313840;19.6106299340;10000;20109.9409517190;5820000;9639;361
train;8;8;100;0.1000000000;0.0170427310;229.8740495490;60000;20339.8150012680;5880000;;
test;8;8;100;0.1000000000;0.0203834210;126.4639988490;60000;20339.8150012680;5880000;58416;1584
test;8;8;100;0.1000000000;0.0354681090;22.2358198280;10000;20339.8150012680;5880000;9652;348
train;8;8;100;0.1000000000;0.0187412820;213.7885959610;60000;20553.6035972290;5940000;;
test;8;8;100;0.1000000000;0.0206373270;125.3895643960;60000;20553.6035972290;5940000;58355;1645
test;8;8;100;0.1000000000;0.0235732840;23.2497958260;10000;20553.6035972290;5940000;9637;363
train;8;8;100;0.1000000000;0.0180073140;226.8120406980;60000;20780.4156379270;6000000;;
test;8;8;100;0.1000000000;0.0245692830;128.2234759460;60000;20780.4156379270;6000000;58325;1675
test;8;8;100;0.1000000000;0.0305450270;20.7470196620;10000;20780.4156379270;6000000;9634;366
