Mode;CPUs;Parallel;WorkerBatch;LearningRate;WorkerSetupTime;EpochElapsedTime;EpochLines;TotalElapsedTime;TotalLines;Correct;Incorrect
train;8;1;100;0.1000000000;0.0066295500;831.5831670920;60000;831.5831670920;60000;;
test;8;1;100;0.1000000000;0.0038799180;372.1336251000;60000;831.5831670920;60000;50498;9502
test;8;1;100;0.1000000000;0.0035586390;61.4228254490;10000;831.5831670920;60000;8475;1525
train;8;1;100;0.1000000000;0.0086646310;998.1909116010;60000;1829.7740786930;120000;;
test;8;1;100;0.1000000000;0.0034031460;381.5136228440;60000;1829.7740786930;120000;53762;6238
test;8;1;100;0.1000000000;0.0103814310;60.8684183090;10000;1829.7740786930;120000;8981;1019
train;8;1;100;0.1000000000;0.0138347830;1063.3755930010;60000;2893.1496716940;180000;;
test;8;1;100;0.1000000000;0.0055988850;351.4516674620;60000;2893.1496716940;180000;54078;5922
test;8;1;100;0.1000000000;0.0034616850;56.6557950930;10000;2893.1496716940;180000;9049;951
train;8;1;100;0.1000000000;0.0140677750;1052.1472930780;60000;3945.2969647720;240000;;
test;8;1;100;0.1000000000;0.0047721290;329.5573918900;60000;3945.2969647720;240000;54646;5354
test;8;1;100;0.1000000000;0.0035054750;65.4071585520;10000;3945.2969647720;240000;9132;868
train;8;1;100;0.1000000000;0.0034174370;954.5646746410;60000;4899.8616394130;300000;;
test;8;1;100;0.1000000000;0.0053686040;376.6231680810;60000;4899.8616394130;300000;55158;4842
test;8;1;100;0.1000000000;0.0046236780;105.5360241790;10000;4899.8616394130;300000;9213;787
train;8;1;100;0.1000000000;0.0037587140;1084.0778269980;60000;5983.9394664110;360000;;
test;8;1;100;0.1000000000;0.0042952340;342.4731031370;60000;5983.9394664110;360000;55203;4797
test;8;1;100;0.1000000000;0.0035583480;59.1295592910;10000;5983.9394664110;360000;9209;791
train;8;1;100;0.1000000000;0.0148399480;1058.6631838760;60000;7042.6026502870;420000;;
test;8;1;100;0.1000000000;0.0066676320;327.4199060200;60000;7042.6026502870;420000;55757;4243
test;8;1;100;0.1000000000;0.0035824310;58.6100976550;10000;7042.6026502870;420000;9287;713
train;8;1;100;0.1000000000;0.0047908780;978.4877754930;60000;8021.0904257800;480000;;
test;8;1;100;0.1000000000;0.0092165230;349.0840548580;60000;8021.0904257800;480000;55860;4140
test;8;1;100;0.1000000000;0.0036269280;57.7269396860;10000;8021.0904257800;480000;9306;694
train;8;1;100;0.1000000000;0.0078064160;1060.7895716280;60000;9081.8799974080;540000;;
test;8;1;100;0.1000000000;0.0074377250;349.4445951170;60000;9081.8799974080;540000;56076;3924
test;8;1;100;0.1000000000;0.0037644640;62.0447917760;10000;9081.8799974080;540000;9333;667
train;8;1;100;0.1000000000;0.0174028820;990.5495878550;60000;10072.4295852630;600000;;
test;8;1;100;0.1000000000;0.0046509260;402.6192564480;60000;10072.4295852630;600000;56263;3737
test;8;1;100;0.1000000000;0.0037151740;67.1414917310;10000;10072.4295852630;600000;9359;641
train;8;1;100;0.1000000000;0.0052087360;1035.5308088660;60000;11107.9603941290;660000;;
test;8;1;100;0.1000000000;0.0035800140;412.4963473190;60000;11107.9603941290;660000;56462;3538
test;8;1;100;0.1000000000;0.0105378410;56.8780162570;10000;11107.9603941290;660000;9394;606
train;8;1;100;0.1000000000;0.0035100580;1024.7630426570;60000;12132.7234367860;720000;;
test;8;1;100;0.1000000000;0.0064583490;339.7890360520;60000;12132.7234367860;720000;56552;3448
test;8;1;100;0.1000000000;0.0035167670;60.8000437290;10000;12132.7234367860;720000;9389;611
train;8;1;100;0.1000000000;0.0036137210;1032.8509999340;60000;13165.5744367200;780000;;
test;8;1;100;0.1000000000;0.0037656310;352.2602985760;60000;13165.5744367200;780000;56797;3203
test;8;1;100;0.1000000000;0.0036563020;62.4431500540;10000;13165.5744367200;780000;9427;573
train;8;1;100;0.1000000000;0.0206574930;1074.6083753750;60000;14240.1828120950;840000;;
test;8;1;100;0.1000000000;0.0037518820;388.0161479310;60000;14240.1828120950;840000;56937;3063
test;8;1;100;0.1000000000;0.0075691770;61.9819425910;10000;14240.1828120950;840000;9460;540
train;8;1;100;0.1000000000;0.0079694930;953.0463534080;60000;15193.2291655030;900000;;
test;8;1;100;0.1000000000;0.0068726640;362.8065829230;60000;15193.2291655030;900000;56982;3018
test;8;1;100;0.1000000000;0.0199323990;59.3272398360;10000;15193.2291655030;900000;9462;538
train;8;1;100;0.1000000000;0.0076935880;1037.3424618100;60000;16230.5716273130;960000;;
test;8;1;100;0.1000000000;0.0035376410;336.7006453990;60000;16230.5716273130;960000;57158;2842
test;8;1;100;0.1000000000;0.0048040860;74.4585899470;10000;16230.5716273130;960000;9463;537
train;8;1;100;0.1000000000;0.0034194790;1030.5011876030;60000;17261.0728149160;1020000;;
test;8;1;100;0.1000000000;0.0036099290;502.0721850670;60000;17261.0728149160;1020000;57232;2768
test;8;1;100;0.1000000000;0.0034913920;56.6448754340;10000;17261.0728149160;1020000;9500;500
train;8;1;100;0.1000000000;0.0075461360;973.5128131070;60000;18234.5856280230;1080000;;
test;8;1;100;0.1000000000;0.0034281460;379.6296554420;60000;18234.5856280230;1080000;57395;2605
test;8;1;100;0.1000000000;0.0035860550;82.6261009940;10000;18234.5856280230;1080000;9510;490
train;8;1;100;0.1000000000;0.0032871930;1004.9156219920;60000;19239.5012500150;1140000;;
test;8;1;100;0.1000000000;0.0057336300;347.4327982450;60000;19239.5012500150;1140000;57499;2501
test;8;1;100;0.1000000000;0.0034642270;93.5697005720;10000;19239.5012500150;1140000;9521;479
train;8;1;100;0.1000000000;0.0037295080;1074.9114556790;60000;20314.4127056940;1200000;;
test;8;1;100;0.1000000000;0.0035928880;324.3012361440;60000;20314.4127056940;1200000;57534;2466
test;8;1;100;0.1000000000;0.0048269190;108.7005364340;10000;20314.4127056940;1200000;9552;448
train;8;1;100;0.1000000000;0.0070906150;1073.3138087650;60000;21387.7265144590;1260000;;
test;8;1;100;0.1000000000;0.0034324780;416.1833415820;60000;21387.7265144590;1260000;57641;2359
test;8;1;100;0.1000000000;0.0077470030;59.6120202500;10000;21387.7265144590;1260000;9530;470
train;8;1;100;0.1000000000;0.0074990970;1208.6941056980;60000;22596.4206201570;1320000;;
test;8;1;100;0.1000000000;0.0034200200;331.3438472020;60000;22596.4206201570;1320000;57714;2286
test;8;1;100;0.1000000000;0.0168289470;61.8184046260;10000;22596.4206201570;1320000;9555;445
train;8;1;100;0.1000000000;0.0035179330;1006.6133702600;60000;23603.0339904170;1380000;;
test;8;1;100;0.1000000000;0.0035912220;321.0965381580;60000;23603.0339904170;1380000;57832;2168
test;8;1;100;0.1000000000;0.0068699570;83.6820109920;10000;23603.0339904170;1380000;9573;427
train;8;1;100;0.1000000000;0.0035092250;993.3995342650;60000;24596.4335246820;1440000;;
test;8;1;100;0.1000000000;0.0044033530;361.5148937620;60000;24596.4335246820;1440000;57913;2087
test;8;1;100;0.1000000000;0.0085441350;60.7272926320;10000;24596.4335246820;1440000;9570;430
train;8;1;100;0.1000000000;0.0081241530;1102.0727402620;60000;25698.5062649440;1500000;;
test;8;1;100;0.1000000000;0.0038560850;365.9123548170;60000;25698.5062649440;1500000;57813;2187
test;8;1;100;0.1000000000;0.0103023100;62.3696968680;10000;25698.5062649440;1500000;9566;434
train;8;1;100;0.1000000000;0.0197561540;1057.0189637270;60000;26755.5252286710;1560000;;
test;8;1;100;0.1000000000;0.0061208630;393.8993729870;60000;26755.5252286710;1560000;58040;1960
test;8;1;100;0.1000000000;0.0036513030;72.7687560800;10000;26755.5252286710;1560000;9613;387
train;8;1;100;0.1000000000;0.0034671440;1067.6184146190;60000;27823.1436432900;1620000;;
test;8;1;100;0.1000000000;0.0033591900;391.8205975710;60000;27823.1436432900;1620000;58081;1919
test;8;1;100;0.1000000000;0.0076667550;58.2904628090;10000;27823.1436432900;1620000;9601;399
train;8;1;100;0.1000000000;0.0034770190;1037.9155705350;60000;28861.0592138250;1680000;;
test;8;1;100;0.1000000000;0.0035218910;357.0815686700;60000;28861.0592138250;1680000;58155;1845
test;8;1;100;0.1000000000;0.0050733250;60.9927370360;10000;28861.0592138250;1680000;9623;377
train;8;1;100;0.1000000000;0.0103980550;1203.6114678620;60000;30064.6706816870;1740000;;
test;8;1;100;0.1000000000;0.0034646430;346.8938105760;60000;30064.6706816870;1740000;58174;1826
test;8;1;100;0.1000000000;0.0036659690;69.0186557130;10000;30064.6706816870;1740000;9622;378
train;8;1;100;0.1000000000;0.0045433480;949.1525596740;60000;31013.8232413610;1800000;;
test;8;1;100;0.1000000000;0.0063594360;390.0932396550;60000;31013.8232413610;1800000;58161;1839
test;8;1;100;0.1000000000;0.0076424650;59.9477614090;10000;31013.8232413610;1800000;9607;393
train;8;1;100;0.1000000000;0.0037402150;1072.6347897920;60000;32086.4580311530;1860000;;
test;8;1;100;0.1000000000;0.0036968000;326.2738896800;60000;32086.4580311530;1860000;58263;1737
test;8;1;100;0.1000000000;0.0038949580;63.7934580100;10000;32086.4580311530;1860000;9623;377
train;8;1;100;0.1000000000;0.2011062390;1080.2632205770;60000;33166.7212517300;1920000;;
test;8;1;100;0.1000000000;0.0043233990;366.8372037730;60000;33166.7212517300;1920000;58316;1684
test;8;1;100;0.1000000000;0.0036105960;69.2175890030;10000;33166.7212517300;1920000;9623;377
train;8;1;100;0.1000000000;0.0073283530;991.2202097830;60000;34157.9414615130;1980000;;
test;8;1;100;0.1000000000;0.0045479720;364.3942765670;60000;34157.9414615130;1980000;58376;1624
test;8;1;100;0.1000000000;0.0058272520;61.2874893940;10000;34157.9414615130;1980000;9653;347
train;8;1;100;0.1000000000;0.0281126720;942.5610954120;60000;35100.5025569250;2040000;;
test;8;1;100;0.1000000000;0.0057026730;388.0783030730;60000;35100.5025569250;2040000;58419;1581
test;8;1;100;0.1000000000;0.0036378450;68.9760744930;10000;35100.5025569250;2040000;9648;352
train;8;1;100;0.1000000000;0.0080963210;964.7953983140;60000;36065.2979552390;2100000;;
test;8;1;100;0.1000000000;0.0064185580;411.2967071340;60000;36065.2979552390;2100000;58411;1589
test;8;1;100;0.1000000000;0.0088794120;69.7904171910;10000;36065.2979552390;2100000;9643;357
train;8;1;100;0.1000000000;0.0043031090;948.7764001280;60000;37014.0743553670;2160000;;
test;8;1;100;0.1000000000;0.0036260530;383.7704063950;60000;37014.0743553670;2160000;58493;1507
test;8;1;100;0.1000000000;0.0037953800;59.3860112800;10000;37014.0743553670;2160000;9650;350
train;8;1;100;0.1000000000;0.0101800230;945.8544695000;60000;37959.9288248670;2220000;;
test;8;1;100;0.1000000000;0.0037032170;353.1333557780;60000;37959.9288248670;2220000;58486;1514
test;8;1;100;0.1000000000;0.0036479270;63.3601172840;10000;37959.9288248670;2220000;9649;351
train;8;1;100;0.1000000000;0.0125481310;961.4237042300;60000;38921.3525290970;2280000;;
test;8;1;100;0.1000000000;0.0050059110;364.4212311260;60000;38921.3525290970;2280000;58565;1435
test;8;1;100;0.1000000000;0.0068245420;63.5604121840;10000;38921.3525290970;2280000;9656;344
train;8;1;100;0.1000000000;0.0068797060;1216.8171907330;60000;40138.1697198300;2340000;;
test;8;1;100;0.1000000000;0.0039173320;416.3963129450;60000;40138.1697198300;2340000;58545;1455
test;8;1;100;0.1000000000;0.0071837760;63.1772075610;10000;40138.1697198300;2340000;9650;350
train;8;1;100;0.1000000000;0.0037387990;917.2396088120;60000;41055.4093286420;2400000;;
test;8;1;100;0.1000000000;0.0047760470;384.7582244090;60000;41055.4093286420;2400000;58618;1382
test;8;1;100;0.1000000000;0.0099526160;63.4863222650;10000;41055.4093286420;2400000;9663;337
train;8;1;100;0.1000000000;0.0093462660;903.2550966560;60000;41958.6644252980;2460000;;
test;8;1;100;0.1000000000;0.0041250730;390.1462860510;60000;41958.6644252980;2460000;58595;1405
test;8;1;100;0.1000000000;0.0088092490;60.1441995910;10000;41958.6644252980;2460000;9647;353
train;8;1;100;0.1000000000;0.0074610150;874.4736245330;60000;42833.1380498310;2520000;;
test;8;1;100;0.1000000000;0.0099632410;372.8196266560;60000;42833.1380498310;2520000;58549;1451
test;8;1;100;0.1000000000;0.0036474700;65.8609236590;10000;42833.1380498310;2520000;9643;357
train;8;1;100;0.1000000000;0.0107132510;931.9822172610;60000;43765.1202670920;2580000;;
test;8;1;100;0.1000000000;0.0038225040;463.8737342350;60000;43765.1202670920;2580000;58640;1360
test;8;1;100;0.1000000000;0.0096378800;62.7012481050;10000;43765.1202670920;2580000;9668;332
train;8;1;100;0.1000000000;0.0080851540;1266.2602748140;60000;45031.3805419060;2640000;;
test;8;1;100;0.1000000000;0.0045839290;390.4671365000;60000;45031.3805419060;2640000;58650;1350
test;8;1;100;0.1000000000;0.0058442510;68.6177889700;10000;45031.3805419060;2640000;9670;330
train;8;1;100;0.1000000000;0.0040321610;1051.4558966860;60000;46082.8364385920;2700000;;
test;8;1;100;0.1000000000;0.0035421820;455.3133498890;60000;46082.8364385920;2700000;58735;1265
test;8;1;100;0.1000000000;0.0040022450;69.4167161230;10000;46082.8364385920;2700000;9664;336
train;8;1;100;0.1000000000;0.0036734680;1073.8760934980;60000;47156.7125320900;2760000;;
test;8;1;100;0.1000000000;0.0035888880;389.4335197120;60000;47156.7125320900;2760000;58775;1225
test;8;1;100;0.1000000000;0.0052279010;116.7680541290;10000;47156.7125320900;2760000;9670;330
train;8;1;100;0.1000000000;0.0038310030;1043.9904945470;60000;48200.7030266370;2820000;;
test;8;1;100;0.1000000000;0.0053651870;635.1969734170;60000;48200.7030266370;2820000;58763;1237
test;8;1;100;0.1000000000;0.0097297510;68.6075652780;10000;48200.7030266370;2820000;9668;332
train;8;1;100;0.1000000000;0.0103914730;1222.8864675830;60000;49423.5894942200;2880000;;
test;8;1;100;0.1000000000;0.0035593060;451.7076619920;60000;49423.5894942200;2880000;58764;1236
test;8;1;100;0.1000000000;0.0040806590;79.9197563960;10000;49423.5894942200;2880000;9666;334
train;8;1;100;0.1000000000;0.0081729850;1012.6442942700;60000;50436.2337884900;2940000;;
test;8;1;100;0.1000000000;0.0038715020;401.8837244030;60000;50436.2337884900;2940000;58712;1288
test;8;1;100;0.1000000000;0.0038239620;99.1428273400;10000;50436.2337884900;2940000;9651;349
train;8;1;100;0.1000000000;0.0038503360;1175.7177046640;60000;51611.9514931540;3000000;;
test;8;1;100;0.1000000000;0.0045268060;433.6502663900;60000;51611.9514931540;3000000;58832;1168
test;8;1;100;0.1000000000;0.0038397110;68.0589319780;10000;51611.9514931540;3000000;9679;321
train;8;1;100;0.1000000000;0.0065277210;1161.8822845280;60000;52773.8337776820;3060000;;
test;8;1;100;0.1000000000;0.0035948880;416.8998301740;60000;52773.8337776820;3060000;58728;1272
test;8;1;100;0.1000000000;0.0042017360;84.1789492520;10000;52773.8337776820;3060000;9667;333
train;8;1;100;0.1000000000;0.0040358270;1156.0400198930;60000;53929.8737975750;3120000;;
test;8;1;100;0.1000000000;0.0036156780;496.9797378630;60000;53929.8737975750;3120000;58854;1146
test;8;1;100;0.1000000000;0.0091732750;63.1205205980;10000;53929.8737975750;3120000;9677;323
train;8;1;100;0.1000000000;0.0124480510;1196.2300587820;60000;55126.1038563570;3180000;;
test;8;1;100;0.1000000000;0.0058242500;386.8840568660;60000;55126.1038563570;3180000;58729;1271
test;8;1;100;0.1000000000;0.0095811330;80.6030418980;10000;55126.1038563570;3180000;9659;341
train;8;1;100;0.1000000000;0.0036682600;1051.4370450560;60000;56177.5409014130;3240000;;
test;8;1;100;0.1000000000;0.0040367020;537.4329324440;60000;56177.5409014130;3240000;58908;1092
test;8;1;100;0.1000000000;0.0087482930;65.0907575690;10000;56177.5409014130;3240000;9671;329
train;8;1;100;0.1000000000;0.0043754800;1101.7889483380;60000;57279.3298497510;3300000;;
test;8;1;100;0.1000000000;0.0060642830;371.8468916150;60000;57279.3298497510;3300000;58946;1054
test;8;1;100;0.1000000000;0.0037092170;75.4334620330;10000;57279.3298497510;3300000;9686;314
train;8;1;100;0.1000000000;0.0079408270;1146.1585479050;60000;58425.4883976560;3360000;;
test;8;1;100;0.1000000000;0.0036396780;382.6960042230;60000;58425.4883976560;3360000;58922;1078
test;8;1;100;0.1000000000;0.0185529560;63.4847298800;10000;58425.4883976560;3360000;9672;328
train;8;1;100;0.1000000000;0.0062188170;1003.8305988310;60000;59429.3189964870;3420000;;
test;8;1;100;0.1000000000;0.0045362240;374.3669623950;60000;59429.3189964870;3420000;59041;959
test;8;1;100;0.1000000000;0.0058086680;72.5462472480;10000;59429.3189964870;3420000;9698;302
train;8;1;100;0.1000000000;0.0068737070;1300.8458504060;60000;60730.1648468930;3480000;;
test;8;1;100;0.1000000000;0.0081051110;403.7761444020;60000;60730.1648468930;3480000;58960;1040
test;8;1;100;0.1000000000;0.0037818800;63.0076675540;10000;60730.1648468930;3480000;9686;314
train;8;1;100;0.1000000000;0.0082519800;1034.5819196630;60000;61764.7467665560;3540000;;
test;8;1;100;0.1000000000;0.0036316370;411.7335903000;60000;61764.7467665560;3540000;59014;986
test;8;1;100;0.1000000000;0.0044269770;64.3910404750;10000;61764.7467665560;3540000;9690;310
train;8;1;100;0.1000000000;0.0039481220;1037.3347517640;60000;62802.0815183200;3600000;;
test;8;1;100;0.1000000000;0.0049770380;393.2482460860;60000;62802.0815183200;3600000;59005;995
test;8;1;100;0.1000000000;0.0037995880;71.8958624270;10000;62802.0815183200;3600000;9679;321
train;8;1;100;0.1000000000;0.0081294870;1109.3173054280;60000;63911.3988237480;3660000;;
test;8;1;100;0.1000000000;0.0037802150;398.2774334700;60000;63911.3988237480;3660000;58841;1159
test;8;1;100;0.1000000000;0.0138041600;64.0782116740;10000;63911.3988237480;3660000;9669;331
train;8;1;100;0.1000000000;0.0038256700;1074.0540218820;60000;64985.4528456300;3720000;;
test;8;1;100;0.1000000000;0.0081272350;380.4413741240;60000;64985.4528456300;3720000;59040;960
test;8;1;100;0.1000000000;0.0043826880;77.0677169400;10000;64985.4528456300;3720000;9690;310
train;8;1;100;0.1000000000;0.0037977130;1023.6243180620;60000;66009.0771636920;3780000;;
test;8;1;100;0.1000000000;0.0075845100;400.5531098860;60000;66009.0771636920;3780000;58959;1041
test;8;1;100;0.1000000000;0.0045663880;96.6332721780;10000;66009.0771636920;3780000;9679;321
train;8;1;100;0.1000000000;0.0052739830;1091.6974120060;60000;67100.7745756980;3840000;;
test;8;1;100;0.1000000000;0.0074695560;359.3082627970;60000;67100.7745756980;3840000;59112;888
test;8;1;100;0.1000000000;0.0081083210;70.1926571620;10000;67100.7745756980;3840000;9697;303
train;8;1;100;0.1000000000;0.0151110210;1132.9976479400;60000;68233.7722236380;3900000;;
test;8;1;100;0.1000000000;0.0037542980;330.8582617980;60000;68233.7722236380;3900000;59127;873
test;8;1;100;0.1000000000;0.0040434940;54.6752574730;10000;68233.7722236380;3900000;9695;305
train;8;1;100;0.1000000000;0.0035505560;990.6604164490;60000;69224.4326400870;3960000;;
test;8;1;100;0.1000000000;0.0075599680;376.1433440060;60000;69224.4326400870;3960000;59063;937
test;8;1;100;0.1000000000;0.0041777790;56.1598037780;10000;69224.4326400870;3960000;9674;326
train;8;1;100;0.1000000000;0.0080118250;1206.9888892570;60000;70431.4215293440;4020000;;
test;8;1;100;0.1000000000;0.0036307620;400.0101351430;60000;70431.4215293440;4020000;59127;873
test;8;1;100;0.1000000000;0.0036572600;63.9448466290;10000;70431.4215293440;4020000;9692;308
train;8;1;100;0.1000000000;0.0065864260;1036.7312803210;60000;71468.1528096650;4080000;;
test;8;1;100;0.1000000000;0.0035637640;376.5442026170;60000;71468.1528096650;4080000;59134;866
test;8;1;100;0.1000000000;0.0036826770;61.3235169040;10000;71468.1528096650;4080000;9693;307
train;8;1;100;0.1000000000;0.0062336080;1036.2078457820;60000;72504.3606554470;4140000;;
test;8;1;100;0.1000000000;0.0036568440;392.7179545000;60000;72504.3606554470;4140000;58960;1040
test;8;1;100;0.1000000000;0.0041258230;72.3234899880;10000;72504.3606554470;4140000;9665;335
train;8;1;100;0.1000000000;0.0074400150;989.4869109270;60000;73493.8475663740;4200000;;
test;8;1;100;0.1000000000;0.0051833200;340.0873665840;60000;73493.8475663740;4200000;59080;920
test;8;1;100;0.1000000000;0.0035283070;90.7331658640;10000;73493.8475663740;4200000;9691;309
train;8;1;100;0.1000000000;0.0121107330;1071.4559248070;60000;74565.3034911810;4260000;;
test;8;1;100;0.1000000000;0.0099910730;384.8077152820;60000;74565.3034911810;4260000;59084;916
test;8;1;100;0.1000000000;0.0044710600;59.0441360160;10000;74565.3034911810;4260000;9696;304
train;8;1;100;0.1000000000;0.0056813400;1078.5990941850;60000;75643.9025853660;4320000;;
test;8;1;100;0.1000000000;0.0041160750;385.0622498040;60000;75643.9025853660;4320000;59088;912
test;8;1;100;0.1000000000;0.0116753760;56.7473874260;10000;75643.9025853660;4320000;9688;312
train;8;1;100;0.1000000000;0.0099176170;1062.0972961200;60000;76705.9998814860;4380000;;
test;8;1;100;0.1000000000;0.0053148560;406.2771329190;60000;76705.9998814860;4380000;59088;912
test;8;1;100;0.1000000000;0.0040193700;66.2736285690;10000;76705.9998814860;4380000;9683;317
train;8;1;100;0.1000000000;0.0081123200;1104.3169798220;60000;77810.3168613080;4440000;;
test;8;1;100;0.1000000000;0.0052167360;380.4900989170;60000;77810.3168613080;4440000;59255;745
test;8;1;100;0.1000000000;0.0042491520;65.0923437520;10000;77810.3168613080;4440000;9701;299
train;8;1;100;0.1000000000;0.0080753210;923.3505436810;60000;78733.6674049890;4500000;;
test;8;1;100;0.1000000000;0.0034995170;354.6924392220;60000;78733.6674049890;4500000;59192;808
test;8;1;100;0.1000000000;0.0045761800;60.8500841750;10000;78733.6674049890;4500000;9675;325
train;8;1;100;0.1000000000;0.0034084370;971.1862234700;60000;79704.8536284590;4560000;;
test;8;1;100;0.1000000000;0.0051464470;325.6966877750;60000;79704.8536284590;4560000;59275;725
test;8;1;100;0.1000000000;0.0043647300;55.4466210560;10000;79704.8536284590;4560000;9710;290
train;8;1;100;0.1000000000;0.0036412200;990.0409657970;60000;80694.8945942560;4620000;;
test;8;1;100;0.1000000000;0.0108557870;358.5323011990;60000;80694.8945942560;4620000;59169;831
test;8;1;100;0.1000000000;0.0066053010;61.1833945230;10000;80694.8945942560;4620000;9697;303
train;8;1;100;0.1000000000;0.0038227530;957.1537442460;60000;81652.0483385020;4680000;;
test;8;1;100;0.1000000000;0.0034148130;369.6801605090;60000;81652.0483385020;4680000;59201;799
test;8;1;100;0.1000000000;0.0041770710;59.0825587120;10000;81652.0483385020;4680000;9694;306
train;8;1;100;0.1000000000;0.0087639590;1246.3987964740;60000;82898.4471349760;4740000;;
test;8;1;100;0.1000000000;0.0036573020;374.4710977290;60000;82898.4471349760;4740000;59180;820
test;8;1;100;0.1000000000;0.0044751830;64.6813536040;10000;82898.4471349760;4740000;9682;318
train;8;1;100;0.1000000000;0.0103556410;978.1452622580;60000;83876.5923972340;4800000;;
test;8;1;100;0.1000000000;0.0033128170;354.3067479250;60000;83876.5923972340;4800000;59299;701
test;8;1;100;0.1000000000;0.0053836450;59.2483654150;10000;83876.5923972340;4800000;9703;297
train;8;1;100;0.1000000000;0.0034519780;1131.1855287390;60000;85007.7779259730;4860000;;
test;8;1;100;0.1000000000;0.0072311080;383.8257507040;60000;85007.7779259730;4860000;59237;763
test;8;1;100;0.1000000000;0.0065976350;67.8936597460;10000;85007.7779259730;4860000;9703;297
train;8;1;100;0.1000000000;0.0053760200;1028.5297401410;60000;86036.3076661140;4920000;;
test;8;1;100;0.1000000000;0.0034835600;374.9811501720;60000;86036.3076661140;4920000;59177;823
test;8;1;100;0.1000000000;0.0042083620;58.9053469500;10000;86036.3076661140;4920000;9684;316
train;8;1;100;0.1000000000;0.0035809720;1072.4820690380;60000;87108.7897351520;4980000;;
test;8;1;100;0.1000000000;0.0128319100;368.9952190850;60000;87108.7897351520;4980000;59250;750
test;8;1;100;0.1000000000;0.0070904890;58.7950319150;10000;87108.7897351520;4980000;9702;298
train;8;1;100;0.1000000000;0.0077904590;1070.6699208820;60000;88179.4596560340;5040000;;
test;8;1;100;0.1000000000;0.0047270890;415.8475575180;60000;88179.4596560340;5040000;59201;799
test;8;1;100;0.1000000000;0.0079637010;61.0398415190;10000;88179.4596560340;5040000;9696;304
train;8;1;100;0.1000000000;0.0053876870;1018.6157312360;60000;89198.0753872700;5100000;;
test;8;1;100;0.1000000000;0.0037113000;361.3644746150;60000;89198.0753872700;5100000;59189;811
test;8;1;100;0.1000000000;0.0039700810;72.5419490970;10000;89198.0753872700;5100000;9693;307
train;8;1;100;0.1000000000;0.4358855800;985.8190665640;60000;90183.8944538340;5160000;;
test;8;1;100;0.1000000000;0.0045695550;388.0231694010;60000;90183.8944538340;5160000;59134;866
test;8;1;100;0.1000000000;0.0038927500;64.3869186160;10000;90183.8944538340;5160000;9681;319
train;8;1;100;0.1000000000;0.0051381130;1147.2424391630;60000;91331.1368929970;5220000;;
test;8;1;100;0.1000000000;0.0034414360;403.1166127510;60000;91331.1368929970;5220000;59361;639
test;8;1;100;0.1000000000;0.0108864930;66.0291692240;10000;91331.1368929970;5220000;9705;295
train;8;1;100;0.1000000000;0.0073811020;1045.0466798690;60000;92376.1835728660;5280000;;
test;8;1;100;0.1000000000;0.0034739770;466.1650936110;60000;92376.1835728660;5280000;59305;695
test;8;1;100;0.1000000000;0.0247556910;65.1194591790;10000;92376.1835728660;5280000;9714;286
train;8;1;100;0.1000000000;0.0098676620;1186.4969388600;60000;93562.6805117260;5340000;;
test;8;1;100;0.1000000000;0.0055833030;398.3026373400;60000;93562.6805117260;5340000;59278;722
test;8;1;100;0.1000000000;0.0035622220;61.9059830060;10000;93562.6805117260;5340000;9701;299
train;8;1;100;0.1000000000;0.0035943050;952.4000332320;60000;94515.0805449580;5400000;;
test;8;1;100;0.1000000000;0.0066150090;379.4707600930;60000;94515.0805449580;5400000;59308;692
test;8;1;100;0.1000000000;0.0034938080;73.0225396450;10000;94515.0805449580;5400000;9695;305
train;8;1;100;0.1000000000;0.0074445150;862.1122610530;60000;95377.1928060110;5460000;;
test;8;1;100;0.1000000000;0.0065251380;396.2322448890;60000;95377.1928060110;5460000;59351;649
test;8;1;100;0.1000000000;0.0075883420;74.6329130420;10000;95377.1928060110;5460000;9706;294
train;8;1;100;0.1000000000;0.0044374350;886.0929397340;60000;96263.2857457450;5520000;;
test;8;1;100;0.1000000000;0.0044948500;398.6351195280;60000;96263.2857457450;5520000;59308;692
test;8;1;100;0.1000000000;0.0034212290;74.2834692200;10000;96263.2857457450;5520000;9696;304
train;8;1;100;0.1000000000;0.0039412890;879.2075414700;60000;97142.4932872150;5580000;;
test;8;1;100;0.1000000000;0.0046808420;373.9787238740;60000;97142.4932872150;5580000;59282;718
test;8;1;100;0.1000000000;0.0044845170;98.2344233830;10000;97142.4932872150;5580000;9705;295
train;8;1;100;0.1000000000;0.0037908380;947.5685883270;60000;98090.0618755420;5640000;;
test;8;1;100;0.1000000000;0.0037202150;458.9505513200;60000;98090.0618755420;5640000;59360;640
test;8;1;100;0.1000000000;0.0077755840;67.2490660920;10000;98090.0618755420;5640000;9697;303
train;8;1;100;0.1000000000;0.0054139360;1049.2232274190;60000;99139.2851029610;5700000;;
test;8;1;100;0.1000000000;0.0054227270;357.0818547270;60000;99139.2851029610;5700000;59086;914
test;8;1;100;0.1000000000;0.0041641140;78.7938008100;10000;99139.2851029610;5700000;9686;314
train;8;1;100;0.1000000000;0.0094470120;879.9424124840;60000;100019.2275154450;5760000;;
test;8;1;100;0.1000000000;0.0035817220;417.7791375050;60000;100019.2275154450;5760000;59439;561
test;8;1;100;0.1000000000;0.0034594770;66.4720599630;10000;100019.2275154450;5760000;9714;286
train;8;1;100;0.1000000000;0.0057339210;927.9213990770;60000;100947.1489145220;5820000;;
test;8;1;100;0.1000000000;0.0043587310;368.3680255410;60000;100947.1489145220;5820000;59199;801
test;8;1;100;0.1000000000;0.0046031370;72.5809319430;10000;100947.1489145220;5820000;9698;302
train;8;1;100;0.1000000000;0.0133057220;869.9862019610;60000;101817.1351164830;5880000;;
test;8;1;100;0.1000000000;0.0036976750;487.1150293060;60000;101817.1351164830;5880000;59440;560
test;8;1;100;0.1000000000;0.0075964250;61.1082553090;10000;101817.1351164830;5880000;9714;286
train;8;1;100;0.1000000000;0.0079990750;913.1916059440;60000;102730.3267224270;5940000;;
test;8;1;100;0.1000000000;0.0038189620;343.6168417890;60000;102730.3267224270;5940000;59156;844
test;8;1;100;0.1000000000;0.0045676800;60.6406926300;10000;102730.3267224270;5940000;9691;309
train;8;1;100;0.1000000000;0.0035786380;957.8115617290;60000;103688.1382841560;6000000;;
test;8;1;100;0.1000000000;0.0037654230;400.2710461370;60000;103688.1382841560;6000000;59329;671
test;8;1;100;0.1000000000;0.0037195070;84.9881322950;10000;103688.1382841560;6000000;9709;291
